0 0.928125 0.896875 0.1125 0.2
3 0.03515625 0.478125 0.0703125 0.10625
2 0.05390625 0.77109375 0.1078125 0.1859375
2 0.08671875 0.6328125 0.1734375 0.2125
0 0.7765625 0.09140625 0.1390625 0.1390625
0 0.45 0.103125 0.15625 0.15625
2 0.3890625 0.221875 0.3203125 0.32109375
2 0.60625 0.503125 0.21875 0.2658203125
3 0.1484375 0.34140625 0.11875 0.11875
1 0.5375 0.89140625 0.075 0.1330078125
3 0.3765625 0.84140625 0.22421875 0.22421875
2 0.3 0.471875 0.3125 0.287890625
3 0.5375 0.2109375 0.1515625 0.1515625
3 0.3796875 0.75546875 0.17890625 0.1791015625
2 0.609375 0.61640625 0.26328125 0.263671875
3 0.296875 0.34453125 0.13125 0.221875
3 0.2203125 0.128125 0.1890625 0.1890625
2 0.06953125 0.8546875 0.1390625 0.1875
1 0.45625 0.76953125 0.09375 0.166796875
2 0.453125 0.8390625 0.221875 0.2220703125
3 0.2984375 0.15859375 0.23828125 0.23828125