3 0.440625 0.178125 0.21875 0.35
1 0.5203125 0.0890625 0.096875 0.171875
0 0.0234375 0.33046875 0.046875 0.228125
3 0.0765625 0.20234375 0.153125 0.2234375
2 0.3640625 0.24453125 0.234375 0.483203125
3 0.6015625 0.14453125 0.21953125 0.2197265625
0 0.06875 0.48515625 0.1375 0.1421875
1 0.7546875 0.20546875 0.0875 0.155078125
3 0.6125 0.8609375 0.190625 0.190625
2 0.9375 0.23515625 0.125 0.2390625
1 0.146875 0.75546875 0.10859375 0.10859375
3 0.3015625 0.121875 0.1796875 0.18046875
0 0.603125 0.48359375 0.11875 0.2109375