1 0.3 0.2140625 0.078125 0.140234375
1 0.021875 0.7578125 0.04375 0.078125
2 0.3625 0.70546875 0.303125 0.5830078125
3 0.4421875 0.221875 0.10625 0.437890625
2 0.5328125 0.60859375 0.2640625 0.2640625
0 0.203125 0.88046875 0.13125 0.2330078125
1 0.6765625 0.60859375 0.06875 0.121875
3 0.690625 0.21640625 0.109375 0.171875
3 0.4453125 0.48359375 0.1609375 0.1609375
2 0.8875 0.21328125 0.225 0.2796875
1 0.1421875 0.6359375 0.071875 0.128125
0 0.075 0.46953125 0.15 0.1734375
0 0.284375 0.7609375 0.125 0.221875
3 0.209375 0.7609375 0.1875 0.1658203125
0 0.21875 0.48046875 0.14765625 0.14765625
3 0.0671875 0.15234375 0.134375 0.1890625
1 0.359375 0.05859375 0.0625 0.1109375