3 0.828125 0.503125 0.08125 0.14453125
0 0.01875 0.33359375 0.0375 0.25
0 0.9140625 0.503125 0.09375 0.16640625
3 0.74375 0.353125 0.196875 0.36640625
2 0.04296875 0.771875 0.0859375 0.24453125
2 0.2765625 0.503125 0.228125 0.23359375
0 0.7625 0.20546875 0.121875 0.21640625
3 0.8234375 0.90546875 0.084375 0.13359375
0 0.6734375 0.7609375 0.1125 0.2
3 0.99921875 0.75 0.0015625 0.271875
2 0.440625 0.34453125 0.153125 0.371875
3 0.4484375 0.478125 0.159375 0.29453125
0 0.0578125 0.2140625 0.115625 0.2609375
2 0.075 0.14140625 0.15 0.278125
0 0.6828125 0.89453125 0.115625 0.20546875
3 0.1265625 0.3390625 0.171875 0.1890625