1 0.9734375 0.47109375 0.053125 0.0765625
3 0.303125 0.20546875 0.15 0.25
1 0.06875 0.075 0.1125 0.1126953125
1 0.4609375 0.503125 0.090625 0.162109375
2 0.0796875 0.62421875 0.159375 0.1703125
1 0.025 0.47421875 0.05 0.0734375
2 0.1640625 0.34140625 0.24921875 0.2490234375
3 0.98671875 0.6359375 0.0265625 0.3658203125
2 0.3203125 0.3359375 0.140625 0.4560546875
2 0.4671875 0.25546875 0.33203125 0.332421875
3 0.6171875 0.153125 0.2359375 0.2359375
2 0.8515625 0.76640625 0.22265625 0.22265625
0 0.15 0.20546875 0.10625 0.1890625
3 0.2296875 0.76640625 0.18125 0.18125
3 0.95390625 0.36328125 0.0921875 0.1328125
0 0.3953125 0.10546875 0.115625 0.205078125
3 0.853125 0.478125 0.0875 0.1439453125
2 0.890625 0.265625 0.21875 0.321875
1 0.93515625 0.19375 0.1296875 0.134375
1 0.6984375 0.08359375 0.12578125 0.12578125
1 0.3890625 0.33046875 0.065625 0.1169921875
2 0.5546875 0.3359375 0.2890625 0.2892578125
3 0.7015625 0.90859375 0.1375 0.155078125
3 0.546875 0.6359375 0.071875 0.2158203125