3 0.2265625 0.753125 0.1984375 0.198046875
1 0.0734375 0.21640625 0.12578125 0.12578125
3 0.0734375 0.746875 0.1390625 0.1390625
2 0.5390625 0.78046875 0.25859375 0.2583984375
3 0.9609375 0.74921875 0.078125 0.1078125
1 0.3765625 0.4859375 0.1 0.1
3 0.3859375 0.78046875 0.115625 0.2048828125
1 0.9296875 0.6140625 0.1171875 0.1171875
3 0.0328125 0.89375 0.065625 0.096875
1 0.7609375 0.63046875 0.078125 0.1390625
1 0.290625 0.496875 0.1171875 0.1171875
1 0.9734375 0.4890625 0.053125 0.171875
2 0.1421875 0.75 0.2453125 0.2453125
2 0.928125 0.103125 0.128125 0.2
0 0.771875 0.49140625 0.20390625 0.20390625
3 0.06171875 0.346875 0.1234375 0.187890625
1 0.53125 0.35546875 0.0625 0.1109375