0 0.05625 0.19609375 0.1125 0.1546875
3 0.1046875 0.2 0.209375 0.3939453125
2 0.4859375 0.49453125 0.271875 0.3548828125
0 0.5640625 0.8859375 0.0875 0.1560546875
2 0.4765625 0.778125 0.2140625 0.2138671875
3 0.55625 0.771875 0.1984375 0.1986328125
2 0.0625 0.85 0.125 0.2939453125
1 0.5578125 0.0859375 0.1296875 0.1298828125
2 0.91875 0.84375 0.1625 0.209375
0 0.95703125 0.3328125 0.0859375 0.1375
1 0.97578125 0.91875 0.0484375 0.084375
2 0.171875 0.2140625 0.215625 0.21484375
0 0.7125 0.621875 0.146875 0.26171875
1 0.97109375 0.21953125 0.0578125 0.0921875
0 0.634375 0.3359375 0.1609375 0.1607421875
0 0.253125 0.6390625 0.134375 0.134375
2 0.3203125 0.6359375 0.43125 0.43125
3 0.6390625 0.746875 0.1453125 0.1453125
0 0.9328125 0.48828125 0.134375 0.1609375
1 0.03046875 0.34921875 0.0609375 0.0765625
0 0.790625 0.90859375 0.134375 0.134375
1 0.48125 0.625 0.096875 0.171875
1 0.8796875 0.6109375 0.1046875 0.1044921875
1 0.98359375 0.48515625 0.0328125 0.0578125
2 0.4796875 0.7890625 0.30625 0.3064453125
2 0.25625 0.803125 0.30625 0.387890625
0 0.6328125 0.2109375 0.15625 0.15625
3 0.7953125 0.1140625 0.15625 0.15625