1 0.0046875 0.76640625 0.009375 0.13359375
1 0.428125 0.35 0.059375 0.10546875
2 0.0125 0.3390625 0.025 0.48359375
0 0.5140625 0.471875 0.14375 0.25546875
2 0.509375 0.771875 0.146875 0.3
3 0.671875 0.7609375 0.178125 0.1
0 0.98984375 0.871875 0.0203125 0.25
0 0.5984375 0.903125 0.096875 0.171875
0 0.121875 0.196875 0.11875 0.2109375
0 0.1296875 0.9 0.1 0.178125
2 0.0203125 0.60859375 0.040625 0.19453125
0 0.5203125 0.61640625 0.1 0.178125
3 0.5875 0.503125 0.184375 0.328125
3 0.190625 0.46953125 0.215625 0.35546875
3 0.19375 0.153125 0.2125 0.3
0 0.35625 0.90546875 0.103125 0.18359375
3 0.00078125 0.0890625 0.0015625 0.171875
2 0.04921875 0.19453125 0.0984375 0.38359375
3 0.4296875 0.1359375 0.1625 0.26640625
3 0.9015625 0.19453125 0.15 0.25546875
0 0.8296875 0.9 0.090625 0.1609375