0 0.9765625 0.34140625 0.046875 0.16640625
1 0.1421875 0.35859375 0.09375 0.16640625
0 0.7703125 0.9140625 0.09375 0.16640625
1 0.3796875 0.346875 0.06875 0.121875
3 0.309375 0.821875 0.1875 0.35
1 0.2171875 0.6109375 0.090625 0.1609375
2 0.2203125 0.24453125 0.25625 0.48359375
1 0.01953125 0.90859375 0.0390625 0.15546875
1 0.7703125 0.35546875 0.0875 0.15546875
3 0.6953125 0.06953125 0.115625 0.0890625
0 0.6890625 0.60859375 0.125 0.221875
0 0.978125 0.20546875 0.04375 0.15546875
1 0.234375 0.76640625 0.084375 0.15
0 0.853125 0.48046875 0.103125 0.18359375
2 0.08046875 0.7609375 0.1609375 0.471875
2 0.6984375 0.246875 0.13125 0.4890625
3 0.91875 0.625 0.09375 0.178125
1 0.91875 0.34140625 0.08125 0.14453125
3 0.4578125 0.20859375 0.08125 0.06640625