2 0.040625 0.1109375 0.08125 0.2158203125
3 0.334375 0.478125 0.1 0.178125
2 0.33125 0.771875 0.103125 0.337890625
2 0.3390625 0.63359375 0.29140625 0.29140625
0 0.8 0.103125 0.15625 0.15625
2 0.7390625 0.221875 0.203125 0.437890625
3 0.1828125 0.346875 0.11875 0.11875
1 0.0359375 0.49609375 0.071875 0.0890625
0 0.115625 0.3359375 0.125 0.125390625
2 0.9234375 0.503125 0.153125 0.2658203125
3 0.4984375 0.34140625 0.0875 0.15
1 0.8875 0.89140625 0.10390625 0.1041015625
3 0.7265625 0.84140625 0.1375 0.3109375
2 0.65 0.471875 0.3 0.300390625
3 0.8875 0.2109375 0.153125 0.15
3 0.7296875 0.75546875 0.17890625 0.179296875
0 0.028125 0.88828125 0.05625 0.1109375
2 0.90625 0.615625 0.1875 0.234375
3 0.646875 0.34453125 0.1765625 0.1765625
3 0.5703125 0.128125 0.1890625 0.1890625
2 0.334375 0.85546875 0.24921875 0.2494140625
1 0.80625 0.76953125 0.13046875 0.1302734375
2 0.803125 0.8390625 0.221875 0.222265625
3 0.6484375 0.15859375 0.165625 0.3109375