0 0.94765625 0.621875 0.1046875 0.2341796875
0 0.6390625 0.128125 0.140625 0.25
0 0.953125 0.3609375 0.090625 0.159765625
3 0.5 0.1109375 0.190625 0.1908203125
1 0.1046875 0.35546875 0.09375 0.1669921875
2 0.14140625 0.3046875 0.2828125 0.375
0 0.965625 0.1078125 0.06875 0.115625
1 0.3359375 0.7640625 0.125 0.125390625
3 0.403125 0.35859375 0.08203125 0.0822265625
2 0.8015625 0.625 0.353125 0.353515625
0 0.721875 0.21953125 0.15625 0.15625
0 0.046875 0.2078125 0.09375 0.125
2 0.2625 0.225 0.24375 0.3939453125
3 0.878125 0.20546875 0.23828125 0.2384765625
3 0.575 0.09453125 0.13359375 0.1337890625
1 0.65 0.63359375 0.090625 0.1609375
1 0.7171875 0.896875 0.1125 0.1126953125