3 0.665625 0.36640625 0.31875 0.728125
2 0.2765625 0.225 0.125 0.44453125
2 0.13046875 0.496875 0.2609375 0.328125
2 0.8875 0.16953125 0.225 0.33359375
2 0.02421875 0.73359375 0.0484375 0.528125
2 0.51875 0.76640625 0.121875 0.3890625
3 0.4296875 0.46953125 0.25 0.33359375
0 0.1234375 0.746875 0.1375 0.24453125
0 0.3484375 0.20546875 0.0875 0.15546875
3 0.00078125 0.4890625 0.0015625 0.16640625
0 0.3546875 0.3359375 0.13125 0.23359375
0 0.009375 0.621875 0.01875 0.1609375
0 0.0484375 0.0859375 0.09375 0.16640625
1 0.5953125 0.21640625 0.08125 0.14453125
3 0.275 0.61953125 0.140625 0.1
3 0.1203125 0.1359375 0.075 0.26640625
3 0.434375 0.18046875 0.2 0.35546875
3 0.05703125 0.4859375 0.1140625 0.1390625
1 0.671875 0.475 0.06875 0.121875
2 0.7515625 0.2140625 0.14375 0.29453125
2 0.015625 0.34453125 0.03125 0.178125
3 0.0453125 0.6359375 0.084375 0.1609375
0 0.275 0.0890625 0.096875 0.171875
2 0.3546875 0.8859375 0.125 0.2109375