0 0.2265625 0.771875 0.11875 0.2109375
2 0.96640625 0.496875 0.0671875 0.378125
1 0.06875 0.34140625 0.08125 0.14453125
2 0.9765625 0.88046875 0.046875 0.23359375
2 0.9828125 0.35 0.034375 0.478125
1 0.4625 0.90546875 0.09375 0.16640625
0 0.6125 0.8859375 0.096875 0.171875
0 0.1546875 0.103125 0.1125 0.2
2 0.4640625 0.48046875 0.203125 0.48359375
2 0.4609375 0.1109375 0.240625 0.21640625
2 0.3859375 0.61640625 0.171875 0.228125
2 0.96171875 0.36953125 0.0765625 0.73359375
0 0.46875 0.196875 0.1375 0.24453125
0 0.6859375 0.8890625 0.11875 0.2109375
3 0.6953125 0.34453125 0.053125 0.14453125
2 0.15078125 0.71640625 0.3015625 0.5609375
0 0.0734375 0.0890625 0.096875 0.171875
2 0.21875 0.2140625 0.178125 0.3109375
1 0.02109375 0.2 0.0421875 0.15
3 0.6125 0.775 0.190625 0.3390625
2 0.85625 0.49140625 0.11875 0.4109375
3 0.9703125 0.75546875 0.059375 0.14453125