1 0.584375 0.76640625 0.075 0.1330078125
2 0.1921875 0.63359375 0.27734375 0.276953125
2 0.1953125 0.14453125 0.26328125 0.2634765625
2 0.03984375 0.775 0.0796875 0.221875
2 0.5703125 0.3390625 0.134375 0.483984375
3 0.184375 0.7640625 0.109375 0.1841796875
3 0.115625 0.21640625 0.23125 0.4109375
0 0.040625 0.7578125 0.08125 0.140625
0 0.734375 0.196875 0.165625 0.165234375
0 0.7421875 0.9 0.1390625 0.1390625
2 0.575 0.60859375 0.17578125 0.1755859375
3 0.803125 0.46953125 0.215625 0.3548828125
0 0.415625 0.871875 0.140625 0.25
3 0.80625 0.153125 0.25625 0.25625
0 0.25625 0.353125 0.13125 0.2341796875
0 0.271875 0.503125 0.121875 0.2158203125
0 0.94609375 0.9046875 0.1078125 0.134375
3 0.5765625 0.0890625 0.1234375 0.1234375
2 0.6609375 0.19453125 0.1 0.3830078125
3 0.9515625 0.13515625 0.096875 0.1515625
2 0.490625 0.675 0.40625 0.4064453125
0 0.43125 0.60859375 0.146875 0.2609375