0 0.92734375 0.7546875 0.1453125 0.184375
1 0.8125 0.3390625 0.090625 0.16015625
0 0.7265625 0.13046875 0.19921875 0.1994140625
3 0.8015625 0.2359375 0.35625 0.3564453125
1 0.728125 0.76640625 0.0875 0.1548828125
2 0.003125 0.14140625 0.00625 0.278125
2 0.9515625 0.46953125 0.096875 0.4
3 0.00703125 0.11640625 0.0140625 0.228125
0 0.884375 0.75 0.1296875 0.1298828125
0 0.94375 0.20234375 0.1125 0.1390625
3 0.5703125 0.4890625 0.15 0.149609375
2 0.87421875 0.840625 0.2515625 0.271875
3 0.7234375 0.9 0.090625 0.16171875