1 0.603125 0.621875 0.1046875 0.1044921875
1 0.1375 0.20859375 0.0625 0.1109375
2 0.05703125 0.61953125 0.1140625 0.1671875
1 0.6 0.0859375 0.059375 0.105859375
0 0.90859375 0.8796875 0.1828125 0.18125
3 0.946875 0.49375 0.10625 0.1375
2 0.4390625 0.6140625 0.1609375 0.160546875
0 0.6703125 0.196875 0.1515625 0.1517578125
1 0.75 0.21640625 0.08125 0.1451171875
2 0.05078125 0.77109375 0.1015625 0.1234375
2 0.278125 0.6140625 0.2125 0.212109375
3 0.6796875 0.33359375 0.11875 0.194921875
0 0.121875 0.75 0.1859375 0.186328125
3 0.96484375 0.75234375 0.0703125 0.0921875
0 0.359375 0.3640625 0.125 0.125390625
0 0.6734375 0.625 0.15625 0.15625
1 0.5125 0.8859375 0.109375 0.108984375