0 0.05546875 0.771875 0.1109375 0.212109375
2 0.86171875 0.49609375 0.2765625 0.3109375
2 0.83125 0.88046875 0.10625 0.233203125
2 0.86171875 0.35 0.2765625 0.34375
1 0.2875 0.90546875 0.13046875 0.130078125
0 0.4375 0.8859375 0.134375 0.134375
0 0.03828125 0.10234375 0.0765625 0.1171875
2 0.2890625 0.48046875 0.34296875 0.343359375
2 0.2859375 0.1109375 0.240625 0.2158203125
2 0.2109375 0.61640625 0.171875 0.228125
2 0.8359375 0.36953125 0.175 0.733203125
0 0.29375 0.196875 0.190625 0.1908203125
0 0.5109375 0.8890625 0.1640625 0.16484375
3 0.5203125 0.34453125 0.09921875 0.0990234375
2 0.1171875 0.715625 0.234375 0.34375
2 0.06640625 0.2140625 0.1328125 0.309765625
3 0.4375 0.775 0.190625 0.337890625
2 0.68125 0.49140625 0.26484375 0.26484375
2 0.896875 0.640625 0.20625 0.234375
3 0.83125 0.75546875 0.13828125 0.1380859375