0 0.45 0.19140625 0.0875 0.15546875
2 0.0796875 0.2 0.159375 0.33359375
3 0.915625 0.20546875 0.15 0.25
1 0.68125 0.075 0.08125 0.14453125
0 0.4515625 0.48046875 0.128125 0.228125
2 0.684375 0.625 0.159375 0.1890625
1 0.6046875 0.475 0.06875 0.121875
2 0.29375 0.275 0.26875 0.54453125
2 0.7765625 0.34140625 0.203125 0.29453125
2 0.93125 0.3359375 0.1375 0.45546875
1 0.3734375 0.196875 0.09375 0.16640625
0 0.01953125 0.1109375 0.0390625 0.21640625
0 0.7625 0.20546875 0.10625 0.1890625
3 0.8421875 0.76640625 0.2125 0.15
0 0.975 0.10546875 0.05 0.20546875
1 0.01171875 0.625 0.0234375 0.10546875
3 0.1375 0.9140625 0.134375 0.121875
2 0.3 0.8859375 0.23125 0.15
0 0.228125 0.778125 0.1 0.178125
2 0.2171875 0.21953125 0.146875 0.2390625
1 0.984375 0.33046875 0.03125 0.11640625
1 0.0125 0.2 0.025 0.1109375
1 0.0203125 0.903125 0.040625 0.15546875