3 0.3578125 0.753125 0.1125 0.2841796875
1 0.2046875 0.21640625 0.090625 0.1609375
3 0.2046875 0.746875 0.1390625 0.1390625
2 0.6703125 0.78046875 0.25859375 0.2583984375
1 0.5078125 0.4859375 0.1 0.1
3 0.5171875 0.78046875 0.16015625 0.160546875
0 0.04375 0.34375 0.0875 0.146875
3 0.125 0.89453125 0.0875 0.1548828125
1 0.8921875 0.63046875 0.10859375 0.10859375
1 0.421875 0.496875 0.1171875 0.1171875
2 0.2734375 0.75 0.2453125 0.2453125
2 0.97265625 0.10234375 0.0546875 0.1015625
0 0.9 0.490625 0.2 0.203125
3 0.12734375 0.346875 0.2546875 0.18828125
1 0.04140625 0.61875 0.0828125 0.0875
1 0.6625 0.35546875 0.08671875 0.08671875