2 0.7671875 0.19140625 0.24296875 0.2431640625
3 0.1453125 0.128125 0.05 0.25
0 0.446875 0.6109375 0.2 0.1998046875
1 0.0703125 0.628125 0.1265625 0.12578125
1 0.9234375 0.628125 0.1296875 0.1298828125
3 0.5421875 0.75859375 0.1375 0.1375
0 0.7671875 0.63046875 0.16015625 0.1603515625
0 0.7734375 0.09140625 0.1 0.178125
0 0.0640625 0.13046875 0.128125 0.2548828125
3 0.453125 0.19453125 0.209375 0.3830078125
2 0.07109375 0.64140625 0.1421875 0.2546875
3 0.91171875 0.79609375 0.1765625 0.2515625
2 0.1 0.83828125 0.2 0.2390625
1 0.5359375 0.33046875 0.09140625 0.0912109375
2 0.6828125 0.3609375 0.203125 0.20390625
3 0.68125 0.88046875 0.17734375 0.177734375
1 0.065625 0.35859375 0.09140625 0.0912109375