0 0.4015625 0.76953125 0.090625 0.1609375
3 0.97578125 0.346875 0.0484375 0.29453125
1 0.096875 0.0640625 0.065625 0.11640625
2 0.7984375 0.3390625 0.128125 0.55
0 0.4859375 0.203125 0.128125 0.228125
3 0.6421875 0.8859375 0.109375 0.221875
1 0.02109375 0.896875 0.0421875 0.121875
0 0.5671875 0.34453125 0.115625 0.20546875
3 0.8 0.46953125 0.234375 0.421875
1 0.728125 0.21953125 0.0875 0.15546875
3 0.1796875 0.496875 0.11875 0.2109375
3 0.7890625 0.6359375 0.146875 0.2
1 0.6328125 0.625 0.09375 0.16640625
2 0.02265625 0.775 0.0453125 0.321875
3 0.04453125 0.6140625 0.0890625 0.178125
1 0.953125 0.4890625 0.0625 0.1109375
0 0.478125 0.4859375 0.096875 0.171875
0 0.64375 0.34140625 0.13125 0.23359375
1 0.7265625 0.771875 0.071875 0.128125