3 0.578125 0.36640625 0.31875 0.728125
2 0.1890625 0.225 0.284375 0.2845703125
2 0.10546875 0.49609375 0.2109375 0.2515625
2 0.8109375 0.16953125 0.28984375 0.2900390625
2 0.43125 0.76640625 0.25546875 0.25546875
3 0.3421875 0.46953125 0.29140625 0.291796875
0 0.06953125 0.74609375 0.1390625 0.1734375
0 0.2609375 0.20546875 0.12109375 0.1212890625
0 0.2671875 0.3359375 0.13125 0.233984375
0 0.0234375 0.08515625 0.046875 0.0859375
1 0.5078125 0.21640625 0.11328125 0.1130859375
3 0.1875 0.61953125 0.1203125 0.1203125
3 0.03515625 0.1359375 0.0703125 0.2658203125
3 0.346875 0.18046875 0.2 0.3548828125
3 0.02734375 0.48515625 0.0546875 0.0828125
1 0.584375 0.475 0.06875 0.121875
2 0.6640625 0.2140625 0.14375 0.2939453125
0 0.1875 0.0890625 0.096875 0.171875
2 0.2671875 0.8859375 0.125 0.209765625
2 0.97265625 0.34140625 0.0546875 0.478125