3 0.203125 0.478125 0.1 0.178125
2 0.2 0.771875 0.103125 0.3390625
2 0.2078125 0.63359375 0.29375 0.2890625
0 0.97265625 0.09140625 0.0546875 0.178125
0 0.66875 0.103125 0.1125 0.2
2 0.6078125 0.221875 0.203125 0.4390625
3 0.0515625 0.346875 0.0875 0.15
0 0.01484375 0.3359375 0.0296875 0.1609375
2 0.825 0.503125 0.21875 0.26640625
3 0.3671875 0.34140625 0.0875 0.15
1 0.75625 0.89140625 0.075 0.13359375
3 0.5953125 0.84140625 0.1375 0.3109375
2 0.51875 0.471875 0.3125 0.2890625
3 0.75625 0.2109375 0.153125 0.15
3 0.5984375 0.75546875 0.125 0.23359375
2 0.828125 0.61640625 0.19375 0.33359375
3 0.515625 0.34453125 0.13125 0.221875
3 0.4390625 0.128125 0.128125 0.25
2 0.203125 0.85546875 0.215625 0.28359375
1 0.675 0.76953125 0.09375 0.16640625
2 0.671875 0.8390625 0.128125 0.31640625
3 0.5171875 0.15859375 0.165625 0.3109375