2 0.7234375 0.19140625 0.24296875 0.243359375
3 0.1015625 0.128125 0.15 0.15
0 0.403125 0.6109375 0.2 0.1998046875
1 0.046875 0.62734375 0.09375 0.1171875
1 0.8796875 0.628125 0.09375 0.1658203125
3 0.4984375 0.75859375 0.1375 0.1375
0 0.7234375 0.63046875 0.115625 0.2048828125
0 0.7296875 0.09140625 0.1 0.178125
0 0.06328125 0.1296875 0.1265625 0.16875
3 0.409375 0.19453125 0.29609375 0.296484375
3 0.92734375 0.796875 0.1453125 0.4
2 0.08359375 0.83828125 0.1671875 0.2171875
1 0.4921875 0.33046875 0.09140625 0.0912109375
2 0.6390625 0.3609375 0.096875 0.309765625
3 0.6375 0.88046875 0.17734375 0.1775390625
1 0.02734375 0.35859375 0.0546875 0.1169921875