2 0.95390625 0.190625 0.0921875 0.15625
3 0.4515625 0.128125 0.15 0.15
0 0.753125 0.6109375 0.2 0.1998046875
1 0.3765625 0.628125 0.090625 0.16171875
3 0.8484375 0.75859375 0.1375 0.1375
0 0.2109375 0.88046875 0.18203125 0.1822265625
1 0.02734375 0.48828125 0.0546875 0.0828125
0 0.13125 0.78046875 0.11875 0.2109375
0 0.3625 0.13046875 0.14375 0.2548828125
3 0.759375 0.19453125 0.29609375 0.2962890625
2 0.215625 0.64140625 0.3609375 0.3609375
2 0.38125 0.8390625 0.175 0.316015625
1 0.8421875 0.33046875 0.09140625 0.0912109375
2 0.9390625 0.36015625 0.121875 0.1859375
3 0.96328125 0.88046875 0.0734375 0.2330078125
0 0.02421875 0.6140625 0.0484375 0.228125
1 0.371875 0.35859375 0.09140625 0.0912109375
1 0.1390625 0.08046875 0.08671875 0.08671875