3 0.93203125 0.75234375 0.1359375 0.1859375
1 0.8171875 0.21640625 0.090625 0.1609375
3 0.8171875 0.746875 0.078125 0.2
0 0.35 0.875 0.190625 0.191015625
0 0.5703125 0.34453125 0.20390625 0.20390625
0 0.3421875 0.08359375 0.090625 0.1609375
1 0.184375 0.475 0.1046875 0.104296875
0 0.4171875 0.353125 0.1125 0.2
0 0.2671875 0.771875 0.190625 0.1908203125
3 0.7375 0.89453125 0.12109375 0.1212890625
1 0.99609375 0.496875 0.0078125 0.15
1 0.3328125 0.61640625 0.09140625 0.0912109375
2 0.8859375 0.75 0.190625 0.3
3 0.7375 0.346875 0.2234375 0.22421875
1 0.653125 0.61953125 0.08671875 0.08671875