1 0.734375 0.621875 0.1046875 0.104296875
1 0.26875 0.20859375 0.08671875 0.08671875
2 0.10625 0.61953125 0.2125 0.2328125
1 0.73125 0.0859375 0.0828125 0.0826171875
0 0.9875 0.88046875 0.025 0.2330078125
2 0.5703125 0.6140625 0.1609375 0.1607421875
0 0.8015625 0.196875 0.1515625 0.1517578125
1 0.88125 0.21640625 0.11328125 0.112890625
2 0.171875 0.771875 0.121875 0.1220703125
2 0.409375 0.6140625 0.2125 0.21171875
3 0.8109375 0.33359375 0.15703125 0.1568359375
0 0.253125 0.75 0.1859375 0.18671875
0 0.0609375 0.36328125 0.121875 0.1578125
0 0.490625 0.3640625 0.090625 0.159765625
0 0.8046875 0.625 0.15625 0.15625
1 0.64375 0.8859375 0.078125 0.140234375