2 0.9671875 0.1109375 0.065625 0.21640625
2 0.09140625 0.78046875 0.1828125 0.26640625
3 0.515625 0.75 0.084375 0.171875
1 0.975 0.496875 0.05 0.121875
3 0.825 0.46953125 0.071875 0.18359375
1 0.4484375 0.6140625 0.084375 0.15
1 0.2796875 0.63046875 0.078125 0.1390625
0 0.6703125 0.621875 0.109375 0.19453125
1 0.8390625 0.63046875 0.084375 0.15
1 0.746875 0.3609375 0.096875 0.171875
0 0.9046875 0.8890625 0.121875 0.21640625
1 0.7546875 0.19140625 0.075 0.13359375
1 0.5140625 0.4890625 0.096875 0.171875
2 0.446875 0.103125 0.128125 0.2
3 0.678125 0.35546875 0.19375 0.36640625
0 0.290625 0.49140625 0.146875 0.2609375
1 0.05 0.35546875 0.0625 0.1109375