3 0.621875 0.36640625 0.5234375 0.5234375
2 0.2328125 0.225 0.125 0.4439453125
2 0.121875 0.49609375 0.24375 0.2734375
2 0.8546875 0.16953125 0.28984375 0.290234375
2 0.0671875 0.7328125 0.134375 0.265625
2 0.475 0.76640625 0.121875 0.3890625
3 0.3859375 0.46953125 0.25 0.3330078125
0 0.0796875 0.746875 0.1375 0.2439453125
0 0.3046875 0.20546875 0.12109375 0.1212890625
0 0.3109375 0.3359375 0.1828125 0.1826171875
0 0.03984375 0.08515625 0.0796875 0.1078125
1 0.5515625 0.21640625 0.08125 0.144921875
3 0.23125 0.61953125 0.1203125 0.1203125
3 0.08046875 0.13515625 0.1609375 0.1703125
3 0.390625 0.18046875 0.27734375 0.2775390625
3 0.03515625 0.4859375 0.0703125 0.13984375
1 0.628125 0.475 0.0953125 0.0953125
2 0.7078125 0.2140625 0.21875 0.2189453125
3 0.021875 0.6359375 0.04375 0.159765625
0 0.23125 0.0890625 0.134375 0.134375
2 0.3109375 0.8859375 0.1671875 0.16796875
2 0.9359375 0.340625 0.128125 0.24375