3 0.740625 0.503125 0.1125 0.1126953125
0 0.8265625 0.503125 0.1296875 0.130078125
3 0.65625 0.353125 0.28125 0.2814453125
2 0.1890625 0.503125 0.228125 0.233984375
0 0.675 0.20546875 0.16953125 0.1693359375
3 0.7359375 0.90546875 0.10859375 0.1087890625
0 0.5859375 0.7609375 0.15625 0.15625
3 0.93203125 0.74921875 0.1359375 0.1796875
2 0.353125 0.34453125 0.2625 0.2625
3 0.3609375 0.478125 0.159375 0.2939453125
0 0.0140625 0.2140625 0.028125 0.259765625
2 0.0578125 0.14140625 0.115625 0.1703125
0 0.5953125 0.89453125 0.16015625 0.160546875
3 0.96640625 0.49140625 0.0671875 0.1548828125
3 0.0703125 0.33828125 0.140625 0.1578125