0 0.6984375 0.621875 0.1828125 0.1826171875
0 0.3765625 0.128125 0.1953125 0.1953125
0 0.690625 0.3609375 0.125 0.12578125
3 0.2375 0.1109375 0.165625 0.216015625
0 0.92109375 0.3296875 0.1578125 0.184375
0 0.7765625 0.10859375 0.16484375 0.16484375
2 0.92734375 0.36328125 0.1453125 0.1734375
1 0.0734375 0.7640625 0.125 0.125390625
3 0.140625 0.35859375 0.08203125 0.082421875
2 0.5390625 0.625 0.353125 0.3533203125
0 0.459375 0.21953125 0.15625 0.15625
2 0.0609375 0.225 0.121875 0.3939453125
3 0.615625 0.20546875 0.071875 0.4048828125
3 0.3125 0.09453125 0.13359375 0.1337890625
1 0.3875 0.63359375 0.12578125 0.12578125
1 0.4546875 0.896875 0.1125 0.1126953125