1 0.959375 0.22421875 0.08125 0.0984375
2 0.11328125 0.49375 0.2265625 0.26875
0 0.1265625 0.8859375 0.121875 0.1216796875
2 0.07890625 0.77734375 0.1578125 0.1890625
3 0.11875 0.771875 0.1984375 0.1986328125
3 0.74375 0.20859375 0.25625 0.25625
1 0.1203125 0.0859375 0.09375 0.1658203125
2 0.509375 0.84453125 0.21328125 0.2134765625
0 0.5984375 0.33359375 0.19140625 0.191015625
1 0.59375 0.91953125 0.12109375 0.1212890625
0 0.275 0.621875 0.146875 0.262109375
0 0.6765625 0.496875 0.14375 0.255859375
1 0.584375 0.21953125 0.12578125 0.12578125
0 0.196875 0.3359375 0.115625 0.2060546875
2 0.08203125 0.6359375 0.1640625 0.3
3 0.2015625 0.746875 0.1453125 0.1453125
0 0.5171875 0.4890625 0.16875 0.1689453125
2 0.678125 0.16640625 0.234375 0.234375
0 0.353125 0.90859375 0.134375 0.134375
1 0.75 0.35 0.0953125 0.0953125
1 0.04609375 0.625 0.0921875 0.171875
1 0.4421875 0.6109375 0.1046875 0.1044921875
1 0.584375 0.4859375 0.0828125 0.0826171875
2 0.0703125 0.7890625 0.140625 0.4158203125
0 0.1953125 0.2109375 0.15625 0.15625
3 0.3578125 0.1140625 0.15625 0.15625
2 0.834375 0.4859375 0.1875 0.521875