3 0.8671875 0.771875 0.1765625 0.1765625
0 0.7125 0.88359375 0.178125 0.178125
1 0.8734375 0.475 0.1296875 0.1298828125
3 0.3171875 0.4859375 0.225 0.2248046875
1 0.95 0.4890625 0.078125 0.13984375
1 0.2359375 0.903125 0.1171875 0.1171875
1 0.0828125 0.478125 0.1078125 0.108203125
2 0.325 0.20859375 0.1578125 0.1578125
0 0.7078125 0.1140625 0.1734375 0.1734375
3 0.5609375 0.9 0.0640625 0.0640625
3 0.03515625 0.6328125 0.0703125 0.096875
3 0.5484375 0.60859375 0.175 0.1109375
0 0.94140625 0.6140625 0.1171875 0.228125
3 0.1609375 0.34140625 0.11171875 0.11171875