3 0.565625 0.503125 0.1125 0.1126953125
0 0.6515625 0.503125 0.09375 0.1658203125
3 0.48125 0.353125 0.28125 0.2814453125
2 0.07734375 0.50234375 0.1546875 0.1796875
0 0.96015625 0.11015625 0.0796875 0.1234375
0 0.5 0.20546875 0.16953125 0.1693359375
3 0.5609375 0.90546875 0.10859375 0.1087890625
0 0.4109375 0.7609375 0.15625 0.15625
3 0.8 0.75 0.2 0.2
2 0.178125 0.34453125 0.2625 0.2625
3 0.1859375 0.478125 0.2265625 0.2267578125
0 0.4203125 0.89453125 0.16015625 0.1603515625
3 0.8015625 0.49140625 0.12109375 0.1212890625
2 0.9390625 0.615625 0.121875 0.13125