1 0.3046875 0.49453125 0.13046875 0.130078125
3 0.075 0.2078125 0.15 0.171875
1 0.0703125 0.49140625 0.065625 0.116796875
2 0.1484375 0.228125 0.11875 0.45
1 0.96953125 0.77421875 0.0609375 0.0796875
0 0.6125 0.503125 0.103125 0.1841796875
3 0.9140625 0.6390625 0.16875 0.169140625
3 0.3015625 0.08359375 0.12734375 0.12734375
1 0.009375 0.775 0.01875 0.144140625
3 0.525 0.771875 0.1015625 0.101953125
2 0.453125 0.75546875 0.23046875 0.23046875
3 0.95078125 0.2140625 0.0984375 0.35
0 0.2875 0.225 0.134375 0.134375
1 0.971875 0.61875 0.05625 0.075
3 0.6921875 0.19140625 0.19765625 0.1978515625
1 0.1359375 0.61953125 0.12109375 0.121484375
2 0.528125 0.228125 0.2953125 0.2953125