2 0.6859375 0.496875 0.29375 0.378125
2 0.92265625 0.2 0.1546875 0.2390625
2 0.6125 0.88046875 0.10625 0.23359375
2 0.696875 0.35 0.25 0.478125
1 0.06875 0.90546875 0.09375 0.16640625
0 0.21875 0.8859375 0.096875 0.171875
2 0.0859375 0.48046875 0.171875 0.48359375
2 0.09375 0.1109375 0.1875 0.21640625
2 0.0390625 0.61640625 0.078125 0.228125
2 0.93125 0.80546875 0.1375 0.38359375
2 0.6171875 0.36953125 0.175 0.73359375
0 0.075 0.196875 0.1375 0.24453125
0 0.96953125 0.35 0.0609375 0.228125
0 0.2921875 0.8890625 0.11875 0.2109375
3 0.3015625 0.34453125 0.053125 0.14453125
3 0.21875 0.775 0.190625 0.3390625
2 0.4625 0.49140625 0.11875 0.4109375
3 0.91875 0.48046875 0.159375 0.271875
2 0.6921875 0.64140625 0.128125 0.3390625
3 0.6125 0.75546875 0.13125 0.14453125