3 0.7359375 0.771875 0.13125 0.221875
0 0.58125 0.88359375 0.178125 0.178125
1 0.7421875 0.475 0.1296875 0.1298828125
0 0.98828125 0.88046875 0.0234375 0.2330078125
3 0.1859375 0.4859375 0.225 0.224609375
1 0.81875 0.4890625 0.109375 0.108984375
1 0.1046875 0.903125 0.084375 0.15
2 0.19375 0.20859375 0.1578125 0.1578125
0 0.9515625 0.78046875 0.096875 0.2109375
0 0.5765625 0.1140625 0.1734375 0.1734375
3 0.4296875 0.9 0.0640625 0.0640625
2 0.91171875 0.64140625 0.1765625 0.2765625
3 0.4171875 0.60859375 0.14296875 0.14296875
0 0.815625 0.6140625 0.128125 0.228125
3 0.0359375 0.34140625 0.071875 0.1390625
1 0.96953125 0.08046875 0.0609375 0.1109375