1 0.834375 0.471875 0.071875 0.128125
3 0.128125 0.20546875 0.15 0.25
1 0.2859375 0.503125 0.090625 0.1609375
2 0.0453125 0.34140625 0.090625 0.29453125
3 0.89921875 0.6359375 0.2015625 0.36640625
2 0.1453125 0.3359375 0.140625 0.45546875
3 0.97734375 0.35546875 0.0453125 0.1390625
2 0.2921875 0.25546875 0.159375 0.50546875
3 0.4421875 0.153125 0.171875 0.3
2 0.6765625 0.76640625 0.134375 0.3109375
0 0.0140625 0.20546875 0.028125 0.1890625
3 0.08046875 0.76640625 0.1609375 0.15
3 0.84375 0.3640625 0.14375 0.2109375
0 0.2203125 0.10546875 0.115625 0.20546875
2 0.91875 0.86640625 0.128125 0.2609375
3 0.678125 0.478125 0.0875 0.14453125
2 0.8453125 0.26640625 0.271875 0.528125
1 0.9265625 0.771875 0.06875 0.121875
1 0.7625 0.19453125 0.096875 0.171875
1 0.5234375 0.08359375 0.090625 0.1609375
1 0.2140625 0.33046875 0.065625 0.11640625
2 0.3796875 0.3359375 0.134375 0.44453125
3 0.5265625 0.90859375 0.1375 0.15546875
3 0.371875 0.6359375 0.071875 0.21640625