0 0.7109375 0.33359375 0.1953125 0.1953125
0 0.0921875 0.76640625 0.090625 0.1609375
0 0.3203125 0.09140625 0.1390625 0.1390625
3 0.5625 0.8859375 0.190625 0.221875
2 0.7859375 0.771875 0.165625 0.166015625
2 0.5671875 0.478125 0.228125 0.227734375
3 0.0953125 0.63046875 0.075 0.166796875
2 0.93515625 0.50234375 0.1296875 0.1640625
2 0.63125 0.76953125 0.109375 0.228125
0 0.553125 0.08359375 0.12578125 0.12578125
3 0.2375 0.33359375 0.20546875 0.20546875
2 0.4734375 0.33046875 0.11953125 0.11953125
2 0.2515625 0.6359375 0.13125 0.590234375
3 0.634375 0.20546875 0.2140625 0.2140625
3 0.4046875 0.771875 0.2625 0.262890625
0 0.4015625 0.103125 0.1125 0.2
3 0.3234375 0.6359375 0.1640625 0.1640625
0 0.7859375 0.2140625 0.203125 0.203515625
2 0.7953125 0.14140625 0.2375 0.2375
3 0.4796875 0.64140625 0.18515625 0.1849609375
3 0.8703125 0.3390625 0.18125 0.180859375