1 0.2609375 0.49453125 0.09375 0.16640625
3 0.0421875 0.20859375 0.084375 0.21640625
1 0.0296875 0.49140625 0.059375 0.11640625
2 0.1046875 0.228125 0.11875 0.45
1 0.946875 0.775 0.065625 0.11640625
0 0.56875 0.503125 0.103125 0.18359375
3 0.8703125 0.6390625 0.121875 0.21640625
3 0.2578125 0.08359375 0.09375 0.1609375
3 0.48125 0.771875 0.0375 0.16640625
2 0.409375 0.75546875 0.1 0.3609375
3 0.92890625 0.2140625 0.1421875 0.35
0 0.24375 0.225 0.096875 0.171875
1 0.953125 0.61953125 0.065625 0.11640625
3 0.6484375 0.19140625 0.140625 0.25546875
1 0.0921875 0.61953125 0.0875 0.15546875
2 0.484375 0.228125 0.140625 0.45