0 0.03984375 0.19609375 0.0796875 0.1328125
3 0.1109375 0.19921875 0.221875 0.2796875
2 0.4421875 0.49453125 0.31328125 0.3134765625
0 0.5203125 0.8859375 0.121875 0.1216796875
2 0.4328125 0.778125 0.2140625 0.2138671875
3 0.5125 0.771875 0.153125 0.244140625
2 0.0671875 0.84921875 0.134375 0.1890625
3 0.96875 0.2078125 0.0625 0.115625
1 0.5140625 0.0859375 0.1296875 0.1298828125
2 0.89765625 0.84375 0.2046875 0.2125
0 0.96171875 0.33359375 0.0765625 0.2451171875
1 0.959375 0.91875 0.08125 0.10625
2 0.128125 0.2140625 0.215625 0.215234375
0 0.66875 0.621875 0.146875 0.262109375
0 0.99921875 0.496875 0.0015625 0.2560546875
1 0.9546875 0.21953125 0.090625 0.1140625
0 0.590625 0.3359375 0.115625 0.2060546875
0 0.209375 0.6390625 0.096875 0.171875
2 0.2765625 0.6359375 0.43125 0.43125
3 0.5953125 0.746875 0.1453125 0.1453125
0 0.9109375 0.4890625 0.16875 0.169140625
0 0.746875 0.90859375 0.134375 0.134375
1 0.4375 0.625 0.134375 0.134375
1 0.8359375 0.6109375 0.075 0.1341796875
1 0.97421875 0.4859375 0.0515625 0.105859375
2 0.4359375 0.7890625 0.30625 0.3064453125
2 0.2125 0.803125 0.346875 0.347265625
0 0.5890625 0.2109375 0.15625 0.15625
3 0.7515625 0.1140625 0.15625 0.15625