1 0.5671875 0.49453125 0.09375 0.16640625
3 0.3265625 0.20859375 0.128125 0.21640625
1 0.3328125 0.49140625 0.065625 0.11640625
2 0.4109375 0.228125 0.11875 0.45
0 0.875 0.503125 0.103125 0.18359375
3 0.5640625 0.08359375 0.09375 0.1609375
1 0.240625 0.775 0.08125 0.14453125
3 0.7875 0.771875 0.0375 0.16640625
2 0.715625 0.75546875 0.1 0.3609375
0 0.55 0.225 0.096875 0.171875
3 0.9421875 0.19140625 0.115625 0.25546875
1 0.3984375 0.61953125 0.0875 0.15546875
0 0.090625 0.3609375 0.140625 0.25
3 0.00625 0.76953125 0.0125 0.2609375
2 0.790625 0.228125 0.140625 0.45
0 0.1609375 0.503125 0.10625 0.1890625