0 0.6984375 0.11640625 0.178125 0.178125
0 0.96953125 0.3640625 0.0609375 0.2341796875
2 0.30625 0.471875 0.1125 0.3939453125
0 0.153125 0.353125 0.14375 0.1435546875
3 0.3125 0.19140625 0.11796875 0.118359375
2 0.7703125 0.5 0.203125 0.20234375
1 0.7671875 0.75546875 0.134375 0.134375
3 0.94765625 0.76328125 0.1046875 0.1484375
2 0.628125 0.46953125 0.40546875 0.40546875
3 0.5328125 0.8890625 0.1796875 0.1798828125
2 0.89765625 0.49375 0.2046875 0.265625
2 0.996875 0.1859375 0.00625 0.3658203125
0 0.9296875 0.13046875 0.140625 0.255078125
1 0.3109375 0.8890625 0.09375 0.1658203125
2 0.1421875 0.18359375 0.27421875 0.27421875
2 0.3125 0.33359375 0.29921875 0.29921875