2 0.04609375 0.6140625 0.0921875 0.2060546875
1 0.7375 0.2140625 0.109375 0.108984375
1 0.4078125 0.75859375 0.11328125 0.112890625
2 0.7890625 0.7046875 0.421875 0.44375
3 0.871875 0.22109375 0.25625 0.2734375
2 0.90390625 0.6078125 0.1921875 0.203125
0 0.640625 0.88046875 0.13125 0.2330078125
3 0.1828125 0.18046875 0.27421875 0.274609375
3 0.8828125 0.48359375 0.1609375 0.1609375
3 0.3390625 0.225 0.253125 0.253515625
1 0.5796875 0.6359375 0.1 0.1
0 0.5015625 0.46953125 0.125 0.221875
1 0.3421875 0.0859375 0.1296875 0.1298828125
0 0.721875 0.7609375 0.1734375 0.1734375
3 0.646875 0.7609375 0.1875 0.1658203125
0 0.3296875 0.3640625 0.10625 0.190234375
2 0.06171875 0.09921875 0.1234375 0.1484375
0 0.65625 0.48046875 0.10625 0.1890625
3 0.4203125 0.153125 0.19375 0.3
3 0.1140625 0.20546875 0.19453125 0.19453125
1 0.796875 0.05859375 0.08671875 0.08671875