3 0.29375 0.5 0.20625 0.2064453125
0 0.2796875 0.35859375 0.15234375 0.151953125
2 0.88515625 0.496875 0.2296875 0.328125
2 0.5125 0.8 0.290625 0.2908203125
2 0.7546875 0.73359375 0.1625 0.528125
0 0.03671875 0.88515625 0.0734375 0.1234375
2 0.525 0.6140625 0.265625 0.278125
2 0.06796875 0.203125 0.1359375 0.4
1 0.5890625 0.48046875 0.13046875 0.1302734375
0 0.9109375 0.746875 0.1375 0.2439453125
3 0.1984375 0.33359375 0.15625 0.15
3 0.75 0.4890625 0.121875 0.1220703125
0 0.6734375 0.34453125 0.12109375 0.121484375
0 0.05390625 0.8890625 0.1078125 0.216015625
3 0.3546875 0.1390625 0.1828125 0.1828125
0 0.7609375 0.621875 0.1265625 0.126171875
2 0.1265625 0.503125 0.146875 0.25
0 0.8359375 0.0859375 0.09375 0.166015625
1 0.6796875 0.75 0.121875 0.121484375
3 0.99609375 0.61953125 0.0078125 0.1
3 0.9078125 0.1359375 0.1703125 0.1705078125
3 0.825 0.4859375 0.146875 0.146484375
2 0.7546875 0.34453125 0.153125 0.153125
1 0.203125 0.91640625 0.059375 0.1048828125
3 0.8328125 0.6359375 0.084375 0.159765625