0 0.625 0.19140625 0.0875 0.15546875
2 0.2328125 0.2 0.203125 0.33359375
1 0.85625 0.075 0.08125 0.14453125
0 0.6265625 0.48046875 0.128125 0.228125
2 0.859375 0.625 0.159375 0.1890625
1 0.7796875 0.475 0.06875 0.121875
2 0.46875 0.275 0.26875 0.54453125
2 0.925 0.34140625 0.15 0.29453125
1 0.5484375 0.196875 0.09375 0.16640625
0 0.153125 0.1109375 0.121875 0.21640625
0 0.9375 0.20546875 0.10625 0.1890625
3 0.95546875 0.76640625 0.0890625 0.15
1 0.16875 0.625 0.059375 0.10546875
3 0.3125 0.9140625 0.134375 0.121875
2 0.475 0.8859375 0.23125 0.15
0 0.403125 0.778125 0.1 0.178125
2 0.3921875 0.21953125 0.146875 0.2390625
1 0.16875 0.2 0.0625 0.1109375
1 0.171875 0.903125 0.0875 0.15546875
2 0.075 0.61640625 0.125 0.15