0 0.8390625 0.771875 0.165625 0.165234375
3 0.1375 0.09140625 0.06875 0.178125
1 0.68125 0.34140625 0.11328125 0.1130859375
0 0.140625 0.75546875 0.16015625 0.160546875
1 0.375 0.91640625 0.0953125 0.0953125
1 0.0609375 0.35546875 0.09140625 0.0912109375
0 0.7671875 0.103125 0.15625 0.15625
2 0.9296875 0.4796875 0.140625 0.253125
3 0.01953125 0.640625 0.0390625 0.071875
2 0.95546875 0.11015625 0.0890625 0.1328125
2 0.93828125 0.61640625 0.1234375 0.1578125
2 0.1359375 0.35 0.121875 0.237890625
2 0.046875 0.153125 0.09375 0.1625
0 0.3609375 0.09140625 0.1390625 0.1390625
3 0.365625 0.20546875 0.17578125 0.17578125
0 0.215625 0.203125 0.1375 0.2439453125
2 0.759375 0.71640625 0.43515625 0.43515625
0 0.45 0.21640625 0.096875 0.171875
0 0.6859375 0.0890625 0.134375 0.134375
2 0.83125 0.2140625 0.178125 0.309765625
1 0.02890625 0.21015625 0.0578125 0.0890625
1 0.6125 0.2 0.1171875 0.1171875