2 0.8140625 0.1109375 0.109375 0.21640625
2 0.00390625 0.78046875 0.0078125 0.26640625
3 0.340625 0.75 0.084375 0.171875
2 0.98984375 0.63359375 0.0203125 0.2890625
3 0.96328125 0.346875 0.0734375 0.15
1 0.809375 0.496875 0.06875 0.121875
0 0.903125 0.3359375 0.090625 0.1609375
3 0.65 0.46953125 0.071875 0.18359375
1 0.2734375 0.6140625 0.084375 0.15
1 0.1046875 0.63046875 0.078125 0.1390625
0 0.4953125 0.621875 0.109375 0.19453125
1 0.6640625 0.63046875 0.084375 0.15
1 0.571875 0.3609375 0.096875 0.171875
0 0.7296875 0.8890625 0.121875 0.21640625
1 0.5796875 0.19140625 0.075 0.13359375
1 0.3390625 0.4890625 0.096875 0.171875
2 0.271875 0.103125 0.128125 0.2
3 0.503125 0.35546875 0.19375 0.36640625
0 0.115625 0.49140625 0.146875 0.2609375