0 0.1390625 0.771875 0.11875 0.2109375
2 0.92265625 0.496875 0.1546875 0.378125
1 0.0109375 0.34140625 0.021875 0.14453125
2 0.91875 0.88046875 0.10625 0.23359375
2 0.9390625 0.35 0.121875 0.478125
1 0.375 0.90546875 0.09375 0.16640625
0 0.525 0.8859375 0.096875 0.171875
0 0.0671875 0.103125 0.1125 0.2
2 0.3765625 0.48046875 0.203125 0.48359375
2 0.3734375 0.1109375 0.240625 0.21640625
2 0.2984375 0.61640625 0.171875 0.228125
2 0.91796875 0.36953125 0.1640625 0.73359375
0 0.38125 0.196875 0.1375 0.24453125
0 0.5984375 0.8890625 0.11875 0.2109375
3 0.6078125 0.34453125 0.053125 0.14453125
2 0.10703125 0.71640625 0.2140625 0.5609375
0 0.0171875 0.0890625 0.034375 0.171875
2 0.13125 0.2140625 0.178125 0.3109375
3 0.525 0.775 0.190625 0.3390625
2 0.76875 0.49140625 0.11875 0.4109375
2 0.9671875 0.64140625 0.065625 0.3390625
3 0.91875 0.75546875 0.13125 0.14453125