0 0.2703125 0.771875 0.11875 0.2109375
2 0.98828125 0.496875 0.0234375 0.378125
1 0.1125 0.34140625 0.08125 0.14453125
2 0.9984375 0.88046875 0.003125 0.23359375
1 0.50625 0.90546875 0.09375 0.16640625
0 0.65625 0.8859375 0.096875 0.171875
0 0.1984375 0.103125 0.1125 0.2
2 0.5078125 0.48046875 0.203125 0.48359375
2 0.5046875 0.1109375 0.240625 0.21640625
2 0.4296875 0.61640625 0.171875 0.228125
2 0.98359375 0.36953125 0.0328125 0.73359375
0 0.5125 0.196875 0.1375 0.24453125
0 0.7296875 0.8890625 0.11875 0.2109375
3 0.7390625 0.34453125 0.053125 0.14453125
2 0.190625 0.71640625 0.309375 0.5609375
0 0.1171875 0.0890625 0.096875 0.171875
2 0.2625 0.2140625 0.178125 0.3109375
1 0.04375 0.2 0.084375 0.15
3 0.65625 0.775 0.190625 0.3390625
2 0.9 0.49140625 0.11875 0.4109375
3 0.9921875 0.75546875 0.015625 0.14453125