1 0.540625 0.76640625 0.10390625 0.1041015625
1 0.97421875 0.34921875 0.0515625 0.0703125
2 0.1484375 0.63359375 0.27734375 0.2771484375
2 0.1515625 0.14453125 0.26328125 0.2634765625
2 0.040625 0.77421875 0.08125 0.1296875
2 0.5265625 0.3390625 0.309375 0.308984375
3 0.140625 0.7640625 0.146875 0.1466796875
3 0.09375 0.21640625 0.1875 0.4109375
0 0.690625 0.196875 0.165625 0.165234375
0 0.6984375 0.9 0.1390625 0.1390625
2 0.53125 0.60859375 0.17578125 0.1755859375
3 0.759375 0.46953125 0.28515625 0.2853515625
0 0.371875 0.871875 0.1953125 0.1953125
3 0.7625 0.153125 0.25625 0.25625
0 0.2125 0.353125 0.13125 0.2341796875
0 0.228125 0.503125 0.121875 0.2158203125
0 0.925 0.90546875 0.14296875 0.1431640625
3 0.5328125 0.0890625 0.1234375 0.1234375
2 0.6171875 0.19453125 0.24140625 0.241796875
3 0.93515625 0.13515625 0.1296875 0.1734375
2 0.446875 0.675 0.40625 0.406640625
0 0.3875 0.60859375 0.20390625 0.20390625