3 0.98125 0.503125 0.0375 0.14453125
0 0.1421875 0.33359375 0.140625 0.25
3 0.91015625 0.353125 0.1796875 0.36640625
3 0.04453125 0.8859375 0.0890625 0.221875
2 0.2171875 0.771875 0.0875 0.24453125
2 0.04921875 0.478125 0.0984375 0.25546875
2 0.4515625 0.503125 0.228125 0.23359375
2 0.0625 0.76953125 0.109375 0.228125
0 0.01484375 0.08359375 0.0296875 0.1609375
0 0.9375 0.20546875 0.121875 0.21640625
3 0.071875 0.20546875 0.14375 0.271875
3 0.978125 0.90546875 0.04375 0.13359375
0 0.8484375 0.7609375 0.1125 0.2
2 0.615625 0.34453125 0.153125 0.371875
3 0.6234375 0.478125 0.159375 0.29453125
0 0.2171875 0.2140625 0.146875 0.2609375
2 0.2265625 0.14140625 0.196875 0.278125
0 0.8578125 0.89453125 0.115625 0.20546875
3 0.3015625 0.3390625 0.171875 0.1890625