0 0.3875 0.34140625 0.09375 0.16640625
0 0.1578125 0.9140625 0.09375 0.16640625
1 0.79375 0.20859375 0.0625 0.1109375
2 0.621875 0.61953125 0.19375 0.271875
1 0.1578125 0.35546875 0.0875 0.15546875
3 0.0828125 0.06953125 0.115625 0.0890625
2 0.696875 0.771875 0.078125 0.16640625
2 0.93359375 0.6140625 0.1328125 0.2890625
0 0.0765625 0.60859375 0.125 0.221875
0 0.3875 0.20546875 0.0875 0.15546875
0 0.240625 0.48046875 0.103125 0.18359375
0 0.778125 0.75 0.134375 0.2390625
0 0.54375 0.3640625 0.13125 0.23359375
2 0.0859375 0.246875 0.13125 0.4890625
3 0.30625 0.625 0.09375 0.178125
0 0.98515625 0.3640625 0.0296875 0.1609375
1 0.30625 0.34140625 0.08125 0.14453125