3 0.03671875 0.9109375 0.0734375 0.10625
1 0.94375 0.3390625 0.090625 0.159765625
0 0.8578125 0.13046875 0.19921875 0.199609375
0 0.040625 0.49453125 0.08125 0.1171875
3 0.8703125 0.23515625 0.259375 0.3296875
1 0.859375 0.76640625 0.12109375 0.1212890625
2 0.06875 0.14140625 0.1375 0.278125
3 0.08359375 0.11640625 0.1671875 0.1828125
0 0.9671875 0.74921875 0.065625 0.0984375
1 0.071875 0.4890625 0.1 0.1
3 0.7015625 0.4890625 0.15 0.149609375
2 0.95 0.84140625 0.1 0.3109375
3 0.8546875 0.9 0.090625 0.162109375