0 0.209375 0.88046875 0.13125 0.23359375
3 0.284375 0.49453125 0.1125 0.20546875
3 0.90546875 0.63359375 0.1890625 0.33359375
0 0.0125 0.196875 0.025 0.19453125
3 0.4390625 0.11953125 0.171875 0.23359375
1 0.05 0.21640625 0.08125 0.14453125
3 0.59375 0.746875 0.1125 0.2
3 0.01953125 0.33359375 0.0390625 0.19453125
3 0.29375 0.753125 0.08125 0.1390625
1 0.9765625 0.221875 0.046875 0.10546875
2 0.3734375 0.803125 0.146875 0.3890625
0 0.01484375 0.625 0.0296875 0.2
3 0.921875 0.20546875 0.10625 0.19453125