1 0.428125 0.621875 0.075 0.1341796875
1 0.425 0.0859375 0.0828125 0.082421875
0 0.734375 0.88046875 0.18203125 0.1822265625
3 0.809375 0.49453125 0.1125 0.2048828125
2 0.2640625 0.6140625 0.1609375 0.1607421875
0 0.4953125 0.196875 0.1515625 0.1517578125
3 0.925 0.11875 0.15 0.178125
1 0.575 0.21640625 0.11328125 0.1130859375
2 0.1046875 0.61328125 0.209375 0.2109375
3 0.5046875 0.33359375 0.15703125 0.156640625
0 0.034375 0.74921875 0.06875 0.1265625
3 0.81875 0.753125 0.109375 0.11015625
0 0.184375 0.3640625 0.125 0.125390625
2 0.88203125 0.80234375 0.2359375 0.2671875
0 0.4984375 0.625 0.1125 0.2
1 0.3375 0.8859375 0.109375 0.108984375