0 0.3 0.34140625 0.09375 0.1669921875
0 0.0703125 0.9140625 0.1296875 0.1298828125
1 0.70625 0.20859375 0.08671875 0.08671875
2 0.534375 0.61953125 0.19375 0.271875
2 0.975 0.6140625 0.05 0.205859375
1 0.0703125 0.35546875 0.12109375 0.121484375
3 0.0265625 0.06953125 0.053125 0.0890625
2 0.609375 0.771875 0.078125 0.1658203125
2 0.846875 0.6140625 0.134375 0.28984375
0 0.02578125 0.60859375 0.0515625 0.221875
0 0.3 0.20546875 0.0875 0.1548828125
0 0.153125 0.48046875 0.14296875 0.143359375
0 0.690625 0.75 0.134375 0.237890625
0 0.45625 0.3640625 0.1828125 0.1826171875
2 0.084375 0.24609375 0.16875 0.2765625
3 0.21875 0.625 0.1359375 0.1359375
0 0.928125 0.3640625 0.090625 0.16015625
1 0.21875 0.34140625 0.11328125 0.1130859375