1 0.5359375 0.35859375 0.09375 0.16640625
1 0.7734375 0.346875 0.06875 0.121875
3 0.703125 0.821875 0.1875 0.35
1 0.00859375 0.775 0.0171875 0.11640625
1 0.6109375 0.6109375 0.090625 0.1609375
0 0.15 0.3640625 0.1 0.178125
2 0.6140625 0.24453125 0.25625 0.48359375
1 0.3890625 0.90859375 0.0875 0.15546875
3 0.04140625 0.2140625 0.0828125 0.35
1 0.01171875 0.61953125 0.0234375 0.11640625
1 0.628125 0.76640625 0.084375 0.15
2 0.4609375 0.7609375 0.1875 0.471875
3 0.8515625 0.20859375 0.08125 0.06640625