1 0.840625 0.0640625 0.090625 0.0908203125
0 0.446875 0.896875 0.15625 0.15625
0 0.2953125 0.09140625 0.1 0.178125
0 0.0125 0.103125 0.025 0.2
1 0.7515625 0.896875 0.0953125 0.0953125
2 0.0578125 0.22109375 0.115625 0.2234375
1 0.609375 0.771875 0.1 0.1
3 0.9234375 0.496875 0.11875 0.212109375
2 0.125 0.503125 0.2421875 0.2423828125
1 0.05625 0.89140625 0.10390625 0.1041015625
3 0.06796875 0.21015625 0.1359375 0.1421875
2 0.68125 0.775 0.26875 0.26875
3 0.75625 0.6140625 0.165625 0.165625
2 0.128125 0.61640625 0.19375 0.3330078125
1 0.609375 0.19453125 0.13046875 0.130078125
1 0.02890625 0.76875 0.0578125 0.09375
2 0.01796875 0.8390625 0.0359375 0.3158203125