0 0.2265625 0.76953125 0.090625 0.1609375
3 0.8484375 0.346875 0.14375 0.29453125
2 0.6234375 0.3390625 0.128125 0.55
0 0.3109375 0.203125 0.128125 0.228125
3 0.4671875 0.8859375 0.109375 0.221875
0 0.3921875 0.34453125 0.115625 0.20546875
3 0.625 0.46953125 0.234375 0.421875
1 0.553125 0.21953125 0.0875 0.15546875
3 0.03203125 0.496875 0.0640625 0.2109375
3 0.6140625 0.6359375 0.146875 0.2
1 0.4578125 0.625 0.09375 0.16640625
2 0.9921875 0.3390625 0.015625 0.25
1 0.778125 0.4890625 0.0625 0.1109375
0 0.303125 0.4859375 0.096875 0.171875
0 0.46875 0.34140625 0.13125 0.23359375
1 0.5515625 0.771875 0.071875 0.128125