2 0.9203125 0.19140625 0.159375 0.28359375
3 0.3203125 0.128125 0.05 0.25
0 0.621875 0.6109375 0.14375 0.25546875
1 0.2453125 0.628125 0.090625 0.1609375
3 0.7171875 0.75859375 0.096875 0.178125
0 0.0796875 0.88046875 0.13125 0.23359375
0 0.9421875 0.63046875 0.115625 0.20546875
0 0.0296875 0.78046875 0.059375 0.2109375
0 0.9484375 0.09140625 0.1 0.178125
0 0.23125 0.13046875 0.14375 0.25546875
3 0.628125 0.19453125 0.209375 0.38359375
2 0.103125 0.64140625 0.20625 0.478125
2 0.25 0.8390625 0.175 0.31640625
1 0.7109375 0.33046875 0.065625 0.11640625
2 0.8578125 0.3609375 0.096875 0.3109375
3 0.85625 0.88046875 0.121875 0.23359375
1 0.240625 0.35859375 0.065625 0.11640625
1 0.01953125 0.08046875 0.0390625 0.1109375