3 0.6203125 0.753125 0.1125 0.2841796875
1 0.4671875 0.21640625 0.090625 0.1609375
3 0.4671875 0.746875 0.1390625 0.1390625
2 0.89453125 0.7796875 0.2109375 0.228125
1 0.7703125 0.4859375 0.071875 0.128125
0 0.05625 0.87421875 0.1125 0.1578125
3 0.7796875 0.78046875 0.115625 0.2048828125
0 0.2203125 0.34453125 0.20390625 0.20390625
0 0.03359375 0.0828125 0.0671875 0.1
0 0.07265625 0.353125 0.1453125 0.15625
3 0.3875 0.89453125 0.12109375 0.1212890625
1 0.684375 0.496875 0.084375 0.15
1 0.0203125 0.615625 0.040625 0.065625
2 0.5359375 0.75 0.2453125 0.2453125
3 0.3875 0.346875 0.2234375 0.22421875
1 0.303125 0.61953125 0.08671875 0.08671875
1 0.925 0.35546875 0.08671875 0.08671875