3 0.128125 0.503125 0.1125 0.1126953125
0 0.2140625 0.503125 0.1296875 0.130078125
2 0.6703125 0.2 0.203125 0.3341796875
3 0.0984375 0.35234375 0.196875 0.2546875
2 0.84609375 0.27421875 0.3078125 0.3859375
1 0.96953125 0.196875 0.0609375 0.166015625
0 0.590625 0.1109375 0.121875 0.2158203125
0 0.0625 0.20546875 0.121875 0.2169921875
3 0.1234375 0.90546875 0.084375 0.1330078125
0 0.0359375 0.76015625 0.071875 0.1140625
3 0.3625 0.75 0.2 0.2
1 0.60625 0.625 0.0828125 0.0826171875
3 0.75 0.9140625 0.128125 0.128125
2 0.8984375 0.8859375 0.203125 0.15
0 0.840625 0.778125 0.1 0.178125
2 0.8296875 0.21953125 0.146875 0.2390625
1 0.60625 0.2 0.0875 0.08671875
0 0.0203125 0.89453125 0.040625 0.2048828125
3 0.3640625 0.49140625 0.0875 0.155078125
1 0.609375 0.903125 0.121875 0.1216796875
2 0.5125 0.61640625 0.1375 0.1375