0 0.2296875 0.33359375 0.140625 0.25
3 0.95390625 0.353125 0.0921875 0.36640625
3 0.08828125 0.8859375 0.1765625 0.221875
2 0.3046875 0.771875 0.0875 0.24453125
2 0.09296875 0.478125 0.1859375 0.25546875
2 0.5390625 0.503125 0.228125 0.23359375
2 0.15 0.76953125 0.109375 0.228125
0 0.071875 0.08359375 0.090625 0.1609375
2 0.015625 0.33046875 0.03125 0.1609375
0 0.98203125 0.20546875 0.0359375 0.21640625
3 0.153125 0.20546875 0.15625 0.271875
3 0.01953125 0.771875 0.0390625 0.29453125
0 0.9359375 0.7609375 0.1125 0.2
2 0.703125 0.34453125 0.153125 0.371875
3 0.7109375 0.478125 0.159375 0.29453125
0 0.3046875 0.2140625 0.146875 0.2609375
2 0.3140625 0.14140625 0.196875 0.278125
3 0.03046875 0.64140625 0.0609375 0.24453125
0 0.94375 0.89453125 0.1125 0.20546875
3 0.3890625 0.3390625 0.171875 0.1890625