3 0.8828125 0.753125 0.1125 0.2841796875
1 0.7296875 0.21640625 0.12578125 0.12578125
3 0.7296875 0.746875 0.1390625 0.1390625
1 0.9828125 0.4859375 0.034375 0.065625
0 0.2625 0.875 0.190625 0.1908203125
3 0.9921875 0.78046875 0.015625 0.2048828125
0 0.4828125 0.34453125 0.20390625 0.20390625
0 0.2546875 0.08359375 0.12578125 0.12578125
1 0.096875 0.475 0.1046875 0.1044921875
0 0.3296875 0.353125 0.1125 0.2
0 0.1796875 0.771875 0.190625 0.191015625
3 0.65 0.89453125 0.0875 0.155078125
1 0.94375 0.49609375 0.1125 0.1171875
1 0.2453125 0.61640625 0.09140625 0.0912109375
2 0.7984375 0.75 0.2453125 0.2453125
3 0.65 0.346875 0.2234375 0.22421875
1 0.565625 0.61953125 0.08671875 0.08671875