0 0.6296875 0.20859375 0.103125 0.1830078125
0 0.03203125 0.621875 0.0640625 0.233984375
2 0.7828125 0.625 0.203125 0.203125
3 0.6953125 0.753125 0.171875 0.172265625
3 0.6984375 0.203125 0.1234375 0.12265625
0 0.0328125 0.36015625 0.065625 0.0984375
2 0.9421875 0.7578125 0.115625 0.2125
0 0.70625 0.878125 0.1859375 0.186328125
0 0.2375 0.33046875 0.18671875 0.18671875
3 0.92734375 0.2078125 0.1453125 0.19375
0 0.0765625 0.10859375 0.11875 0.2109375
2 0.309375 0.3640625 0.253125 0.228125
1 0.853125 0.61640625 0.090625 0.1609375
0 0.63125 0.09453125 0.103125 0.1830078125
2 0.378125 0.346875 0.3109375 0.3107421875
3 0.61875 0.34453125 0.13828125 0.1380859375
1 0.775 0.075 0.1125 0.112890625