3 0.6375 0.2109375 0.184375 0.3439453125
2 0.95078125 0.2 0.0984375 0.3
1 0.49375 0.76640625 0.11328125 0.1130859375
3 0.409375 0.3609375 0.090625 0.1560546875
0 0.7203125 0.196875 0.165625 0.165234375
3 0.2484375 0.2 0.1375 0.1376953125
3 0.0296875 0.896875 0.059375 0.162109375
0 0.7265625 0.49453125 0.18203125 0.182421875
3 0.4046875 0.6140625 0.13125 0.240234375
0 0.94453125 0.91015625 0.1109375 0.1296875
0 0.940625 0.640625 0.11875 0.13125
3 0.5734375 0.2109375 0.3296875 0.3298828125
2 0.040625 0.50234375 0.08125 0.1234375
1 0.7265625 0.078125 0.084375 0.15
3 0.25 0.753125 0.196875 0.3060546875