0 0.7609375 0.20859375 0.103125 0.18359375
0 0.1296875 0.621875 0.13125 0.23359375
2 0.9140625 0.625 0.10625 0.3
3 0.8265625 0.753125 0.128125 0.21640625
3 0.8296875 0.203125 0.084375 0.1609375
0 0.121875 0.3609375 0.090625 0.1609375
0 0.8375 0.878125 0.134375 0.2390625
0 0.36875 0.33046875 0.134375 0.2390625
0 0.2078125 0.10859375 0.11875 0.2109375
2 0.440625 0.3640625 0.253125 0.228125
1 0.96953125 0.61640625 0.0609375 0.1609375
2 0.03828125 0.625 0.0765625 0.49453125
0 0.7625 0.09453125 0.103125 0.18359375
3 0.046875 0.20546875 0.071875 0.40546875
2 0.509375 0.346875 0.1375 0.48359375
3 0.75 0.34453125 0.08125 0.19453125
1 0.90625 0.075 0.08125 0.14453125