1 0.40625 0.225 0.1046875 0.1044921875
3 0.175 0.20859375 0.25625 0.25625
0 0.7296875 0.353125 0.096875 0.171875
2 0.03828125 0.84375 0.0765625 0.153125
0 0.04921875 0.33359375 0.0984375 0.2451171875
1 0.034375 0.91953125 0.06875 0.1548828125
0 0.1078125 0.496875 0.2 0.1998046875
1 0.04296875 0.21953125 0.0859375 0.1109375
3 0.978125 0.2 0.04375 0.1158203125
0 0.03046875 0.48828125 0.0609375 0.1140625
3 0.80625 0.896875 0.121875 0.12109375
2 0.11328125 0.165625 0.2265625 0.234375
1 0.18125 0.35 0.0953125 0.0953125
1 0.0296875 0.48515625 0.059375 0.0765625
2 0.725 0.503125 0.2 0.212109375
2 0.265625 0.4859375 0.1875 0.521875
3 0.93828125 0.75234375 0.1234375 0.1828125