3 0.4921875 0.90546875 0.16171875 0.162109375
3 0.265625 0.771875 0.109375 0.1939453125
0 0.8984375 0.7609375 0.1828125 0.182421875
2 0.1171875 0.61640625 0.17734375 0.1771484375
2 0.83046875 0.49609375 0.3390625 0.5546875
2 0.659375 0.3640625 0.2125 0.2125
2 0.94375 0.36015625 0.1125 0.1921875
0 0.9453125 0.49140625 0.109375 0.2609375
0 0.340625 0.49140625 0.140625 0.25
1 0.2703125 0.621875 0.078125 0.137890625
0 0.8078125 0.353125 0.146875 0.14765625
2 0.584375 0.18046875 0.31171875 0.3119140625
2 0.81875 0.63359375 0.1578125 0.1578125
1 0.10625 0.771875 0.134375 0.134375
3 0.0734375 0.79609375 0.146875 0.2328125
2 0.2578125 0.1 0.115625 0.1939453125
1 0.4234375 0.6390625 0.1125 0.112890625
1 0.1921875 0.3640625 0.075 0.1341796875
2 0.3453125 0.296875 0.425 0.425390625