1 0.8 0.225 0.075 0.13359375
2 0.0046875 0.49453125 0.009375 0.35546875
3 0.01015625 0.771875 0.0203125 0.24453125
3 0.56875 0.20859375 0.290625 0.221875
2 0.334375 0.84453125 0.121875 0.30546875
0 0.4234375 0.33359375 0.1375 0.24453125
1 0.41875 0.91953125 0.0875 0.15546875
0 0.1 0.621875 0.146875 0.2609375
0 0.5015625 0.496875 0.14375 0.25546875
1 0.409375 0.21953125 0.090625 0.1609375
0 0.03984375 0.3359375 0.0796875 0.20546875
3 0.04140625 0.746875 0.0828125 0.178125
0 0.3421875 0.4890625 0.121875 0.21640625
2 0.503125 0.16640625 0.140625 0.328125
0 0.178125 0.90859375 0.096875 0.171875
1 0.575 0.35 0.06875 0.121875
1 0.2671875 0.6109375 0.075 0.13359375
1 0.409375 0.4859375 0.059375 0.10546875
0 0.03828125 0.2109375 0.0765625 0.2
3 0.1828125 0.1140625 0.090625 0.221875
2 0.659375 0.4859375 0.1875 0.521875