1 0.5375 0.225 0.075 0.13359375
3 0.30625 0.20859375 0.290625 0.221875
0 0.8609375 0.353125 0.096875 0.171875
2 0.071875 0.84453125 0.121875 0.30546875
0 0.1609375 0.33359375 0.1375 0.24453125
1 0.15625 0.91953125 0.0875 0.15546875
0 0.2390625 0.496875 0.14375 0.25546875
1 0.146875 0.21953125 0.090625 0.1609375
0 0.0796875 0.4890625 0.121875 0.21640625
3 0.9375 0.896875 0.08125 0.1609375
2 0.240625 0.16640625 0.140625 0.328125
1 0.3125 0.35 0.06875 0.121875
1 0.02109375 0.6109375 0.0421875 0.13359375
1 0.146875 0.4859375 0.059375 0.10546875
2 0.85625 0.503125 0.2 0.2109375
2 0.396875 0.4859375 0.1875 0.521875