1 0.890625 0.76640625 0.10390625 0.104296875
2 0.175 0.478125 0.209375 0.4439453125
2 0.4984375 0.63359375 0.27734375 0.2771484375
2 0.5015625 0.14453125 0.24375 0.2830078125
2 0.328125 0.775 0.115625 0.221875
1 0.2515625 0.0890625 0.134375 0.134375
2 0.8765625 0.3390625 0.134375 0.4841796875
2 0.209375 0.34921875 0.41875 0.4578125
3 0.490625 0.7640625 0.146875 0.1466796875
3 0.421875 0.21640625 0.32109375 0.32109375
0 0.2546875 0.75859375 0.20390625 0.20390625
0 0.96640625 0.19609375 0.0671875 0.1140625
0 0.99921875 0.9 0.0015625 0.178125
2 0.88125 0.60859375 0.17578125 0.1755859375
0 0.721875 0.871875 0.1953125 0.1953125
0 0.5625 0.353125 0.1828125 0.1826171875
0 0.578125 0.503125 0.121875 0.2158203125
3 0.8828125 0.0890625 0.075 0.171875
2 0.95859375 0.19453125 0.0828125 0.3830078125
2 0.796875 0.675 0.40625 0.4064453125
0 0.7375 0.60859375 0.20390625 0.20390625
2 0.1328125 0.47421875 0.265625 0.3703125