3 0.4296875 0.771875 0.13125 0.221875
3 0.97578125 0.128125 0.0484375 0.25
0 0.275 0.88359375 0.128125 0.228125
1 0.9015625 0.628125 0.090625 0.1609375
1 0.4359375 0.475 0.09375 0.16640625
0 0.7359375 0.88046875 0.13125 0.23359375
3 0.00625 0.4859375 0.0125 0.18359375
1 0.5125 0.4890625 0.078125 0.1390625
0 0.65625 0.78046875 0.11875 0.2109375
0 0.2703125 0.1140625 0.125 0.221875
3 0.1234375 0.9 0.1 0.028125
0 0.8875 0.13046875 0.14375 0.25546875
2 0.740625 0.64140625 0.24375 0.478125
2 0.90625 0.8390625 0.175 0.31640625
3 0.1109375 0.60859375 0.175 0.1109375
0 0.509375 0.6140625 0.128125 0.228125
1 0.896875 0.35859375 0.065625 0.11640625
1 0.6640625 0.08046875 0.0625 0.1109375