1 0.125 0.2140625 0.078125 0.1390625
2 0.1875 0.70546875 0.303125 0.58359375
3 0.2671875 0.221875 0.10625 0.4390625
2 0.3578125 0.60859375 0.3 0.228125
0 0.046875 0.88046875 0.09375 0.23359375
1 0.5015625 0.60859375 0.06875 0.121875
3 0.515625 0.21640625 0.109375 0.171875
3 0.2703125 0.48359375 0.121875 0.2
2 0.740625 0.2140625 0.1375 0.421875
1 0.0015625 0.6359375 0.003125 0.128125
0 0.109375 0.7609375 0.125 0.221875
3 0.0640625 0.7609375 0.128125 0.16640625
0 0.0484375 0.48046875 0.096875 0.1890625
1 0.184375 0.05859375 0.0625 0.1109375