0 0.253125 0.88046875 0.13125 0.233203125
3 0.328125 0.49453125 0.15859375 0.1587890625
3 0.92734375 0.63359375 0.1453125 0.333203125
0 0.05 0.19609375 0.1 0.1328125
3 0.4828125 0.11953125 0.20234375 0.202734375
1 0.09375 0.21640625 0.08125 0.1451171875
3 0.6375 0.746875 0.1125 0.2
3 0.04140625 0.33359375 0.0828125 0.1951171875
3 0.3375 0.753125 0.109375 0.109765625
1 0.9984375 0.221875 0.003125 0.1060546875
2 0.4171875 0.803125 0.146875 0.387890625
0 0.05234375 0.62421875 0.1046875 0.1359375
3 0.9421875 0.2046875 0.115625 0.140625