3 0.4546875 0.346875 0.21875 0.2189453125
1 0.765625 0.33359375 0.0625 0.1109375
2 0.2296875 0.3390625 0.128125 0.55
3 0.0734375 0.8859375 0.109375 0.221875
1 0.7734375 0.90546875 0.1171875 0.1171875
0 0.028125 0.34453125 0.05625 0.205078125
1 0.93515625 0.3546875 0.1296875 0.13125
2 0.86875 0.3046875 0.2625 0.375
3 0.23125 0.46953125 0.328125 0.328125
1 0.159375 0.21953125 0.12109375 0.1212890625
3 0.2203125 0.6359375 0.146875 0.2
1 0.0640625 0.62421875 0.128125 0.1296875
2 0.6890625 0.3390625 0.2234375 0.2234375
1 0.384375 0.4890625 0.0859375 0.086328125
0 0.8453125 0.20859375 0.103125 0.183203125
2 0.9859375 0.225 0.028125 0.3939453125
0 0.69375 0.2 0.1953125 0.1953125
0 0.0828125 0.340625 0.165625 0.18125
1 0.1578125 0.771875 0.1 0.1