0 0.8734375 0.11640625 0.128125 0.228125
0 0.0859375 0.13046875 0.14375 0.25546875
2 0.48125 0.471875 0.1125 0.39453125
0 0.328125 0.353125 0.103125 0.18359375
3 0.4875 0.19140625 0.13125 0.10546875
2 0.9453125 0.5 0.09375 0.3109375
1 0.9421875 0.75546875 0.096875 0.171875
2 0.803125 0.46953125 0.221875 0.5890625
3 0.7078125 0.8890625 0.14375 0.21640625
1 0.4859375 0.8890625 0.09375 0.16640625
2 0.096875 0.61953125 0.09375 0.4
2 0.3171875 0.18359375 0.1875 0.3609375
2 0.4875 0.33359375 0.209375 0.3890625