0 0.8421875 0.33359375 0.140625 0.25
0 0.2234375 0.76640625 0.12578125 0.12578125
0 0.4515625 0.09140625 0.1390625 0.1390625
3 0.69375 0.8859375 0.20625 0.20625
2 0.9171875 0.771875 0.0875 0.2439453125
2 0.6984375 0.478125 0.228125 0.2279296875
3 0.2265625 0.63046875 0.12109375 0.120703125
2 0.7625 0.76953125 0.109375 0.228125
0 0.684375 0.08359375 0.12578125 0.12578125
3 0.36875 0.33359375 0.2 0.2109375
2 0.6046875 0.33046875 0.11953125 0.11953125
2 0.3828125 0.6359375 0.3609375 0.360546875
3 0.765625 0.20546875 0.2140625 0.2140625
3 0.5359375 0.771875 0.2625 0.262890625
0 0.5328125 0.103125 0.15625 0.15625
3 0.4546875 0.6359375 0.05625 0.271875
0 0.9171875 0.2140625 0.146875 0.26015625
2 0.9140625 0.14140625 0.171875 0.278125
3 0.6109375 0.64140625 0.125 0.244921875
3 0.94453125 0.33828125 0.1109375 0.1359375