2 0.93515625 0.49609375 0.1296875 0.1671875
1 0.2671875 0.20859375 0.10390625 0.1041015625
0 0.19375 0.61640625 0.1 0.178125
1 0.8078125 0.46953125 0.09140625 0.0912109375
3 0.275 0.903125 0.1109375 0.11171875
3 0.1828125 0.8859375 0.13125 0.221875
1 0.884375 0.19140625 0.08125 0.144921875
0 0.03359375 0.77109375 0.0671875 0.1171875
2 0.4296875 0.48359375 0.26640625 0.2666015625
1 0.80625 0.35546875 0.1171875 0.1171875
1 0.421875 0.2109375 0.109375 0.108984375
0 0.4265625 0.61640625 0.1953125 0.1953125
3 0.5078125 0.88046875 0.18515625 0.1853515625
0 0.95703125 0.1296875 0.0859375 0.14375
2 0.93515625 0.34375 0.1296875 0.165625
1 0.265625 0.0890625 0.134375 0.134375