1 0.0046875 0.33359375 0.009375 0.1109375
0 0.96953125 0.621875 0.0609375 0.23359375
0 0.6828125 0.128125 0.140625 0.25
1 0.0140625 0.90546875 0.028125 0.15
0 0.97578125 0.3609375 0.0484375 0.1609375
3 0.54375 0.1109375 0.165625 0.21640625
1 0.1484375 0.35546875 0.09375 0.16640625
2 0.1390625 0.30546875 0.146875 0.60546875
1 0.3796875 0.7640625 0.090625 0.1609375
3 0.446875 0.35859375 0.059375 0.10546875
2 0.8453125 0.625 0.2125 0.49453125
0 0.765625 0.21953125 0.1125 0.2
0 0.0578125 0.20859375 0.103125 0.18359375
2 0.30625 0.225 0.24375 0.39453125
3 0.921875 0.20546875 0.071875 0.40546875
3 0.61875 0.09453125 0.084375 0.18359375
1 0.69375 0.63359375 0.090625 0.1609375
1 0.7609375 0.896875 0.08125 0.14453125