0 0.8734375 0.621875 0.13125 0.23359375
0 0.5515625 0.128125 0.140625 0.25
0 0.865625 0.3609375 0.090625 0.1609375
3 0.4125 0.1109375 0.165625 0.21640625
1 0.03203125 0.35546875 0.0640625 0.16640625
2 0.040625 0.30546875 0.08125 0.60546875
0 0.94609375 0.10859375 0.1078125 0.2109375
1 0.2484375 0.7640625 0.090625 0.1609375
3 0.315625 0.35859375 0.059375 0.10546875
2 0.7140625 0.625 0.2125 0.49453125
0 0.634375 0.21953125 0.1125 0.2
2 0.175 0.225 0.24375 0.39453125
3 0.790625 0.20546875 0.071875 0.40546875
3 0.4875 0.09453125 0.084375 0.18359375
1 0.5625 0.63359375 0.090625 0.1609375
1 0.6296875 0.896875 0.08125 0.14453125