2 0.278125 0.6140625 0.153125 0.20546875
2 0.053125 0.496875 0.10625 0.24453125
1 0.98046875 0.2140625 0.0390625 0.1390625
1 0.6703125 0.75859375 0.08125 0.14453125
2 0.95546875 0.70546875 0.0890625 0.58359375
0 0.903125 0.88046875 0.13125 0.23359375
3 0.4453125 0.18046875 0.19375 0.35546875
1 0.003125 0.19140625 0.00625 0.14453125
3 0.6015625 0.225 0.16875 0.3390625
1 0.8421875 0.6359375 0.071875 0.128125
0 0.7640625 0.46953125 0.125 0.221875
1 0.6046875 0.0859375 0.09375 0.16640625
1 0.140625 0.3640625 0.078125 0.1390625
0 0.9609375 0.7609375 0.078125 0.221875
3 0.9078125 0.7609375 0.184375 0.16640625
0 0.5921875 0.3640625 0.10625 0.1890625
2 0.2875 0.1 0.15 0.19453125
0 0.91875 0.48046875 0.10625 0.1890625
3 0.6828125 0.153125 0.19375 0.3
3 0.36875 0.20546875 0.24375 0.1609375
0 0.1234375 0.13046875 0.14375 0.25546875
2 0.06015625 0.34453125 0.1203125 0.2390625