1 0.0359375 0.621875 0.071875 0.13359375
1 0.03125 0.0859375 0.059375 0.10546875
0 0.340625 0.88046875 0.13125 0.23359375
3 0.415625 0.49453125 0.1125 0.20546875
3 0.97109375 0.63359375 0.0578125 0.33359375
0 0.1015625 0.196875 0.109375 0.19453125
3 0.5703125 0.11953125 0.171875 0.23359375
1 0.18125 0.21640625 0.08125 0.14453125
3 0.725 0.746875 0.1125 0.2
3 0.1109375 0.33359375 0.11875 0.19453125
3 0.425 0.753125 0.08125 0.1390625
2 0.5046875 0.803125 0.146875 0.3890625
0 0.1046875 0.625 0.1125 0.2