0 0.0484375 0.871875 0.096875 0.25
2 0.1921875 0.35546875 0.228125 0.2109375
2 0.56875 0.478125 0.209375 0.44453125
2 0.8921875 0.63359375 0.159375 0.39453125
2 0.88671875 0.14453125 0.2265625 0.28359375
2 0.721875 0.775 0.115625 0.221875
1 0.6453125 0.0890625 0.096875 0.171875
2 0.584375 0.35 0.21875 0.69453125
3 0.884375 0.7640625 0.109375 0.18359375
3 0.815625 0.21640625 0.23125 0.4109375
0 0.6484375 0.75859375 0.146875 0.2609375
2 0.2546875 0.353125 0.1375 0.24453125
1 0.034375 0.3640625 0.06875 0.128125
1 0.03203125 0.225 0.0640625 0.121875
0 0.9453125 0.353125 0.109375 0.23359375
0 0.95546875 0.503125 0.0890625 0.21640625
1 0.0984375 0.08359375 0.0875 0.15546875
0 0.1890625 0.76640625 0.096875 0.171875
2 0.4203125 0.475 0.265625 0.58359375