0 0.2703125 0.196875 0.1828125 0.182421875
3 0.359375 0.2 0.225 0.3939453125
2 0.7484375 0.49453125 0.31328125 0.313671875
0 0.8265625 0.8859375 0.121875 0.1216796875
2 0.7390625 0.778125 0.2140625 0.2138671875
3 0.81875 0.771875 0.153125 0.2439453125
2 0.2859375 0.85 0.2484375 0.2486328125
1 0.8203125 0.0859375 0.1296875 0.1298828125
3 0.10703125 0.63515625 0.2140625 0.2640625
2 0.434375 0.2140625 0.215625 0.215234375
3 0.1125 0.35546875 0.10234375 0.10234375
0 0.9296875 0.62109375 0.140625 0.1796875
0 0.896875 0.3359375 0.1609375 0.1607421875
0 0.515625 0.6390625 0.096875 0.171875
2 0.5828125 0.6359375 0.43125 0.43125
3 0.9015625 0.746875 0.1453125 0.1453125
3 0.04140625 0.36328125 0.0828125 0.1265625
2 0.05390625 0.86640625 0.1078125 0.2609375
1 0.275 0.35 0.0625 0.112109375
2 0.10546875 0.26640625 0.2109375 0.3171875
1 0.0515625 0.771875 0.0953125 0.0953125
1 0.74375 0.625 0.096875 0.171875
2 0.7421875 0.7890625 0.30625 0.3064453125
2 0.51875 0.803125 0.346875 0.347265625
0 0.8953125 0.2109375 0.15625 0.15625