0 0.4484375 0.33359375 0.140625 0.25
0 0.0578125 0.09140625 0.1 0.178125
3 0.3 0.8859375 0.190625 0.221875
2 0.5234375 0.771875 0.0875 0.24453125
2 0.3046875 0.478125 0.2 0.25546875
2 0.7578125 0.503125 0.228125 0.23359375
2 0.36875 0.76953125 0.109375 0.228125
0 0.290625 0.08359375 0.090625 0.1609375
3 0.0375 0.33359375 0.075 0.2109375
2 0.2109375 0.33046875 0.078125 0.1609375
2 0.02734375 0.6359375 0.0546875 0.5890625
3 0.371875 0.20546875 0.15625 0.271875
3 0.1421875 0.771875 0.23125 0.29453125
0 0.1390625 0.103125 0.1125 0.2
3 0.0609375 0.6359375 0.05625 0.271875
2 0.921875 0.34453125 0.153125 0.371875
3 0.925 0.478125 0.15 0.29453125
0 0.5234375 0.2140625 0.146875 0.2609375
2 0.5328125 0.14140625 0.196875 0.278125
3 0.2171875 0.64140625 0.125 0.24453125
3 0.6078125 0.3390625 0.171875 0.1890625