0 0.7078125 0.76953125 0.090625 0.1609375
1 0.403125 0.0640625 0.065625 0.11640625
0 0.0328125 0.896875 0.065625 0.2
0 0.7921875 0.203125 0.128125 0.228125
3 0.946875 0.8859375 0.10625 0.221875
1 0.3140625 0.896875 0.06875 0.121875
0 0.8734375 0.34453125 0.115625 0.20546875
1 0.171875 0.771875 0.071875 0.128125
3 0.99453125 0.46953125 0.0109375 0.421875
1 0.9953125 0.21953125 0.009375 0.15546875
3 0.4859375 0.496875 0.11875 0.2109375
1 0.9390625 0.625 0.09375 0.16640625
2 0.24375 0.775 0.215625 0.321875
3 0.31875 0.6140625 0.153125 0.178125
1 0.171875 0.19453125 0.09375 0.16640625
0 0.784375 0.4859375 0.096875 0.171875
0 0.9421875 0.34140625 0.115625 0.23359375
1 0.9984375 0.771875 0.003125 0.128125