1 0.85625 0.503125 0.096875 0.171875
3 0.2296875 0.90546875 0.140625 0.18359375
3 0.02890625 0.771875 0.0578125 0.19453125
0 0.6359375 0.7609375 0.13125 0.23359375
2 0.775 0.496875 0.31875 0.9890625
2 0.396875 0.3640625 0.153125 0.271875
2 0.78125 0.3609375 0.146875 0.35546875
0 0.7015625 0.49140625 0.146875 0.2609375
0 0.078125 0.49140625 0.140625 0.25
1 0.0234375 0.621875 0.046875 0.1390625
0 0.5453125 0.353125 0.10625 0.1890625
3 0.8703125 0.85 0.11875 0.29453125
2 0.8609375 0.74140625 0.228125 0.5109375
2 0.321875 0.18046875 0.26875 0.35546875
2 0.55625 0.63359375 0.115625 0.2
2 0.0265625 0.1 0.053125 0.19453125
3 0.91171875 0.86640625 0.1765625 0.2609375
1 0.1609375 0.6390625 0.08125 0.14453125
2 0.10703125 0.296875 0.2140625 0.5890625