1 0.4484375 0.35859375 0.13046875 0.1302734375
1 0.6859375 0.346875 0.0953125 0.0953125
3 0.615625 0.821875 0.26875 0.26875
1 0.5234375 0.6109375 0.125 0.12578125
0 0.0625 0.3640625 0.1 0.178125
2 0.5265625 0.24453125 0.25625 0.4830078125
1 0.3015625 0.90859375 0.12109375 0.121484375
3 0.971875 0.06953125 0.05625 0.0890625
0 0.946875 0.6078125 0.10625 0.14375
1 0.540625 0.76640625 0.1171875 0.1171875
2 0.3734375 0.7609375 0.3296875 0.3296875
2 0.96953125 0.246875 0.0609375 0.48828125
3 0.7640625 0.20859375 0.07421875 0.0740234375