1 0.84375 0.225 0.075 0.13359375
2 0.0265625 0.49453125 0.053125 0.35546875
0 0.01953125 0.8859375 0.0390625 0.15546875
3 0.03203125 0.771875 0.0640625 0.24453125
3 0.6125 0.20859375 0.290625 0.221875
1 0.01796875 0.0859375 0.0359375 0.16640625
2 0.378125 0.84453125 0.121875 0.30546875
0 0.4671875 0.33359375 0.1375 0.24453125
1 0.4625 0.91953125 0.0875 0.15546875
0 0.14375 0.621875 0.146875 0.2609375
0 0.5453125 0.496875 0.14375 0.25546875
1 0.453125 0.21953125 0.090625 0.1609375
0 0.065625 0.3359375 0.115625 0.20546875
3 0.0703125 0.746875 0.1125 0.178125
0 0.3859375 0.4890625 0.121875 0.21640625
2 0.546875 0.16640625 0.140625 0.328125
0 0.221875 0.90859375 0.096875 0.171875
1 0.61875 0.35 0.06875 0.121875
1 0.3109375 0.6109375 0.075 0.13359375
1 0.453125 0.4859375 0.059375 0.10546875
2 0.0046875 0.7890625 0.009375 0.41640625
0 0.0640625 0.2109375 0.1125 0.2
3 0.2265625 0.1140625 0.090625 0.221875
2 0.703125 0.4859375 0.1875 0.521875