1 0.6109375 0.49453125 0.09375 0.16640625
3 0.3703125 0.20859375 0.128125 0.21640625
1 0.3765625 0.49140625 0.065625 0.11640625
2 0.4546875 0.228125 0.11875 0.45
0 0.91875 0.503125 0.103125 0.18359375
3 0.6078125 0.08359375 0.09375 0.1609375
1 0.284375 0.775 0.08125 0.14453125
3 0.83125 0.771875 0.0375 0.16640625
2 0.759375 0.75546875 0.1 0.3609375
0 0.59375 0.225 0.096875 0.171875
3 0.9640625 0.19140625 0.071875 0.25546875
1 0.4421875 0.61953125 0.0875 0.15546875
0 0.134375 0.3609375 0.140625 0.25
3 0.028125 0.76953125 0.05625 0.2609375
2 0.834375 0.228125 0.140625 0.45
0 0.2046875 0.503125 0.10625 0.1890625