1 0.146875 0.76640625 0.10390625 0.1041015625
1 0.603125 0.35 0.0828125 0.0826171875
2 0.1328125 0.3390625 0.134375 0.483984375
0 0.6890625 0.471875 0.2 0.1998046875
2 0.684375 0.771875 0.2234375 0.2234375
3 0.846875 0.7609375 0.1390625 0.1390625
0 0.7734375 0.903125 0.134375 0.134375
0 0.296875 0.196875 0.165625 0.165234375
0 0.3046875 0.9 0.1390625 0.1390625
2 0.1375 0.60859375 0.17578125 0.1755859375
0 0.6953125 0.61640625 0.1390625 0.1390625
3 0.7625 0.503125 0.184375 0.328125
3 0.365625 0.46953125 0.28515625 0.2853515625
0 0.02421875 0.871875 0.0484375 0.25
3 0.36875 0.153125 0.25625 0.25625
0 0.53125 0.90546875 0.103125 0.1830078125
3 0.1390625 0.0890625 0.1234375 0.1234375
2 0.2234375 0.19453125 0.1 0.3830078125
3 0.6046875 0.1359375 0.2140625 0.2142578125
0 0.9796875 0.9 0.040625 0.16171875
2 0.13203125 0.67421875 0.2640625 0.3921875
0 0.0578125 0.60859375 0.115625 0.1640625