3 0.8953125 0.20859375 0.128125 0.21640625
1 0.9015625 0.49140625 0.065625 0.11640625
0 0.425 0.8859375 0.121875 0.21640625
2 0.96015625 0.228125 0.0796875 0.45
2 0.425 0.496875 0.175 0.18359375
3 0.3390625 0.49453125 0.075 0.18359375
3 0.08046875 0.8140625 0.1609375 0.36640625
1 0.809375 0.775 0.08125 0.14453125
2 0.11875 0.7609375 0.16875 0.378125
1 0.96171875 0.61953125 0.0765625 0.15546875
0 0.659375 0.3609375 0.140625 0.25
3 0.50625 0.76953125 0.15 0.2609375
1 0.2625 0.35 0.096875 0.171875
0 0.7296875 0.503125 0.10625 0.1890625