3 0.6046875 0.771875 0.13125 0.221875
0 0.45 0.88359375 0.128125 0.228125
1 0.6109375 0.475 0.09375 0.16640625
0 0.9109375 0.88046875 0.13125 0.23359375
3 0.09375 0.4859375 0.1875 0.18359375
1 0.6875 0.4890625 0.078125 0.1390625
1 0.0078125 0.903125 0.015625 0.15
2 0.0625 0.20859375 0.0875 0.228125
0 0.83125 0.78046875 0.11875 0.2109375
0 0.4453125 0.1140625 0.125 0.221875
3 0.2984375 0.9 0.1 0.028125
0 0.9953125 0.13046875 0.009375 0.25546875
2 0.896875 0.64140625 0.20625 0.478125
2 0.996875 0.8390625 0.00625 0.31640625
3 0.2859375 0.60859375 0.175 0.1109375
0 0.684375 0.6140625 0.128125 0.228125
1 0.8390625 0.08046875 0.0625 0.1109375