2 0.7734375 0.496875 0.29375 0.378125
2 0.96640625 0.2 0.0671875 0.2390625
2 0.7 0.88046875 0.10625 0.23359375
2 0.784375 0.35 0.25 0.478125
1 0.15625 0.90546875 0.09375 0.16640625
0 0.30625 0.8859375 0.096875 0.171875
2 0.1578125 0.48046875 0.203125 0.48359375
2 0.1546875 0.1109375 0.240625 0.21640625
2 0.0828125 0.61640625 0.165625 0.228125
2 0.975 0.80546875 0.05 0.38359375
2 0.7046875 0.36953125 0.175 0.73359375
0 0.1625 0.196875 0.1375 0.24453125
0 0.3796875 0.8890625 0.11875 0.2109375
3 0.3890625 0.34453125 0.053125 0.14453125
2 0.00078125 0.2140625 0.0015625 0.3109375
3 0.30625 0.775 0.190625 0.3390625
2 0.55 0.49140625 0.11875 0.4109375
3 0.96328125 0.48046875 0.0734375 0.271875
2 0.7796875 0.64140625 0.128125 0.3390625
3 0.7 0.75546875 0.13125 0.14453125