3 0.478125 0.503125 0.1125 0.112890625
0 0.5640625 0.503125 0.1296875 0.1298828125
2 0.959375 0.2 0.08125 0.3341796875
3 0.39375 0.353125 0.28125 0.2814453125
2 0.04453125 0.50234375 0.0890625 0.1359375
0 0.92734375 0.11015625 0.1453125 0.1671875
0 0.4125 0.20546875 0.16953125 0.1693359375
3 0.4734375 0.90546875 0.10859375 0.1087890625
0 0.3234375 0.7609375 0.1125 0.2
3 0.7125 0.75 0.2 0.2
2 0.1109375 0.34375 0.221875 0.2625
1 0.95625 0.625 0.0828125 0.0826171875
3 0.0984375 0.478125 0.159375 0.2939453125
1 0.95625 0.2 0.0875 0.087109375
0 0.3328125 0.89453125 0.16015625 0.1603515625
3 0.7140625 0.49140625 0.12109375 0.121484375
1 0.9484375 0.90234375 0.103125 0.1203125
2 0.8625 0.61640625 0.1375 0.1375