0 0.93125 0.19140625 0.0875 0.1548828125
3 0.03203125 0.50234375 0.0640625 0.0921875
0 0.0828125 0.503125 0.09375 0.166015625
2 0.5390625 0.2 0.26875 0.2685546875
0 0.921875 0.4796875 0.15625 0.178125
3 0.04921875 0.35234375 0.0984375 0.1890625
2 0.775 0.275 0.40625 0.4064453125
1 0.8546875 0.196875 0.09375 0.1658203125
0 0.459375 0.1109375 0.121875 0.2158203125
3 0.0171875 0.90546875 0.034375 0.1330078125
3 0.23125 0.75 0.2 0.2
1 0.475 0.625 0.059375 0.1060546875
3 0.61875 0.9140625 0.134375 0.121875
2 0.78125 0.8859375 0.190625 0.190625
0 0.709375 0.778125 0.1 0.178125
2 0.6984375 0.21953125 0.146875 0.2390625
1 0.475 0.2 0.0875 0.08671875
3 0.2328125 0.49140625 0.0875 0.155078125
1 0.478125 0.903125 0.121875 0.1216796875
2 0.38125 0.61640625 0.1375 0.1375