1 0.9625 0.06328125 0.075 0.0890625
0 0.578125 0.896875 0.1125 0.2
0 0.4265625 0.09140625 0.1 0.178125
0 0.1 0.103125 0.1125 0.2
1 0.8828125 0.896875 0.0953125 0.0953125
2 0.10703125 0.22109375 0.2140625 0.2890625
1 0.740625 0.771875 0.1 0.1
3 0.99765625 0.496875 0.0046875 0.21171875
2 0.25625 0.503125 0.21875 0.2658203125
1 0.1875 0.89140625 0.075 0.1330078125
3 0.07421875 0.840625 0.1484375 0.203125
2 0.07578125 0.47109375 0.1515625 0.1984375
3 0.1875 0.2109375 0.1515625 0.1515625
2 0.8125 0.775 0.215625 0.321875
3 0.8875 0.6140625 0.165625 0.165625
3 0.06328125 0.7546875 0.1265625 0.1625
2 0.259375 0.61640625 0.26328125 0.2634765625
1 0.740625 0.19453125 0.09375 0.166796875
3 0.03203125 0.34453125 0.0640625 0.1171875
1 0.10625 0.76953125 0.13046875 0.1302734375
2 0.10703125 0.83828125 0.2140625 0.2234375
3 0.05 0.1578125 0.1 0.171875