0 0.275 0.19140625 0.0875 0.1548828125
3 0.740625 0.20546875 0.2 0.2
1 0.50625 0.075 0.1125 0.1126953125
1 0.8984375 0.503125 0.090625 0.162109375
0 0.2765625 0.48046875 0.178125 0.178125
2 0.509375 0.625 0.1734375 0.173828125
1 0.4296875 0.475 0.0953125 0.0953125
2 0.1625 0.27421875 0.325 0.3984375
2 0.6015625 0.34140625 0.24921875 0.2490234375
2 0.7578125 0.3359375 0.2984375 0.298046875
1 0.1984375 0.196875 0.09375 0.1658203125
2 0.9046875 0.25546875 0.159375 0.5048828125
3 0.95078125 0.153125 0.0984375 0.165625
0 0.5875 0.20546875 0.10625 0.1890625
3 0.6671875 0.76640625 0.18125 0.18125
0 0.8328125 0.10546875 0.16015625 0.1603515625
3 0.01484375 0.9140625 0.0296875 0.121875
2 0.125 0.8859375 0.190625 0.190625
0 0.053125 0.778125 0.1 0.178125
2 0.0578125 0.21953125 0.115625 0.2390625
1 0.8265625 0.33046875 0.09140625 0.091015625
2 0.9625 0.3359375 0.075 0.444140625
3 0.97421875 0.6359375 0.0515625 0.2158203125