0 0.965625 0.19140625 0.06875 0.15546875
3 0.040625 0.503125 0.08125 0.14453125
0 0.1265625 0.503125 0.09375 0.16640625
2 0.5828125 0.2 0.203125 0.33359375
0 0.95625 0.48046875 0.0875 0.228125
3 0.02734375 0.353125 0.0546875 0.36640625
2 0.81875 0.275 0.26875 0.54453125
1 0.8984375 0.196875 0.09375 0.16640625
0 0.503125 0.1109375 0.121875 0.21640625
0 0.01796875 0.20546875 0.0359375 0.21640625
3 0.0390625 0.90546875 0.078125 0.13359375
3 0.275 0.75 0.128125 0.271875
1 0.51875 0.625 0.059375 0.10546875
3 0.6625 0.9140625 0.134375 0.121875
2 0.825 0.8859375 0.23125 0.15
0 0.753125 0.778125 0.1 0.178125
2 0.7421875 0.21953125 0.146875 0.2390625
1 0.51875 0.2 0.0625 0.1109375
3 0.2765625 0.49140625 0.0875 0.15546875
1 0.521875 0.903125 0.0875 0.15546875
2 0.425 0.61640625 0.125 0.15