0 0.9515625 0.76875 0.096875 0.11875
1 0.665625 0.0640625 0.090625 0.0908203125
0 0.271875 0.896875 0.15625 0.15625
0 0.1203125 0.09140625 0.1 0.178125
0 0.96796875 0.203125 0.0640625 0.11875
1 0.5765625 0.896875 0.0953125 0.0953125
1 0.434375 0.771875 0.1 0.1
3 0.7484375 0.496875 0.165625 0.165234375
2 0.05546875 0.50234375 0.1109375 0.1640625
2 0.50625 0.775 0.26875 0.26875
3 0.58125 0.6140625 0.165625 0.165625
2 0.06015625 0.615625 0.1203125 0.190625
1 0.434375 0.19453125 0.13046875 0.1302734375
0 0.97734375 0.48515625 0.0453125 0.0859375