2 0.4703125 0.75 0.128125 0.16640625
3 0.7796875 0.9109375 0.096875 0.171875
0 0.703125 0.878125 0.134375 0.2390625
2 0.55 0.196875 0.084375 0.3890625
2 0.09375 0.75859375 0.1875 0.40546875
3 0.075 0.63046875 0.06875 0.128125
0 0.7796875 0.49453125 0.10625 0.1890625
3 0.04921875 0.20859375 0.0984375 0.29453125
2 0.7828125 0.14140625 0.284375 0.278125
3 0.8640625 0.11640625 0.1375 0.228125
2 0.09375 0.4890625 0.140625 0.28359375
1 0.859375 0.4890625 0.071875 0.128125
0 0.703125 0.35546875 0.09375 0.16640625
2 0.1578125 0.6140625 0.159375 0.21640625
3 0.4765625 0.61953125 0.134375 0.2109375