3 0.871875 0.503125 0.08125 0.144140625
0 0.06171875 0.3328125 0.1234375 0.165625
0 0.9453125 0.50234375 0.109375 0.1265625
3 0.7875 0.353125 0.196875 0.3658203125
2 0.0859375 0.771875 0.0875 0.244140625
2 0.3203125 0.503125 0.23125 0.2310546875
0 0.80625 0.20546875 0.121875 0.2169921875
3 0.03828125 0.20546875 0.0765625 0.1421875
3 0.8671875 0.90546875 0.10859375 0.1087890625
0 0.7171875 0.7609375 0.15625 0.15625
2 0.484375 0.34453125 0.2625 0.2625
3 0.4921875 0.478125 0.2265625 0.2267578125
0 0.0859375 0.2140625 0.146875 0.259765625
2 0.096875 0.14140625 0.19375 0.278125
0 0.7265625 0.89453125 0.16015625 0.1603515625
3 0.1703125 0.3390625 0.171875 0.190234375