0 0.31875 0.19140625 0.12109375 0.1212890625
2 0.0140625 0.2 0.028125 0.333984375
3 0.784375 0.20546875 0.2 0.2
1 0.55 0.075 0.08125 0.1439453125
1 0.9390625 0.50234375 0.121875 0.1265625
0 0.3203125 0.48046875 0.128125 0.228125
2 0.553125 0.625 0.1734375 0.17421875
1 0.4734375 0.475 0.06875 0.121875
2 0.1828125 0.27421875 0.365625 0.4078125
2 0.6453125 0.34140625 0.24921875 0.2490234375
2 0.8015625 0.3359375 0.2984375 0.2982421875
1 0.2421875 0.196875 0.09375 0.1658203125
2 0.934375 0.25546875 0.13125 0.5048828125
0 0.63125 0.20546875 0.14765625 0.14765625
3 0.7109375 0.76640625 0.18125 0.18125
0 0.8765625 0.10546875 0.115625 0.2048828125
3 0.0421875 0.91328125 0.084375 0.0984375
2 0.16875 0.8859375 0.190625 0.190625
0 0.096875 0.778125 0.1 0.178125
2 0.0859375 0.21953125 0.146875 0.2390625
1 0.8703125 0.33046875 0.09140625 0.0912109375
2 0.984375 0.3359375 0.03125 0.4439453125
3 0.96953125 0.63515625 0.0609375 0.1109375