3 0.06953125 0.34609375 0.1390625 0.1921875
1 0.328125 0.33359375 0.0625 0.1109375
0 0.9546875 0.128125 0.090625 0.14375
1 0.3359375 0.90546875 0.1171875 0.1171875
3 0.89375 0.1109375 0.165625 0.216015625
1 0.4984375 0.35546875 0.09375 0.1669921875
2 0.4890625 0.30546875 0.37578125 0.3759765625
1 0.7296875 0.7640625 0.125 0.12578125
3 0.796875 0.35859375 0.08203125 0.082421875
2 0.2515625 0.3390625 0.2234375 0.2234375
0 0.4078125 0.20859375 0.14296875 0.1431640625
2 0.65625 0.225 0.24375 0.3939453125
3 0.94921875 0.09375 0.1015625 0.128125
0 0.25625 0.2 0.140625 0.25
1 0.97890625 0.6328125 0.0421875 0.08125