0 0.3875 0.34140625 0.09375 0.1669921875
0 0.1578125 0.9140625 0.1296875 0.1298828125
1 0.79375 0.20859375 0.08671875 0.08671875
2 0.621875 0.61953125 0.2328125 0.2328125
1 0.1578125 0.35546875 0.12109375 0.121484375
3 0.0828125 0.06953125 0.10234375 0.10234375
2 0.696875 0.771875 0.121875 0.1220703125
2 0.91328125 0.61328125 0.1734375 0.2109375
0 0.08125 0.60859375 0.1625 0.1734375
0 0.3875 0.20546875 0.12109375 0.1212890625
0 0.240625 0.48046875 0.14296875 0.1431640625
0 0.778125 0.75 0.1859375 0.186328125
0 0.54375 0.3640625 0.13125 0.2341796875
2 0.1203125 0.24609375 0.240625 0.3109375
3 0.30625 0.625 0.1359375 0.1359375
0 0.96875 0.36328125 0.0625 0.0953125
1 0.30625 0.34140625 0.11328125 0.112890625