0 0.5515625 0.871875 0.140625 0.25
2 0.0640625 0.19921875 0.128125 0.1640625
3 0.1640625 0.2140625 0.0875 0.228125
2 0.7171875 0.35546875 0.228125 0.2109375
2 0.99453125 0.478125 0.0109375 0.4439453125
3 0.403125 0.503125 0.1953125 0.1953125
2 0.078125 0.8046875 0.15625 0.23125
2 0.7796875 0.353125 0.1375 0.2439453125
1 0.5578125 0.3640625 0.071875 0.128125
1 0.5546875 0.225 0.0953125 0.0953125
3 0.234375 0.0859375 0.103125 0.159765625
0 0.08671875 0.35 0.1734375 0.178125
1 0.6234375 0.08359375 0.12109375 0.1212890625
0 0.7140625 0.76640625 0.096875 0.171875
3 0.06328125 0.4796875 0.1265625 0.175
2 0.90625 0.475 0.1875 0.5841796875