0 0.8296875 0.621875 0.13125 0.23359375
0 0.5078125 0.128125 0.140625 0.25
0 0.821875 0.3609375 0.090625 0.1609375
3 0.36875 0.1109375 0.165625 0.21640625
1 0.01015625 0.35546875 0.0203125 0.16640625
2 0.01875 0.30546875 0.0375 0.60546875
0 0.9078125 0.10859375 0.11875 0.2109375
1 0.2046875 0.7640625 0.090625 0.1609375
3 0.271875 0.35859375 0.059375 0.10546875
2 0.6703125 0.625 0.2125 0.49453125
0 0.590625 0.21953125 0.1125 0.2
2 0.13125 0.225 0.24375 0.39453125
3 0.746875 0.20546875 0.071875 0.40546875
3 0.44375 0.09453125 0.084375 0.18359375
1 0.51875 0.63359375 0.090625 0.1609375
1 0.5859375 0.896875 0.08125 0.14453125