0 0.3609375 0.33359375 0.140625 0.25
0 0.0296875 0.090625 0.059375 0.1
3 0.2125 0.8859375 0.20625 0.20625
2 0.4359375 0.771875 0.165625 0.1658203125
2 0.2171875 0.478125 0.228125 0.2279296875
2 0.6703125 0.503125 0.23125 0.2310546875
2 0.28125 0.76953125 0.16875 0.16875
0 0.203125 0.08359375 0.090625 0.1609375
2 0.1234375 0.33046875 0.078125 0.1609375
3 0.284375 0.20546875 0.15625 0.271875
3 0.1 0.77109375 0.2 0.2328125
0 0.06484375 0.10234375 0.1296875 0.1546875
3 0.034375 0.63515625 0.06875 0.1359375
2 0.834375 0.34453125 0.2625 0.2625
3 0.8421875 0.478125 0.2265625 0.226953125
0 0.4359375 0.2140625 0.146875 0.259765625
2 0.4453125 0.14140625 0.196875 0.278125
3 0.1296875 0.64140625 0.125 0.244921875
3 0.5203125 0.3390625 0.18125 0.180859375