2 0.2921875 0.496875 0.3359375 0.3359375
2 0.534375 0.2 0.165625 0.23828125
3 0.6890625 0.2140625 0.0875 0.228125
2 0.21875 0.88046875 0.16953125 0.1697265625
3 0.91484375 0.50234375 0.1703125 0.1953125
2 0.303125 0.35 0.25 0.478125
2 0.5375 0.80546875 0.26015625 0.2603515625
2 0.2234375 0.36953125 0.175 0.7330078125
3 0.759375 0.0859375 0.103125 0.159765625
0 0.609375 0.35 0.178125 0.178125
2 0.1 0.490625 0.2 0.265625
3 0.525 0.48046875 0.159375 0.271875
2 0.2984375 0.64140625 0.128125 0.3390625
3 0.21875 0.75546875 0.13828125 0.1380859375