0 0.4859375 0.76640625 0.090625 0.1609375
0 0.7140625 0.09140625 0.1 0.178125
3 0.93046875 0.8859375 0.1390625 0.221875
2 0.93046875 0.478125 0.1390625 0.25546875
3 0.4890625 0.63046875 0.075 0.16640625
2 0.98515625 0.76953125 0.0296875 0.228125
0 0.946875 0.08359375 0.090625 0.1609375
3 0.63125 0.33359375 0.2 0.2109375
2 0.8671875 0.33046875 0.078125 0.1609375
3 0.00078125 0.21640625 0.0015625 0.171875
2 0.6453125 0.6359375 0.13125 0.5890625
3 0.975 0.20546875 0.05 0.271875
3 0.7984375 0.771875 0.23125 0.29453125
0 0.7953125 0.103125 0.1125 0.2
3 0.7171875 0.6359375 0.05625 0.271875
2 0.171875 0.2140625 0.1375 0.421875
3 0.8734375 0.64140625 0.125 0.24453125