0 0.625 0.19140625 0.12109375 0.1212890625
2 0.2328125 0.2 0.203125 0.333984375
1 0.85625 0.075 0.1125 0.112890625
0 0.6265625 0.48046875 0.178125 0.178125
2 0.859375 0.625 0.159375 0.18828125
1 0.7796875 0.475 0.06875 0.121875
2 0.46875 0.275 0.40625 0.4064453125
2 0.90625 0.340625 0.1875 0.221875
1 0.5484375 0.196875 0.09375 0.1658203125
0 0.153125 0.1109375 0.16875 0.1689453125
0 0.93125 0.2046875 0.1375 0.146875
3 0.95546875 0.76640625 0.0890625 0.15
1 0.16875 0.625 0.059375 0.1060546875
3 0.3125 0.9140625 0.128125 0.128125
2 0.475 0.8859375 0.190625 0.190625
0 0.403125 0.778125 0.1390625 0.1390625
2 0.3921875 0.21953125 0.146875 0.2390625
1 0.16875 0.2 0.0875 0.087109375
1 0.171875 0.903125 0.121875 0.1216796875
2 0.075 0.61640625 0.125 0.15