1 0.3171875 0.35859375 0.09375 0.16640625
0 0.9453125 0.9140625 0.09375 0.16640625
1 0.5546875 0.346875 0.06875 0.121875
3 0.484375 0.821875 0.1875 0.35
1 0.3921875 0.6109375 0.090625 0.1609375
2 0.3953125 0.24453125 0.25625 0.48359375
1 0.1703125 0.90859375 0.0875 0.15546875
1 0.9453125 0.35546875 0.0875 0.15546875
3 0.8703125 0.06953125 0.115625 0.0890625
0 0.8640625 0.60859375 0.125 0.221875
1 0.409375 0.76640625 0.084375 0.15
0 0.98828125 0.48046875 0.0234375 0.18359375
2 0.2421875 0.7609375 0.1875 0.471875
2 0.8734375 0.246875 0.13125 0.4890625
3 0.6328125 0.20859375 0.08125 0.06640625