3 0.92578125 0.2078125 0.1484375 0.171875
1 0.9453125 0.49140625 0.065625 0.1169921875
0 0.46875 0.8859375 0.16875 0.1689453125
2 0.9296875 0.22734375 0.140625 0.2421875
2 0.46875 0.496875 0.1796875 0.1794921875
3 0.3828125 0.49453125 0.12890625 0.1291015625
3 0.10234375 0.8140625 0.2046875 0.366015625
1 0.853125 0.775 0.1125 0.1126953125
2 0.1625 0.7609375 0.2734375 0.2734375
1 0.98359375 0.61953125 0.0328125 0.1548828125
0 0.703125 0.3609375 0.1953125 0.1953125
3 0.55 0.76953125 0.20546875 0.20546875
1 0.30625 0.35 0.134375 0.134375
0 0.7734375 0.503125 0.146875 0.147265625