2 0.7765625 0.75 0.128125 0.16640625
2 0.0828125 0.625 0.10625 0.3
0 0.97109375 0.878125 0.0578125 0.2390625
3 0.0296875 0.753125 0.059375 0.21640625
3 0.0203125 0.203125 0.040625 0.1609375
2 0.85625 0.196875 0.084375 0.3890625
2 0.3875 0.75859375 0.2125 0.40546875
3 0.38125 0.63046875 0.06875 0.128125
0 0.03671875 0.878125 0.0734375 0.2390625
3 0.3046875 0.20859375 0.2 0.29453125
1 0.153125 0.61640625 0.090625 0.1609375
2 0.9734375 0.14140625 0.053125 0.278125
2 0.4 0.4890625 0.140625 0.28359375
0 0.98125 0.35546875 0.0375 0.16640625
2 0.4640625 0.6140625 0.159375 0.21640625
3 0.7828125 0.61953125 0.134375 0.2109375
1 0.075 0.075 0.08125 0.14453125