1 0.23125 0.225 0.075 0.1341796875
3 0.08203125 0.2078125 0.1640625 0.184375
0 0.5546875 0.353125 0.096875 0.171875
3 0.97109375 0.36015625 0.0578125 0.0890625
0 0.00234375 0.496875 0.0046875 0.2560546875
3 0.8609375 0.2 0.1375 0.1376953125
3 0.63125 0.896875 0.08125 0.162109375
2 0.0421875 0.165625 0.084375 0.165625
3 0.9515625 0.61328125 0.096875 0.1453125
1 0.03046875 0.35 0.0609375 0.08125
2 0.55 0.503125 0.2 0.212109375
2 0.134375 0.4859375 0.26875 0.353125
3 0.8625 0.753125 0.196875 0.305859375