3 0.29375 0.5 0.16875 0.24453125
0 0.2796875 0.35859375 0.109375 0.19453125
2 0.88515625 0.496875 0.2296875 0.328125
2 0.5125 0.8 0.1875 0.39453125
2 0.7546875 0.73359375 0.1625 0.528125
0 0.0125 0.8859375 0.025 0.221875
2 0.525 0.6140625 0.265625 0.278125
2 0.06796875 0.203125 0.1359375 0.4
1 0.5890625 0.48046875 0.09375 0.16640625
0 0.9109375 0.746875 0.1375 0.24453125
3 0.1984375 0.33359375 0.15625 0.15
3 0.75 0.4890625 0.078125 0.16640625
0 0.6734375 0.34453125 0.0875 0.15546875
0 0.05390625 0.8890625 0.1078125 0.21640625
3 0.3546875 0.1390625 0.09375 0.271875
0 0.7609375 0.621875 0.090625 0.1609375
2 0.1265625 0.503125 0.146875 0.25
0 0.8359375 0.0859375 0.09375 0.16640625
1 0.6796875 0.75 0.0875 0.15546875
3 0.99609375 0.61953125 0.0078125 0.1
3 0.9078125 0.1359375 0.075 0.26640625
3 0.825 0.4859375 0.153125 0.1390625
2 0.7546875 0.34453125 0.128125 0.178125
1 0.203125 0.91640625 0.059375 0.10546875
3 0.8328125 0.6359375 0.084375 0.1609375