3 0.2796875 0.346875 0.21875 0.2189453125
1 0.590625 0.33359375 0.0625 0.1109375
2 0.059375 0.3390625 0.11875 0.55
1 0.5984375 0.90546875 0.1171875 0.1171875
1 0.7609375 0.35546875 0.13046875 0.1302734375
2 0.7515625 0.30546875 0.37578125 0.3759765625
3 0.1171875 0.46875 0.234375 0.296875
1 0.0140625 0.21953125 0.028125 0.1548828125
1 0.96015625 0.76328125 0.0796875 0.1078125
3 0.06953125 0.6359375 0.1390625 0.159375
2 0.5140625 0.3390625 0.2234375 0.2234375
1 0.209375 0.4890625 0.0859375 0.086328125
0 0.6703125 0.20859375 0.14296875 0.143359375
2 0.87421875 0.22421875 0.2515625 0.2984375
0 0.51875 0.2 0.1953125 0.1953125
1 0.02265625 0.77109375 0.0453125 0.0734375