3 0.95 0.36640625 0.1 0.728125
2 0.6703125 0.225 0.284375 0.2845703125
2 0.515625 0.496875 0.303125 0.303125
2 0.13203125 0.79921875 0.2640625 0.2921875
2 0.3609375 0.73359375 0.1625 0.528125
2 0.9125 0.76640625 0.121875 0.3890625
2 0.13359375 0.61328125 0.2671875 0.2703125
3 0.8234375 0.46953125 0.29140625 0.291796875
1 0.1953125 0.48046875 0.13046875 0.130078125
0 0.5171875 0.746875 0.1375 0.2439453125
0 0.7421875 0.20546875 0.12109375 0.1212890625
3 0.35625 0.4890625 0.121875 0.1220703125
0 0.7484375 0.3359375 0.1828125 0.1826171875
0 0.2796875 0.34453125 0.12109375 0.1212890625
3 0.03671875 0.13828125 0.0734375 0.1390625
0 0.3671875 0.621875 0.090625 0.162109375
0 0.4421875 0.0859375 0.1296875 0.1298828125
1 0.2859375 0.75 0.121875 0.1216796875
1 0.9625 0.215625 0.075 0.096875
3 0.66875 0.61953125 0.1203125 0.1203125
3 0.5140625 0.1359375 0.1703125 0.170703125
3 0.828125 0.18046875 0.27734375 0.2775390625
3 0.43125 0.4859375 0.146875 0.146484375
2 0.3609375 0.34453125 0.128125 0.178125
3 0.4390625 0.6359375 0.121875 0.12265625
0 0.66875 0.0890625 0.096875 0.171875
2 0.7484375 0.8859375 0.1671875 0.167578125