1 0.540625 0.76640625 0.075 0.13359375
1 0.98359375 0.35 0.0328125 0.10546875
2 0.1484375 0.63359375 0.159375 0.39453125
2 0.1515625 0.14453125 0.24375 0.28359375
2 0.01796875 0.775 0.0359375 0.221875
2 0.5265625 0.3390625 0.134375 0.48359375
3 0.140625 0.7640625 0.109375 0.18359375
3 0.09375 0.21640625 0.1875 0.4109375
0 0.690625 0.196875 0.11875 0.2109375
0 0.6984375 0.9 0.1 0.178125
2 0.53125 0.60859375 0.15625 0.19453125
3 0.759375 0.46953125 0.215625 0.35546875
0 0.371875 0.871875 0.140625 0.25
3 0.7625 0.153125 0.2125 0.3
0 0.2125 0.353125 0.13125 0.23359375
0 0.228125 0.503125 0.121875 0.21640625
0 0.925 0.90546875 0.103125 0.18359375
3 0.5328125 0.0890625 0.075 0.171875
2 0.6171875 0.19453125 0.1 0.38359375
3 0.95859375 0.1359375 0.0828125 0.26640625
2 0.446875 0.675 0.16875 0.64453125
0 0.3875 0.60859375 0.146875 0.2609375