1 0.49375 0.225 0.1046875 0.1044921875
3 0.2625 0.20859375 0.25625 0.25625
0 0.8171875 0.353125 0.134375 0.134375
2 0.07109375 0.84375 0.1421875 0.196875
0 0.1171875 0.33359375 0.19140625 0.1912109375
1 0.1125 0.91953125 0.0875 0.155078125
0 0.1953125 0.496875 0.2 0.199609375
1 0.103125 0.21953125 0.12578125 0.12578125
0 0.0484375 0.4890625 0.096875 0.2158203125
3 0.89375 0.896875 0.121875 0.121484375
2 0.196875 0.16640625 0.234375 0.234375
1 0.26875 0.35 0.06875 0.121875
1 0.103125 0.4859375 0.059375 0.1060546875
2 0.8125 0.503125 0.20625 0.205859375
2 0.353125 0.4859375 0.3546875 0.3546875