2 0.97265625 0.6140625 0.0546875 0.20546875
2 0.7921875 0.496875 0.115625 0.24453125
1 0.0921875 0.20859375 0.075 0.13359375
0 0.034375 0.61640625 0.06875 0.178125
1 0.6328125 0.46953125 0.065625 0.11640625
3 0.1 0.903125 0.034375 0.1890625
3 0.03671875 0.8859375 0.0734375 0.221875
1 0.709375 0.19140625 0.08125 0.14453125
2 0.2546875 0.48359375 0.128125 0.40546875
1 0.63125 0.35546875 0.084375 0.15
1 0.246875 0.2109375 0.078125 0.1390625
1 0.884375 0.3640625 0.078125 0.1390625
0 0.2515625 0.61640625 0.140625 0.25
2 0.978125 0.1 0.04375 0.19453125
3 0.3328125 0.88046875 0.1375 0.23359375
3 0.9953125 0.20546875 0.009375 0.1609375
0 0.8671875 0.13046875 0.14375 0.25546875
2 0.7984375 0.34453125 0.13125 0.2390625
1 0.090625 0.0890625 0.096875 0.171875