1 0.3171875 0.35859375 0.13046875 0.1302734375
0 0.93984375 0.91328125 0.1203125 0.1296875
1 0.5546875 0.346875 0.06875 0.121875
3 0.484375 0.821875 0.26875 0.26875
1 0.3921875 0.6109375 0.090625 0.159765625
2 0.3953125 0.24453125 0.36953125 0.3697265625
1 0.1703125 0.90859375 0.0875 0.1548828125
1 0.9421875 0.3546875 0.115625 0.121875
3 0.8703125 0.06953125 0.115625 0.0890625
0 0.8640625 0.60859375 0.125 0.221875
1 0.409375 0.76640625 0.084375 0.15
0 0.96796875 0.4796875 0.0640625 0.103125
2 0.2421875 0.7609375 0.1875 0.471875
2 0.859375 0.24609375 0.28125 0.3109375
3 0.6328125 0.20859375 0.07421875 0.0740234375