2 0.1875 0.503125 0.10625 0.271875
3 0.575 0.09140625 0.06875 0.178125
3 0.103125 0.21640625 0.1625 0.2890625
0 0.578125 0.75546875 0.115625 0.20546875
1 0.8125 0.91640625 0.06875 0.121875
3 0.0984375 0.46953125 0.075 0.13359375
1 0.18125 0.078125 0.084375 0.15
3 0.184375 0.34453125 0.290625 0.221875
1 0.4984375 0.35546875 0.065625 0.11640625
3 0.4109375 0.64140625 0.071875 0.13359375
2 0.5734375 0.35 0.121875 0.2390625
2 0.4171875 0.153125 0.090625 0.3
0 0.7984375 0.09140625 0.1 0.178125
3 0.803125 0.20546875 0.0625 0.2890625
2 0.25625 0.75859375 0.175 0.34453125
1 0.3296875 0.903125 0.084375 0.15
0 0.653125 0.203125 0.1375 0.24453125
0 0.8875 0.21640625 0.096875 0.171875
1 0.4234375 0.2109375 0.084375 0.15