0 0.1828125 0.196875 0.13125 0.23359375
3 0.271875 0.2 0.225 0.39453125
2 0.6609375 0.49453125 0.271875 0.35546875
0 0.7390625 0.8859375 0.0875 0.15546875
2 0.6515625 0.778125 0.171875 0.25546875
3 0.73125 0.771875 0.153125 0.24453125
2 0.1984375 0.85 0.203125 0.29453125
1 0.7328125 0.0859375 0.09375 0.16640625
3 0.03828125 0.6359375 0.0765625 0.36640625
2 0.346875 0.2140625 0.240625 0.1890625
3 0.02890625 0.35546875 0.0578125 0.1390625
0 0.8875 0.621875 0.146875 0.2609375
0 0.809375 0.3359375 0.115625 0.20546875
0 0.428125 0.6390625 0.096875 0.171875
2 0.4953125 0.6359375 0.290625 0.571875
3 0.8140625 0.746875 0.1125 0.178125
2 0.01015625 0.86640625 0.0203125 0.2609375
1 0.1875 0.35 0.0625 0.1109375
0 0.95859375 0.90859375 0.0828125 0.171875
2 0.009375 0.26640625 0.01875 0.528125
1 0.65625 0.625 0.096875 0.171875
2 0.6546875 0.7890625 0.196875 0.41640625
2 0.43125 0.803125 0.30625 0.3890625
0 0.8078125 0.2109375 0.1125 0.2
3 0.9625 0.1140625 0.075 0.221875