0 0.0515625 0.77109375 0.103125 0.1390625
2 0.8453125 0.49609375 0.309375 0.3328125
2 0.7875 0.88046875 0.10625 0.233203125
2 0.871875 0.35 0.25 0.478125
1 0.24375 0.90546875 0.09375 0.1669921875
0 0.39375 0.8859375 0.096875 0.171875
2 0.2453125 0.48046875 0.34296875 0.3431640625
2 0.2421875 0.1125 0.228125 0.225
2 0.1671875 0.61640625 0.2 0.2
2 0.78203125 0.36875 0.4359375 0.453125
0 0.25 0.196875 0.1375 0.2439453125
0 0.4671875 0.8890625 0.1640625 0.164453125
3 0.4765625 0.34453125 0.09921875 0.0990234375
2 0.10078125 0.715625 0.2015625 0.321875
2 0.04453125 0.2140625 0.0890625 0.31015625
3 0.39375 0.775 0.2640625 0.264453125
2 0.6375 0.49140625 0.26484375 0.26484375
2 0.8671875 0.64140625 0.23359375 0.23359375
3 0.7875 0.75546875 0.13828125 0.1380859375