0 0.6640625 0.771875 0.11875 0.212109375
1 0.50625 0.34140625 0.11328125 0.1130859375
0 0.01171875 0.75546875 0.0234375 0.2048828125
1 0.2 0.91640625 0.0953125 0.0953125
1 0.9 0.90546875 0.13046875 0.130078125
0 0.5921875 0.103125 0.1125 0.2
2 0.8640625 0.4796875 0.271875 0.340625
2 0.8890625 0.1109375 0.21875 0.2189453125
2 0.8234375 0.61640625 0.171875 0.228125
2 0.0375 0.34921875 0.075 0.1296875
0 0.1859375 0.09140625 0.1390625 0.1390625
3 0.190625 0.20546875 0.17578125 0.17578125
0 0.90625 0.196875 0.1375 0.244140625
0 0.07109375 0.20234375 0.1421875 0.1765625
2 0.584375 0.71640625 0.309375 0.5609375
0 0.275 0.21640625 0.096875 0.171875
0 0.5109375 0.0890625 0.134375 0.134375
2 0.65625 0.2140625 0.24375 0.24453125
1 0.4375 0.2 0.1171875 0.1171875
3 0.940625 0.77421875 0.11875 0.1921875