3 0.1921875 0.346875 0.14375 0.29453125
1 0.503125 0.33359375 0.0625 0.1109375
2 0.015625 0.3390625 0.03125 0.55
1 0.5109375 0.90546875 0.084375 0.15
3 0.99296875 0.1109375 0.0140625 0.21640625
1 0.6734375 0.35546875 0.09375 0.16640625
2 0.6640625 0.30546875 0.146875 0.60546875
3 0.04296875 0.46953125 0.0859375 0.421875
1 0.9046875 0.7640625 0.090625 0.1609375
3 0.015625 0.6359375 0.03125 0.2
3 0.97109375 0.35859375 0.0578125 0.10546875
2 0.4265625 0.3390625 0.196875 0.25
1 0.121875 0.4890625 0.0625 0.1109375
0 0.5828125 0.20859375 0.103125 0.18359375
2 0.83125 0.225 0.24375 0.39453125
0 0.43125 0.2 0.140625 0.25