1 0.428125 0.621875 0.075 0.13359375
1 0.425 0.0859375 0.059375 0.10546875
0 0.734375 0.88046875 0.13125 0.23359375
3 0.809375 0.49453125 0.1125 0.20546875
2 0.2640625 0.6140625 0.115625 0.20546875
0 0.4953125 0.196875 0.109375 0.19453125
3 0.9390625 0.11953125 0.121875 0.23359375
1 0.575 0.21640625 0.08125 0.14453125
2 0.103125 0.6140625 0.134375 0.2890625
3 0.5046875 0.33359375 0.11875 0.19453125
0 0.00703125 0.75 0.0140625 0.2390625
3 0.81875 0.753125 0.08125 0.1390625
0 0.184375 0.3640625 0.090625 0.1609375
2 0.8984375 0.803125 0.146875 0.3890625
0 0.4984375 0.625 0.1125 0.2
1 0.3375 0.8859375 0.078125 0.1390625