0 0.03359375 0.771875 0.0671875 0.2109375
2 0.85703125 0.496875 0.2859375 0.378125
2 0.7875 0.88046875 0.10625 0.23359375
2 0.871875 0.35 0.25 0.478125
1 0.24375 0.90546875 0.09375 0.16640625
0 0.39375 0.8859375 0.096875 0.171875
2 0.2453125 0.48046875 0.203125 0.48359375
2 0.2421875 0.1109375 0.240625 0.21640625
2 0.1671875 0.61640625 0.171875 0.228125
2 0.7921875 0.36953125 0.175 0.73359375
0 0.25 0.196875 0.1375 0.24453125
0 0.4671875 0.8890625 0.11875 0.2109375
3 0.4765625 0.34453125 0.053125 0.14453125
2 0.04140625 0.71640625 0.0828125 0.5609375
2 0.04453125 0.2140625 0.0890625 0.3109375
3 0.39375 0.775 0.190625 0.3390625
2 0.6375 0.49140625 0.11875 0.4109375
2 0.8671875 0.64140625 0.128125 0.3390625
3 0.7875 0.75546875 0.13125 0.14453125