0 0.1875 0.19140625 0.0875 0.15546875
3 0.653125 0.20546875 0.15 0.25
1 0.41875 0.075 0.08125 0.14453125
1 0.8109375 0.503125 0.090625 0.1609375
0 0.1890625 0.48046875 0.128125 0.228125
2 0.421875 0.625 0.159375 0.1890625
1 0.3421875 0.475 0.06875 0.121875
2 0.0828125 0.275 0.165625 0.54453125
2 0.5140625 0.34140625 0.203125 0.29453125
2 0.6703125 0.3359375 0.140625 0.45546875
1 0.1109375 0.196875 0.09375 0.16640625
2 0.8171875 0.25546875 0.159375 0.50546875
3 0.940625 0.153125 0.11875 0.3
0 0.5 0.20546875 0.10625 0.1890625
3 0.5796875 0.76640625 0.2125 0.15
0 0.7453125 0.10546875 0.115625 0.20546875
2 0.0765625 0.8859375 0.153125 0.15
0 0.0078125 0.778125 0.015625 0.178125
2 0.0140625 0.21953125 0.028125 0.2390625
1 0.7390625 0.33046875 0.065625 0.11640625
2 0.9046875 0.3359375 0.134375 0.44453125
3 0.99140625 0.90859375 0.0171875 0.15546875
3 0.896875 0.6359375 0.071875 0.21640625