0 0.9125 0.34140625 0.13046875 0.1302734375
1 0.059375 0.3578125 0.11875 0.13125
0 0.6828125 0.9140625 0.1296875 0.1298828125
1 0.2921875 0.346875 0.0953125 0.0953125
3 0.221875 0.821875 0.1875 0.35
1 0.1296875 0.6109375 0.090625 0.16015625
2 0.15859375 0.24375 0.3171875 0.36875
1 0.6828125 0.35546875 0.0875 0.1548828125
3 0.6078125 0.06953125 0.10234375 0.10234375
0 0.6015625 0.60859375 0.125 0.221875
0 0.9125 0.20546875 0.12109375 0.1212890625
1 0.146875 0.76640625 0.084375 0.15
0 0.765625 0.48046875 0.103125 0.183203125
2 0.0859375 0.76015625 0.171875 0.2734375
2 0.6109375 0.246875 0.13125 0.48828125
3 0.83125 0.625 0.1359375 0.1359375
1 0.83125 0.34140625 0.11328125 0.112890625
3 0.3703125 0.20859375 0.08125 0.066796875