0 0.659375 0.0859375 0.09375 0.16640625
1 0.034375 0.35 0.059375 0.10546875
0 0.965625 0.61640625 0.06875 0.178125
0 0.1203125 0.471875 0.14375 0.25546875
2 0.115625 0.771875 0.146875 0.3
3 0.278125 0.7609375 0.178125 0.1
3 0.95234375 0.8859375 0.0953125 0.221875
0 0.65625 0.871875 0.140625 0.25
0 0.2046875 0.903125 0.096875 0.171875
0 0.7484375 0.771875 0.11875 0.2109375
0 0.1265625 0.61640625 0.1 0.178125
3 0.19375 0.503125 0.184375 0.328125
0 0.00703125 0.90546875 0.0140625 0.18359375
3 0.05859375 0.1359375 0.1171875 0.26640625
3 0.5078125 0.19453125 0.15 0.25546875
0 0.4359375 0.9 0.090625 0.1609375