0 0.6609375 0.76640625 0.12578125 0.12578125
0 0.8890625 0.09140625 0.1390625 0.1390625
2 0.05703125 0.60859375 0.1140625 0.228125
1 0.1078125 0.60859375 0.06875 0.121875
3 0.6640625 0.63046875 0.12109375 0.120703125
3 0.80625 0.33359375 0.20546875 0.20546875
3 0.121875 0.21640625 0.140625 0.140625
2 0.8203125 0.6359375 0.13125 0.58984375
3 0.909375 0.77109375 0.18125 0.2171875
0 0.9421875 0.10234375 0.115625 0.1421875
3 0.8921875 0.6359375 0.1640625 0.1640625
2 0.346875 0.2140625 0.1375 0.421875
3 0.9640625 0.640625 0.071875 0.128125