0 0.796875 0.896875 0.1125 0.2
2 0.0375 0.6328125 0.075 0.146875
0 0.6453125 0.09140625 0.1 0.178125
0 0.31875 0.103125 0.15625 0.15625
2 0.2578125 0.221875 0.203125 0.437890625
1 0.9546875 0.771875 0.090625 0.1
2 0.475 0.503125 0.2421875 0.2423828125
3 0.04140625 0.340625 0.0828125 0.10625
1 0.40625 0.89140625 0.075 0.1330078125
3 0.2453125 0.84140625 0.22421875 0.22421875
2 0.16875 0.471875 0.3 0.300390625
3 0.40625 0.2109375 0.1515625 0.1515625
2 0.93046875 0.77421875 0.1390625 0.1984375
3 0.2484375 0.75546875 0.17890625 0.179296875
2 0.478125 0.61640625 0.26328125 0.2634765625
1 0.94609375 0.19375 0.1078125 0.128125
3 0.165625 0.34453125 0.1765625 0.1765625
3 0.0890625 0.128125 0.128125 0.25
1 0.325 0.76953125 0.09375 0.1669921875
2 0.321875 0.8390625 0.221875 0.2220703125
3 0.1671875 0.15859375 0.23828125 0.23828125