2 0.1453125 0.78046875 0.25859375 0.2583984375
3 0.603125 0.75 0.128125 0.128125
1 0.009375 0.4859375 0.01875 0.128125
3 0.025 0.78046875 0.05 0.2048828125
3 0.9125 0.46953125 0.12734375 0.1275390625
1 0.5359375 0.6140625 0.1171875 0.1171875
1 0.3671875 0.63046875 0.10859375 0.10859375
0 0.7578125 0.621875 0.109375 0.1939453125
1 0.9265625 0.63046875 0.1171875 0.1171875
1 0.834375 0.3609375 0.134375 0.134375
0 0.946875 0.88828125 0.10625 0.1421875
1 0.8421875 0.19140625 0.10390625 0.104296875
1 0.6015625 0.4890625 0.096875 0.171875
2 0.534375 0.103125 0.1640625 0.1640625
3 0.765625 0.35546875 0.28046875 0.2802734375
0 0.378125 0.49140625 0.146875 0.2609375
1 0.1375 0.35546875 0.08671875 0.08671875