3 0.4546875 0.346875 0.21875 0.2189453125
1 0.765625 0.33359375 0.0625 0.1109375
2 0.2296875 0.3390625 0.3390625 0.3390625
3 0.078125 0.8859375 0.15625 0.165625
1 0.7734375 0.90546875 0.1171875 0.1171875
0 0.04609375 0.34375 0.0921875 0.13125
1 0.93515625 0.3546875 0.1296875 0.13125
2 0.9265625 0.30546875 0.146875 0.6048828125
3 0.23125 0.46953125 0.234375 0.421875
1 0.159375 0.21953125 0.0875 0.155078125
3 0.2203125 0.6359375 0.1734375 0.1734375
1 0.0640625 0.625 0.09375 0.166015625
2 0.6890625 0.3390625 0.196875 0.25
1 0.384375 0.4890625 0.0859375 0.086328125
0 0.8453125 0.20859375 0.14296875 0.1431640625
2 0.93984375 0.22421875 0.1203125 0.2109375
0 0.69375 0.2 0.1953125 0.1953125
0 0.075 0.34140625 0.13125 0.2330078125
1 0.1578125 0.771875 0.1 0.1