2 0.040625 0.1109375 0.08125 0.21640625
3 0.334375 0.478125 0.1 0.178125
2 0.33125 0.771875 0.103125 0.3390625
2 0.3390625 0.63359375 0.29375 0.2890625
0 0.8 0.103125 0.1125 0.2
2 0.7390625 0.221875 0.203125 0.4390625
3 0.1828125 0.346875 0.0875 0.15
1 0.028125 0.496875 0.05625 0.121875
0 0.115625 0.3359375 0.090625 0.1609375
2 0.9234375 0.503125 0.153125 0.26640625
3 0.4984375 0.34140625 0.0875 0.15
1 0.8875 0.89140625 0.075 0.13359375
3 0.7265625 0.84140625 0.1375 0.3109375
2 0.65 0.471875 0.3125 0.2890625
3 0.8875 0.2109375 0.153125 0.15
3 0.7296875 0.75546875 0.125 0.23359375
0 0.0015625 0.8890625 0.003125 0.21640625
2 0.93125 0.61640625 0.1375 0.33359375
3 0.646875 0.34453125 0.13125 0.221875
3 0.5703125 0.128125 0.128125 0.25
2 0.334375 0.85546875 0.215625 0.28359375
1 0.80625 0.76953125 0.09375 0.16640625
2 0.803125 0.8390625 0.128125 0.31640625
3 0.6484375 0.15859375 0.165625 0.3109375