3 0.796875 0.36640625 0.31875 0.728125
2 0.4078125 0.225 0.125 0.444140625
2 0.253125 0.496875 0.303125 0.303125
2 0.953125 0.16953125 0.09375 0.3330078125
2 0.13515625 0.73359375 0.2703125 0.3453125
2 0.65 0.76640625 0.25546875 0.25546875
2 0.03515625 0.61328125 0.0703125 0.1390625
3 0.5609375 0.46953125 0.29140625 0.2916015625
0 0.2546875 0.746875 0.1375 0.2439453125
0 0.4796875 0.20546875 0.12109375 0.1212890625
3 0.09375 0.4890625 0.121875 0.1220703125
0 0.4859375 0.3359375 0.13125 0.233984375
0 0.0421875 0.34375 0.084375 0.109375
0 0.1046875 0.621875 0.1265625 0.126171875
0 0.1796875 0.0859375 0.1296875 0.1298828125
1 0.04453125 0.74921875 0.0890625 0.1109375
1 0.7265625 0.21640625 0.08125 0.1451171875
3 0.40625 0.61953125 0.1203125 0.1203125
3 0.2515625 0.1359375 0.075 0.2658203125
3 0.565625 0.18046875 0.2 0.3548828125
3 0.16875 0.4859375 0.146875 0.14609375
1 0.803125 0.475 0.0953125 0.0953125
2 0.8828125 0.2140625 0.21875 0.2189453125
2 0.0984375 0.34453125 0.153125 0.153125
3 0.1765625 0.6359375 0.121875 0.122265625
0 0.40625 0.0890625 0.096875 0.171875
2 0.4859375 0.8859375 0.125 0.21015625