2 0.5140625 0.75 0.146875 0.147265625
3 0.8234375 0.9109375 0.096875 0.171875
0 0.746875 0.878125 0.1859375 0.186328125
2 0.59375 0.196875 0.084375 0.38828125
2 0.1390625 0.7578125 0.278125 0.309375
3 0.11875 0.63046875 0.0984375 0.0984375
0 0.8234375 0.49453125 0.10625 0.1890625
3 0.08984375 0.2078125 0.1796875 0.21875
2 0.8265625 0.14140625 0.284375 0.278125
3 0.9078125 0.11640625 0.1828125 0.1828125
2 0.1375 0.4890625 0.2125 0.2123046875
1 0.903125 0.4890625 0.1 0.1
0 0.746875 0.35546875 0.13046875 0.1302734375
2 0.2015625 0.6140625 0.159375 0.216015625
3 0.5203125 0.61953125 0.134375 0.2109375