0 0.9796875 0.896875 0.040625 0.2
3 0.071875 0.478125 0.1 0.178125
2 0.06875 0.771875 0.103125 0.3390625
2 0.11171875 0.63359375 0.2234375 0.2890625
0 0.8640625 0.09140625 0.1 0.178125
0 0.5375 0.103125 0.1125 0.2
2 0.4765625 0.221875 0.203125 0.4390625
2 0.69375 0.503125 0.21875 0.26640625
3 0.2359375 0.34140625 0.0875 0.15
1 0.625 0.89140625 0.075 0.13359375
3 0.4640625 0.84140625 0.1375 0.3109375
2 0.3875 0.471875 0.3125 0.2890625
3 0.625 0.2109375 0.153125 0.15
3 0.4671875 0.75546875 0.125 0.23359375
2 0.696875 0.61640625 0.19375 0.33359375
3 0.384375 0.34453125 0.13125 0.221875
3 0.3078125 0.128125 0.128125 0.25
2 0.08984375 0.85546875 0.1796875 0.28359375
1 0.54375 0.76953125 0.09375 0.16640625
2 0.540625 0.8390625 0.128125 0.31640625
3 0.3859375 0.15859375 0.165625 0.3109375