2 0.7296875 0.496875 0.3359375 0.3359375
2 0.94453125 0.2 0.1109375 0.237890625
2 0.65625 0.88046875 0.10625 0.2330078125
2 0.740625 0.35 0.3640625 0.3640625
1 0.1125 0.90546875 0.09375 0.166796875
0 0.2625 0.8859375 0.134375 0.134375
2 0.1140625 0.48046875 0.203125 0.4830078125
2 0.11484375 0.1109375 0.2234375 0.221875
2 0.07421875 0.615625 0.1484375 0.175
2 0.953125 0.80546875 0.09375 0.3830078125
2 0.6609375 0.36953125 0.45390625 0.4541015625
0 0.11875 0.196875 0.190625 0.1908203125
0 0.99140625 0.35 0.0171875 0.228125
0 0.3359375 0.8890625 0.11875 0.209765625
3 0.3453125 0.34453125 0.09921875 0.0990234375
3 0.2625 0.775 0.190625 0.337890625
2 0.50625 0.49140625 0.26484375 0.26484375
3 0.921875 0.4796875 0.15625 0.19375
2 0.7359375 0.64140625 0.128125 0.3390625
3 0.65625 0.75546875 0.13828125 0.1380859375