0 0.5375 0.19140625 0.12109375 0.121484375
2 0.1453125 0.2 0.26875 0.2685546875
3 0.94140625 0.20546875 0.1171875 0.1609375
1 0.76875 0.075 0.1125 0.1126953125
0 0.5390625 0.48046875 0.178125 0.178125
2 0.771875 0.625 0.1734375 0.173828125
1 0.6921875 0.475 0.0953125 0.0953125
2 0.38125 0.275 0.26875 0.5439453125
2 0.8640625 0.34140625 0.24921875 0.248828125
2 0.975 0.3359375 0.05 0.4560546875
1 0.4609375 0.196875 0.1296875 0.1298828125
0 0.075 0.11015625 0.15 0.1703125
0 0.85 0.20546875 0.10625 0.1890625
3 0.91171875 0.76640625 0.16328125 0.16328125
1 0.08125 0.625 0.059375 0.105859375
3 0.225 0.9140625 0.128125 0.128125
2 0.3875 0.8859375 0.23125 0.15
0 0.315625 0.778125 0.1390625 0.1390625
2 0.3046875 0.21953125 0.19296875 0.19296875
1 0.08125 0.2 0.0875 0.08671875
1 0.084375 0.903125 0.121875 0.1216796875
2 0.025 0.61640625 0.05 0.15