0 0.4015625 0.196875 0.13125 0.23359375
3 0.490625 0.2 0.225 0.39453125
1 0.090625 0.471875 0.071875 0.128125
2 0.871875 0.49453125 0.25625 0.35546875
0 0.95703125 0.8859375 0.0859375 0.15546875
2 0.8703125 0.778125 0.171875 0.25546875
3 0.93671875 0.771875 0.1265625 0.24453125
2 0.4171875 0.85 0.203125 0.29453125
1 0.9515625 0.0859375 0.09375 0.16640625
3 0.175 0.6359375 0.240625 0.36640625
2 0.565625 0.2140625 0.240625 0.1890625
3 0.24375 0.35546875 0.065625 0.1390625
0 0.98515625 0.3359375 0.0296875 0.20546875
0 0.646875 0.6390625 0.096875 0.171875
2 0.7140625 0.6359375 0.290625 0.571875
3 0.98828125 0.746875 0.0234375 0.178125
3 0.1 0.3640625 0.14375 0.2109375
2 0.175 0.86640625 0.128125 0.2609375
1 0.40625 0.35 0.0625 0.1109375
2 0.11875 0.26640625 0.2375 0.528125
1 0.1828125 0.771875 0.06875 0.121875
1 0.03359375 0.19453125 0.0671875 0.171875
1 0.875 0.625 0.096875 0.171875
2 0.8734375 0.7890625 0.196875 0.41640625
2 0.65 0.803125 0.30625 0.3890625
0 0.98515625 0.2109375 0.0296875 0.2