0 0.7546875 0.33359375 0.140625 0.25
0 0.1359375 0.76640625 0.12578125 0.12578125
0 0.3640625 0.09140625 0.1 0.178125
3 0.60625 0.8859375 0.190625 0.221875
2 0.8296875 0.771875 0.165625 0.1658203125
2 0.6109375 0.478125 0.228125 0.227734375
3 0.1390625 0.63046875 0.12109375 0.1208984375
2 0.975 0.503125 0.05 0.2341796875
2 0.675 0.76953125 0.109375 0.228125
0 0.596875 0.08359375 0.090625 0.1609375
3 0.28125 0.33359375 0.2 0.2109375
2 0.5171875 0.33046875 0.078125 0.1609375
2 0.2953125 0.6359375 0.3609375 0.360546875
3 0.678125 0.20546875 0.2140625 0.2140625
3 0.4484375 0.771875 0.2625 0.2626953125
0 0.4453125 0.103125 0.15625 0.15625
3 0.3671875 0.6359375 0.1640625 0.1640625
0 0.8296875 0.2140625 0.146875 0.259765625
2 0.8390625 0.14140625 0.2375 0.2375
3 0.5234375 0.64140625 0.18515625 0.1849609375
3 0.9140625 0.3390625 0.171875 0.190234375