3 0.83828125 0.36640625 0.3234375 0.4578125
2 0.5828125 0.225 0.284375 0.2845703125
2 0.428125 0.496875 0.303125 0.303125
2 0.0625 0.8 0.125 0.3939453125
2 0.2734375 0.73359375 0.3453125 0.3453125
2 0.825 0.76640625 0.25546875 0.25546875
2 0.10078125 0.61328125 0.2015625 0.2265625
3 0.7359375 0.46953125 0.29140625 0.2916015625
1 0.1078125 0.48046875 0.09375 0.166796875
0 0.4296875 0.746875 0.190625 0.1908203125
0 0.6546875 0.20546875 0.0875 0.1548828125
3 0.26875 0.4890625 0.121875 0.1220703125
0 0.6609375 0.3359375 0.1828125 0.182421875
0 0.1921875 0.34453125 0.12109375 0.121484375
0 0.2796875 0.621875 0.1265625 0.126171875
0 0.3546875 0.0859375 0.1296875 0.130078125
1 0.1984375 0.75 0.121875 0.1216796875
1 0.9015625 0.21640625 0.11328125 0.112890625
3 0.58125 0.61953125 0.140625 0.1
3 0.4265625 0.1359375 0.1703125 0.1705078125
3 0.740625 0.18046875 0.27734375 0.2775390625
3 0.34375 0.4859375 0.146875 0.146484375
1 0.971875 0.475 0.05625 0.121875
2 0.9578125 0.21328125 0.084375 0.1546875
2 0.2734375 0.34453125 0.153125 0.153125
3 0.3515625 0.6359375 0.121875 0.122265625
0 0.58125 0.0890625 0.096875 0.171875
2 0.6609375 0.8859375 0.1671875 0.167578125