0 0.6203125 0.196875 0.13125 0.23359375
3 0.709375 0.2 0.225 0.39453125
1 0.309375 0.471875 0.071875 0.128125
2 0.98125 0.49453125 0.0375 0.35546875
2 0.6359375 0.85 0.203125 0.29453125
3 0.39375 0.6359375 0.240625 0.36640625
2 0.784375 0.2140625 0.240625 0.1890625
3 0.4625 0.35546875 0.065625 0.1390625
0 0.865625 0.6390625 0.096875 0.171875
2 0.89375 0.6359375 0.2125 0.571875
3 0.0015625 0.153125 0.003125 0.3
2 0.1515625 0.76640625 0.134375 0.3109375
3 0.31875 0.3640625 0.14375 0.2109375
2 0.39375 0.86640625 0.128125 0.2609375
3 0.153125 0.478125 0.0875 0.14453125
1 0.625 0.35 0.0625 0.1109375
2 0.3203125 0.26640625 0.271875 0.528125
1 0.4015625 0.771875 0.06875 0.121875
1 0.2375 0.19453125 0.096875 0.171875
1 0.021875 0.08359375 0.04375 0.1609375
2 0.996875 0.7890625 0.00625 0.41640625
2 0.8578125 0.803125 0.284375 0.3890625
3 0.03515625 0.90859375 0.0703125 0.15546875