0 0.6109375 0.621875 0.13125 0.23359375
0 0.2890625 0.128125 0.140625 0.25
0 0.603125 0.3609375 0.090625 0.1609375
3 0.15 0.1109375 0.165625 0.21640625
0 0.85 0.33046875 0.134375 0.2390625
0 0.6890625 0.10859375 0.11875 0.2109375
2 0.89765625 0.3640625 0.2046875 0.228125
1 0.015625 0.7640625 0.03125 0.1609375
3 0.053125 0.35859375 0.059375 0.10546875
2 0.4515625 0.625 0.2125 0.49453125
0 0.371875 0.21953125 0.1125 0.2
2 0.0171875 0.225 0.034375 0.39453125
3 0.528125 0.20546875 0.071875 0.40546875
3 0.225 0.09453125 0.084375 0.18359375
1 0.3 0.63359375 0.090625 0.1609375
2 0.9609375 0.346875 0.078125 0.48359375
1 0.3671875 0.896875 0.08125 0.14453125