0 0.01484375 0.196875 0.0296875 0.23359375
3 0.0828125 0.2 0.165625 0.39453125
2 0.4421875 0.49453125 0.271875 0.35546875
0 0.5203125 0.8859375 0.0875 0.15546875
2 0.4328125 0.778125 0.171875 0.25546875
3 0.5125 0.771875 0.153125 0.24453125
2 0.040625 0.85 0.08125 0.29453125
3 0.99609375 0.20859375 0.0078125 0.221875
1 0.5140625 0.0859375 0.09375 0.16640625
2 0.903125 0.84453125 0.121875 0.30546875
0 0.96171875 0.33359375 0.0765625 0.24453125
1 0.971875 0.91953125 0.05625 0.15546875
2 0.128125 0.2140625 0.240625 0.1890625
0 0.66875 0.621875 0.146875 0.2609375
0 0.99921875 0.496875 0.0015625 0.25546875
1 0.96640625 0.21953125 0.0671875 0.1609375
0 0.590625 0.3359375 0.115625 0.20546875
0 0.209375 0.6390625 0.096875 0.171875
2 0.2765625 0.6359375 0.290625 0.571875
3 0.5953125 0.746875 0.1125 0.178125
0 0.9109375 0.4890625 0.121875 0.21640625
0 0.746875 0.90859375 0.096875 0.171875
1 0.4375 0.625 0.096875 0.171875
1 0.8359375 0.6109375 0.075 0.13359375
1 0.97421875 0.4859375 0.0515625 0.10546875
2 0.4359375 0.7890625 0.196875 0.41640625
2 0.2125 0.803125 0.30625 0.3890625
0 0.5890625 0.2109375 0.1125 0.2
3 0.7515625 0.1140625 0.090625 0.221875