3 0.3671875 0.346875 0.14375 0.29453125
1 0.678125 0.33359375 0.0625 0.1109375
2 0.1421875 0.3390625 0.128125 0.55
3 0.0203125 0.8859375 0.040625 0.221875
1 0.6859375 0.90546875 0.084375 0.15
1 0.8484375 0.35546875 0.09375 0.16640625
2 0.8390625 0.30546875 0.146875 0.60546875
3 0.14375 0.46953125 0.234375 0.421875
1 0.071875 0.21953125 0.0875 0.15546875
3 0.1328125 0.6359375 0.146875 0.2
1 0.01171875 0.625 0.0234375 0.16640625
2 0.6015625 0.3390625 0.196875 0.25
1 0.296875 0.4890625 0.0625 0.1109375
0 0.7578125 0.20859375 0.103125 0.18359375
2 0.9421875 0.225 0.115625 0.39453125
0 0.60625 0.2 0.140625 0.25
0 0.0265625 0.34140625 0.053125 0.23359375
1 0.0703125 0.771875 0.071875 0.128125