1 0.3625 0.225 0.1046875 0.104296875
3 0.13828125 0.20859375 0.24921875 0.24921875
0 0.6859375 0.353125 0.134375 0.134375
0 0.05078125 0.3328125 0.1015625 0.15
1 0.0125 0.91953125 0.025 0.1548828125
0 0.0828125 0.49609375 0.165625 0.1953125
1 0.00859375 0.21953125 0.0171875 0.1609375
3 0.95625 0.2 0.0875 0.116015625
3 0.7625 0.896875 0.121875 0.121484375
2 0.09140625 0.165625 0.1828125 0.23125
1 0.1375 0.35 0.0953125 0.0953125
1 0.01328125 0.48515625 0.0265625 0.0546875
2 0.68125 0.503125 0.2 0.21171875
2 0.221875 0.4859375 0.1875 0.521875
3 0.921875 0.75234375 0.15625 0.2046875