0 0.9125 0.62109375 0.175 0.1828125
0 0.5953125 0.128125 0.1953125 0.1953125
0 0.909375 0.3609375 0.125 0.125390625
3 0.45625 0.1109375 0.190625 0.1908203125
1 0.0625 0.3546875 0.125 0.13125
2 0.121875 0.3046875 0.24375 0.365625
0 0.94921875 0.1078125 0.1015625 0.1375
1 0.2921875 0.7640625 0.125 0.125390625
3 0.359375 0.35859375 0.08203125 0.0822265625
2 0.7578125 0.625 0.353125 0.3533203125
0 0.678125 0.21953125 0.15625 0.15625
0 0.0109375 0.20859375 0.021875 0.183203125
2 0.21875 0.225 0.31875 0.319140625
3 0.834375 0.20546875 0.23828125 0.238671875
3 0.53125 0.09453125 0.13359375 0.1337890625
1 0.60625 0.63359375 0.12578125 0.12578125
1 0.6734375 0.896875 0.08125 0.144140625