1 0.5625 0.2140625 0.078125 0.140234375
1 0.2328125 0.75859375 0.08125 0.1451171875
2 0.625 0.70546875 0.44296875 0.4431640625
3 0.7046875 0.221875 0.10625 0.437890625
2 0.7953125 0.60859375 0.2640625 0.2640625
0 0.465625 0.88046875 0.13125 0.2330078125
1 0.9390625 0.60859375 0.06875 0.121875
3 0.08359375 0.1796875 0.1671875 0.23125
3 0.93984375 0.215625 0.1203125 0.1375
3 0.7078125 0.48359375 0.121875 0.2
3 0.1640625 0.225 0.253125 0.253515625
1 0.4046875 0.6359375 0.1 0.1
0 0.3265625 0.46953125 0.1734375 0.1734375
1 0.1671875 0.0859375 0.1296875 0.1298828125
0 0.546875 0.7609375 0.1734375 0.1734375
3 0.471875 0.7609375 0.1765625 0.176953125
0 0.1546875 0.3640625 0.10625 0.190234375
0 0.48125 0.48046875 0.10625 0.1890625
3 0.2453125 0.153125 0.19375 0.3
3 0.03984375 0.2046875 0.0796875 0.10625
1 0.621875 0.05859375 0.08671875 0.08671875