3 0.1046875 0.346875 0.14375 0.2939453125
1 0.415625 0.33359375 0.0625 0.1109375
1 0.4234375 0.90546875 0.1171875 0.1171875
3 0.94921875 0.1109375 0.1015625 0.2158203125
1 0.5859375 0.35546875 0.13046875 0.1302734375
2 0.5765625 0.30546875 0.146875 0.605078125
1 0.8171875 0.7640625 0.090625 0.159765625
3 0.884375 0.35859375 0.059375 0.1048828125
2 0.3390625 0.3390625 0.2234375 0.2234375
1 0.034375 0.4890625 0.0625 0.109765625
0 0.4953125 0.20859375 0.14296875 0.1431640625
2 0.74375 0.225 0.24375 0.3939453125
0 0.34375 0.2 0.140625 0.25