3 0.5359375 0.90546875 0.140625 0.18359375
3 0.309375 0.771875 0.109375 0.19453125
0 0.93828125 0.7609375 0.1234375 0.23359375
2 0.1609375 0.61640625 0.1375 0.21640625
2 0.9609375 0.496875 0.078125 0.9890625
2 0.703125 0.3640625 0.153125 0.271875
0 0.9671875 0.49140625 0.065625 0.2609375
0 0.384375 0.49140625 0.140625 0.25
1 0.3140625 0.621875 0.078125 0.1390625
0 0.8515625 0.353125 0.10625 0.1890625
2 0.628125 0.18046875 0.26875 0.35546875
2 0.8625 0.63359375 0.115625 0.2
1 0.15 0.771875 0.096875 0.171875
3 0.05390625 0.796875 0.1078125 0.4
2 0.3015625 0.1 0.115625 0.19453125
1 0.4671875 0.6390625 0.08125 0.14453125
1 0.2359375 0.3640625 0.075 0.13359375
2 0.3890625 0.296875 0.2625 0.5890625