1 0.5671875 0.49453125 0.09375 0.166796875
3 0.3265625 0.20859375 0.17265625 0.1724609375
1 0.3328125 0.49140625 0.09140625 0.091015625
2 0.4109375 0.228125 0.284375 0.284375
0 0.875 0.503125 0.14375 0.1435546875
3 0.5640625 0.08359375 0.09375 0.1609375
1 0.240625 0.775 0.08125 0.1439453125
3 0.7875 0.771875 0.1015625 0.1017578125
2 0.715625 0.75546875 0.23046875 0.23046875
0 0.55 0.225 0.134375 0.134375
3 0.92421875 0.190625 0.1515625 0.184375
1 0.3984375 0.61953125 0.12109375 0.1212890625
0 0.09375 0.36015625 0.1875 0.1953125
3 0.03671875 0.76875 0.0734375 0.1375
2 0.790625 0.228125 0.2953125 0.2953125
0 0.1609375 0.503125 0.146875 0.147265625