2 0.14453125 0.19375 0.2890625 0.29375
2 0.378125 0.80546875 0.26875 0.3830078125
3 0.03046875 0.47421875 0.0609375 0.1109375
2 0.97421875 0.49609375 0.0515625 0.0953125
3 0.97890625 0.49453125 0.0421875 0.183203125
3 0.6921875 0.8140625 0.3078125 0.3080078125
3 0.5390625 0.89140625 0.115625 0.1890625
2 0.775 0.7609375 0.2734375 0.2734375
0 0.1515625 0.89453125 0.16015625 0.160546875
0 0.06953125 0.103125 0.1390625 0.15625
0 0.290625 0.128125 0.1953125 0.1953125
1 0.91875 0.35 0.096875 0.171875
2 0.09609375 0.33828125 0.1921875 0.2515625