0 0.3984375 0.75546875 0.146875 0.2609375
3 0.91875 0.49921875 0.1625 0.1890625
0 0.9359375 0.35859375 0.109375 0.194921875
1 0.24375 0.3390625 0.090625 0.159765625
0 0.61875 0.8859375 0.125 0.221875
2 0.70625 0.203125 0.2859375 0.2859375
0 0.1578125 0.13046875 0.14375 0.2548828125
3 0.2328125 0.2359375 0.35625 0.356640625
3 0.8546875 0.33359375 0.153125 0.153125
1 0.159375 0.76640625 0.12109375 0.1212890625
2 0.390625 0.46953125 0.25625 0.25625
0 0.703125 0.8890625 0.16875 0.1689453125
1 0.48125 0.0859375 0.059375 0.1060546875
3 0.95234375 0.13828125 0.0953125 0.1546875
0 0.315625 0.75 0.1296875 0.1298828125
2 0.7828125 0.503125 0.1984375 0.1984375
0 0.4015625 0.203125 0.1515625 0.1517578125
3 0.028125 0.4890625 0.05625 0.190234375
2 0.3234375 0.84140625 0.27890625 0.27890625
3 0.1546875 0.9 0.1265625 0.126171875
1 0.859375 0.91640625 0.08203125 0.082421875