1 0.990625 0.225 0.01875 0.13359375
2 0.1140625 0.49453125 0.228125 0.35546875
0 0.1703125 0.8859375 0.0875 0.15546875
2 0.084375 0.778125 0.16875 0.25546875
3 0.1625 0.771875 0.153125 0.24453125
3 0.7875 0.20859375 0.290625 0.221875
1 0.1640625 0.0859375 0.09375 0.16640625
2 0.553125 0.84453125 0.121875 0.30546875
0 0.6421875 0.33359375 0.1375 0.24453125
1 0.6375 0.91953125 0.0875 0.15546875
0 0.31875 0.621875 0.146875 0.2609375
0 0.7203125 0.496875 0.14375 0.25546875
1 0.628125 0.21953125 0.090625 0.1609375
0 0.240625 0.3359375 0.115625 0.20546875
2 0.0359375 0.6359375 0.071875 0.571875
3 0.2453125 0.746875 0.1125 0.178125
0 0.5609375 0.4890625 0.121875 0.21640625
2 0.721875 0.16640625 0.140625 0.328125
0 0.396875 0.90859375 0.096875 0.171875
1 0.79375 0.35 0.06875 0.121875
1 0.0875 0.625 0.096875 0.171875
1 0.4859375 0.6109375 0.075 0.13359375
1 0.628125 0.4859375 0.059375 0.10546875
2 0.0921875 0.7890625 0.184375 0.41640625
2 0.0078125 0.803125 0.015625 0.3890625
0 0.2390625 0.2109375 0.1125 0.2
3 0.4015625 0.1140625 0.090625 0.221875
2 0.878125 0.4859375 0.1875 0.521875