2 0.2421875 0.19140625 0.24296875 0.2431640625
3 0.95703125 0.9046875 0.0859375 0.11875
3 0.790625 0.771875 0.109375 0.1939453125
2 0.6421875 0.61640625 0.17734375 0.176953125
1 0.3984375 0.628125 0.09375 0.1658203125
3 0.046875 0.7578125 0.09375 0.121875
0 0.865625 0.49140625 0.1953125 0.1953125
0 0.2421875 0.63046875 0.16015625 0.1603515625
1 0.7953125 0.621875 0.1078125 0.108203125
0 0.2484375 0.09140625 0.1390625 0.1390625
2 0.9875 0.18046875 0.025 0.3548828125
3 0.06015625 0.19375 0.1203125 0.209375
1 0.63125 0.771875 0.096875 0.171875
3 0.48125 0.796875 0.215625 0.4
1 0.021875 0.33046875 0.04375 0.1169921875
2 0.7828125 0.1 0.115625 0.194140625
2 0.1578125 0.3609375 0.096875 0.31015625
3 0.15625 0.88046875 0.121875 0.2330078125
1 0.94609375 0.63828125 0.1078125 0.1140625
1 0.7171875 0.3640625 0.1046875 0.104296875
2 0.828125 0.296875 0.34375 0.425