2 0.04921875 0.190625 0.0984375 0.159375
3 0.7109375 0.90546875 0.16171875 0.1619140625
3 0.484375 0.771875 0.109375 0.1939453125
2 0.3359375 0.61640625 0.1375 0.2169921875
1 0.0921875 0.628125 0.1296875 0.1298828125
2 0.878125 0.3640625 0.2125 0.2125
0 0.559375 0.49140625 0.1953125 0.1953125
1 0.4890625 0.621875 0.1078125 0.108203125
0 0.96640625 0.35234375 0.0671875 0.1078125
2 0.803125 0.18046875 0.31171875 0.312109375
2 0.9671875 0.6328125 0.065625 0.109375
1 0.325 0.771875 0.134375 0.134375
3 0.175 0.796875 0.3078125 0.3078125
2 0.4765625 0.1 0.115625 0.1939453125
1 0.6421875 0.6390625 0.1125 0.1126953125
1 0.4109375 0.3640625 0.1046875 0.1044921875
2 0.5640625 0.296875 0.425 0.425390625