0 0.0953125 0.196875 0.1828125 0.1826171875
3 0.184375 0.2 0.225 0.3939453125
2 0.5734375 0.49453125 0.31328125 0.3134765625
0 0.6515625 0.8859375 0.0875 0.1560546875
2 0.5640625 0.778125 0.2140625 0.2138671875
3 0.64375 0.771875 0.153125 0.2439453125
2 0.1171875 0.84921875 0.234375 0.2484375
1 0.6453125 0.0859375 0.09375 0.166015625
2 0.9515625 0.84375 0.096875 0.165625
2 0.259375 0.2140625 0.215625 0.21484375
0 0.8 0.621875 0.146875 0.262109375
0 0.721875 0.3359375 0.115625 0.205859375
0 0.340625 0.6390625 0.134375 0.134375
2 0.4078125 0.6359375 0.43125 0.43125
3 0.7265625 0.746875 0.1453125 0.1453125
0 0.990625 0.4890625 0.01875 0.2158203125
1 0.1 0.35 0.0875 0.087109375
0 0.878125 0.90859375 0.134375 0.134375
1 0.56875 0.625 0.134375 0.134375
1 0.95625 0.61015625 0.0875 0.1015625
2 0.5671875 0.7890625 0.30625 0.3064453125
2 0.34375 0.803125 0.346875 0.347265625
0 0.7203125 0.2109375 0.1125 0.2
3 0.8828125 0.1140625 0.090625 0.221875