0 0.4046875 0.33359375 0.1953125 0.1953125
0 0.03203125 0.09140625 0.0640625 0.178125
3 0.25625 0.8859375 0.20625 0.20625
2 0.4796875 0.771875 0.165625 0.166015625
2 0.2609375 0.478125 0.2 0.255859375
2 0.7140625 0.503125 0.23125 0.2310546875
2 0.325 0.76953125 0.109375 0.228125
0 0.246875 0.08359375 0.090625 0.1609375
3 0.0375 0.3328125 0.075 0.121875
2 0.1671875 0.33046875 0.11953125 0.11953125
2 0.07734375 0.63515625 0.1546875 0.3015625
3 0.328125 0.20546875 0.2140625 0.2140625
3 0.11640625 0.77109375 0.2328125 0.2546875
0 0.0953125 0.103125 0.15625 0.15625
3 0.05078125 0.63515625 0.1015625 0.1578125
2 0.878125 0.34453125 0.153125 0.371875
3 0.8859375 0.478125 0.2265625 0.226953125
0 0.4796875 0.2140625 0.146875 0.26015625
2 0.4890625 0.14140625 0.196875 0.278125
3 0.1734375 0.64140625 0.18515625 0.184765625
3 0.5640625 0.3390625 0.18125 0.18046875