1 0.934375 0.76640625 0.075 0.13359375
2 0.21875 0.478125 0.209375 0.44453125
2 0.5421875 0.63359375 0.159375 0.39453125
2 0.5453125 0.14453125 0.24375 0.28359375
2 0.371875 0.775 0.115625 0.221875
1 0.2953125 0.0890625 0.096875 0.171875
2 0.9203125 0.3390625 0.134375 0.48359375
2 0.234375 0.35 0.21875 0.69453125
3 0.534375 0.7640625 0.109375 0.18359375
3 0.465625 0.21640625 0.23125 0.4109375
0 0.2984375 0.75859375 0.146875 0.2609375
2 0.9234375 0.60859375 0.153125 0.19453125
0 0.765625 0.871875 0.140625 0.25
0 0.60625 0.353125 0.13125 0.23359375
0 0.621875 0.503125 0.121875 0.21640625
3 0.9265625 0.0890625 0.075 0.171875
2 0.98046875 0.19453125 0.0390625 0.38359375
2 0.840625 0.675 0.16875 0.64453125
0 0.78125 0.60859375 0.146875 0.2609375
2 0.1015625 0.475 0.203125 0.58359375