2 0.065625 0.190625 0.13125 0.18125
3 0.7546875 0.90546875 0.16171875 0.1619140625
3 0.528125 0.771875 0.1515625 0.1517578125
2 0.3796875 0.61640625 0.17734375 0.1771484375
1 0.1359375 0.628125 0.1296875 0.1298828125
2 0.9078125 0.3640625 0.184375 0.2125
0 0.603125 0.49140625 0.140625 0.25
0 0.0390625 0.6296875 0.078125 0.121875
1 0.5328125 0.621875 0.1078125 0.108203125
0 0.01796875 0.09140625 0.0359375 0.178125
2 0.846875 0.18046875 0.26875 0.3548828125
1 0.36875 0.771875 0.134375 0.134375
3 0.21875 0.796875 0.215625 0.4
2 0.5203125 0.1 0.115625 0.1939453125
1 0.6859375 0.6390625 0.1125 0.1126953125
1 0.4546875 0.3640625 0.1046875 0.1044921875
2 0.6078125 0.296875 0.425 0.42578125