0 0.1359375 0.75546875 0.20390625 0.20390625
3 0.6875 0.5 0.20625 0.206640625
0 0.6734375 0.35859375 0.15234375 0.1521484375
1 0.0296875 0.33828125 0.059375 0.0921875
2 0.88046875 0.79921875 0.2390625 0.2921875
0 0.35625 0.8859375 0.1734375 0.1734375
2 0.884375 0.61328125 0.23125 0.2453125
2 0.44375 0.203125 0.2859375 0.2859375
1 0.9546875 0.4796875 0.090625 0.115625
3 0.09296875 0.23515625 0.1859375 0.2796875
3 0.5921875 0.33359375 0.153125 0.153125
2 0.128125 0.46953125 0.1125 0.4
0 0.440625 0.8890625 0.16875 0.1689453125
1 0.21875 0.0859375 0.059375 0.1060546875
3 0.7484375 0.1390625 0.1828125 0.1828125
0 0.05859375 0.74921875 0.1171875 0.1296875
2 0.5203125 0.503125 0.1984375 0.1984375
0 0.1390625 0.203125 0.109375 0.1939453125
2 0.1078125 0.840625 0.215625 0.246875
1 0.596875 0.91640625 0.08203125 0.0822265625