0 0.95390625 0.8828125 0.0921875 0.1375
1 0.23125 0.75859375 0.11328125 0.112890625
3 0.1546875 0.20546875 0.115625 0.115625
3 0.08125 0.75859375 0.1296875 0.1296875
3 0.6234375 0.4859375 0.225 0.224609375
1 0.5421875 0.903125 0.1171875 0.1171875
1 0.3890625 0.478125 0.078125 0.137890625
2 0.63125 0.20859375 0.1578125 0.1578125
0 0.95390625 0.11328125 0.0921875 0.1359375
3 0.8671875 0.9 0.1 0.028125
1 0.02265625 0.76953125 0.0453125 0.1451171875
1 0.1609375 0.89453125 0.078125 0.1390625
3 0.240625 0.63359375 0.18515625 0.1849609375
3 0.146875 0.6140625 0.2875 0.171875
3 0.8546875 0.60859375 0.14296875 0.14296875
1 0.1484375 0.35 0.1171875 0.1171875
3 0.4671875 0.34140625 0.084375 0.1390625