0 0.95234375 0.196875 0.0953125 0.23359375
3 0.9734375 0.2 0.053125 0.39453125
1 0.659375 0.471875 0.071875 0.128125
3 0.0140625 0.20546875 0.028125 0.25
1 0.1109375 0.503125 0.090625 0.1609375
2 0.9421875 0.85 0.115625 0.29453125
3 0.74375 0.6359375 0.240625 0.36640625
2 0.0203125 0.3359375 0.040625 0.45546875
3 0.8125 0.35546875 0.065625 0.1390625
2 0.1171875 0.25546875 0.159375 0.50546875
3 0.2671875 0.153125 0.171875 0.3
2 0.5015625 0.76640625 0.134375 0.3109375
3 0.66875 0.3640625 0.14375 0.2109375
0 0.0515625 0.10546875 0.103125 0.20546875
2 0.74375 0.86640625 0.128125 0.2609375
3 0.503125 0.478125 0.0875 0.14453125
1 0.971875 0.35 0.05625 0.1109375
2 0.6703125 0.26640625 0.271875 0.528125
1 0.7515625 0.771875 0.06875 0.121875
1 0.5875 0.19453125 0.096875 0.171875
1 0.3484375 0.08359375 0.090625 0.1609375
1 0.0390625 0.33046875 0.065625 0.11640625
2 0.2046875 0.3359375 0.134375 0.44453125
3 0.3515625 0.90859375 0.1375 0.15546875
3 0.196875 0.6359375 0.071875 0.21640625