2 0.5078125 0.1109375 0.109375 0.2158203125
3 0.815625 0.478125 0.1 0.178125
2 0.8125 0.771875 0.103125 0.337890625
3 0.03828125 0.75 0.0765625 0.171875
2 0.8203125 0.63359375 0.29140625 0.29140625
3 0.6640625 0.346875 0.11875 0.11875
1 0.503125 0.496875 0.0953125 0.0953125
0 0.596875 0.3359375 0.125 0.125390625
3 0.95703125 0.340625 0.0859375 0.10625
3 0.34375 0.46953125 0.071875 0.183203125
1 0.021875 0.61328125 0.04375 0.0796875
2 0.9875 0.471875 0.025 0.28828125
0 0.1890625 0.621875 0.1515625 0.1517578125
1 0.3578125 0.63046875 0.084375 0.15
1 0.265625 0.3609375 0.134375 0.134375
0 0.4234375 0.8890625 0.16875 0.1689453125
1 0.2734375 0.19140625 0.10390625 0.1041015625
1 0.040625 0.4890625 0.08125 0.171875
2 0.0359375 0.10234375 0.071875 0.1140625
3 0.99375 0.128125 0.0125 0.25
3 0.196875 0.35546875 0.28046875 0.2802734375
2 0.815625 0.85546875 0.215625 0.2830078125