1 0.7421875 0.49453125 0.09375 0.1669921875
3 0.5015625 0.20859375 0.128125 0.2169921875
1 0.5078125 0.49140625 0.09140625 0.091015625
0 0.04609375 0.8859375 0.0921875 0.2158203125
2 0.5859375 0.228125 0.284375 0.284375
0 0.99921875 0.503125 0.0015625 0.1841796875
2 0.0671875 0.49609375 0.134375 0.1515625
3 0.7390625 0.08359375 0.12734375 0.12734375
1 0.415625 0.775 0.08125 0.1439453125
3 0.9625 0.771875 0.0375 0.1658203125
2 0.890625 0.75546875 0.1 0.3609375
0 0.725 0.225 0.134375 0.134375
1 0.5734375 0.61953125 0.12109375 0.121484375
0 0.265625 0.3609375 0.1953125 0.1953125
3 0.1125 0.76953125 0.20546875 0.20546875
2 0.90390625 0.22734375 0.1921875 0.2765625
0 0.3359375 0.503125 0.146875 0.14765625