0 0.49375 0.19140625 0.0875 0.15546875
2 0.1015625 0.2 0.203125 0.33359375
3 0.9421875 0.20546875 0.115625 0.25
1 0.725 0.075 0.08125 0.14453125
0 0.4953125 0.48046875 0.128125 0.228125
2 0.728125 0.625 0.159375 0.1890625
1 0.6484375 0.475 0.06875 0.121875
2 0.3375 0.275 0.26875 0.54453125
2 0.8203125 0.34140625 0.203125 0.29453125
2 0.953125 0.3359375 0.09375 0.45546875
1 0.4171875 0.196875 0.09375 0.16640625
0 0.04140625 0.1109375 0.0828125 0.21640625
0 0.80625 0.20546875 0.10625 0.1890625
3 0.8859375 0.76640625 0.2125 0.15
0 0.996875 0.10546875 0.00625 0.20546875
1 0.0375 0.625 0.059375 0.10546875
3 0.18125 0.9140625 0.134375 0.121875
2 0.34375 0.8859375 0.23125 0.15
0 0.271875 0.778125 0.1 0.178125
2 0.2609375 0.21953125 0.146875 0.2390625
1 0.0375 0.2 0.0625 0.1109375
1 0.0421875 0.903125 0.084375 0.15546875
2 0.003125 0.61640625 0.00625 0.15