0 0.4890625 0.771875 0.165625 0.165234375
1 0.33125 0.34140625 0.11328125 0.1130859375
1 0.0375 0.915625 0.075 0.090625
1 0.725 0.90546875 0.13046875 0.1302734375
0 0.875 0.8859375 0.096875 0.171875
0 0.4171875 0.103125 0.15625 0.15625
2 0.7265625 0.48046875 0.203125 0.4830078125
2 0.7234375 0.1125 0.228125 0.225
2 0.6484375 0.61640625 0.2 0.2
0 0.04453125 0.090625 0.0890625 0.11875
3 0.0234375 0.20546875 0.046875 0.2890625
0 0.73125 0.196875 0.1375 0.244140625
0 0.93203125 0.88828125 0.1359375 0.1609375
3 0.9578125 0.34453125 0.053125 0.144921875
2 0.409375 0.71640625 0.43515625 0.43515625
0 0.1 0.21640625 0.134375 0.134375
0 0.3359375 0.0890625 0.134375 0.134375
2 0.48125 0.2140625 0.178125 0.309765625
1 0.2625 0.2 0.1171875 0.1171875
3 0.87109375 0.77421875 0.2578125 0.2640625