2 0.5921875 0.19140625 0.24296875 0.2431640625
0 0.271875 0.6109375 0.2 0.199609375
2 0.94375 0.615625 0.1125 0.146875
1 0.7484375 0.628125 0.1296875 0.1298828125
3 0.3671875 0.75859375 0.1375 0.1375
0 0.5921875 0.63046875 0.16015625 0.1603515625
0 0.5984375 0.09140625 0.1390625 0.1390625
3 0.278125 0.19453125 0.29609375 0.2962890625
1 0.96640625 0.771875 0.0671875 0.171875
3 0.83125 0.796875 0.3078125 0.3078125
1 0.3609375 0.33046875 0.09140625 0.091015625
2 0.5078125 0.3609375 0.203125 0.203515625
3 0.50625 0.88046875 0.17734375 0.177734375