0 0.8140625 0.871875 0.140625 0.25
2 0.08828125 0.496875 0.1765625 0.378125
2 0.271875 0.2 0.165625 0.2390625
3 0.4265625 0.2140625 0.0875 0.228125
2 0.0046875 0.88046875 0.009375 0.23359375
2 0.9328125 0.35546875 0.134375 0.2109375
3 0.665625 0.503125 0.06875 0.321875
2 0.0828125 0.35 0.165625 0.478125
2 0.275 0.80546875 0.1375 0.38359375
2 0.98671875 0.353125 0.0265625 0.24453125
2 0.02421875 0.36953125 0.0484375 0.73359375
1 0.8203125 0.3640625 0.071875 0.128125
1 0.8171875 0.225 0.06875 0.121875
3 0.496875 0.0859375 0.103125 0.1609375
0 0.346875 0.35 0.128125 0.228125
1 0.8859375 0.08359375 0.0875 0.15546875
0 0.9640625 0.76640625 0.071875 0.171875
3 0.2625 0.48046875 0.159375 0.271875
2 0.05 0.64140625 0.1 0.3390625
3 0.0109375 0.75546875 0.021875 0.14453125