3 0.4296875 0.771875 0.1765625 0.1765625
3 0.97578125 0.128125 0.0484375 0.25
0 0.275 0.88359375 0.178125 0.178125
1 0.9015625 0.628125 0.1265625 0.126171875
1 0.4359375 0.475 0.09375 0.1658203125
0 0.7359375 0.88046875 0.13125 0.2330078125
3 0.00625 0.4859375 0.0125 0.183984375
1 0.5125 0.4890625 0.109375 0.108984375
0 0.65625 0.78046875 0.16484375 0.16484375
0 0.2703125 0.1140625 0.1734375 0.1734375
3 0.1234375 0.9 0.0640625 0.0640625
0 0.8875 0.13046875 0.19921875 0.1994140625
2 0.740625 0.64140625 0.3609375 0.3609375
2 0.89140625 0.83828125 0.2171875 0.2453125
3 0.1109375 0.60859375 0.14296875 0.14296875
0 0.509375 0.6140625 0.178125 0.178125
1 0.896875 0.35859375 0.09140625 0.091015625
1 0.6640625 0.08046875 0.0625 0.1109375