1 0.5375 0.225 0.075 0.1341796875
3 0.30625 0.20859375 0.25625 0.25625
0 0.8609375 0.353125 0.134375 0.134375
2 0.0890625 0.84375 0.178125 0.2125
0 0.1609375 0.33359375 0.1375 0.2451171875
1 0.15625 0.91953125 0.12109375 0.1212890625
0 0.2390625 0.496875 0.2 0.199609375
1 0.146875 0.21953125 0.12578125 0.12578125
0 0.08203125 0.48828125 0.1640625 0.1703125
3 0.9375 0.896875 0.121875 0.12109375
2 0.240625 0.16640625 0.234375 0.234375
1 0.3125 0.35 0.0953125 0.0953125
1 0.02109375 0.6109375 0.0421875 0.1341796875
1 0.146875 0.4859375 0.059375 0.1060546875
2 0.85625 0.503125 0.20625 0.205859375
2 0.396875 0.4859375 0.3546875 0.3546875