1 0.6375 0.503125 0.134375 0.134375
3 0.053125 0.9046875 0.10625 0.13125
0 0.4171875 0.7609375 0.1828125 0.1826171875
2 0.55625 0.496875 0.31875 0.987890625
2 0.178125 0.3640625 0.153125 0.271875
2 0.5625 0.3609375 0.2515625 0.2513671875
0 0.4828125 0.49140625 0.146875 0.2609375
0 0.3265625 0.353125 0.146875 0.147265625
3 0.6515625 0.85 0.20625 0.2064453125
2 0.6421875 0.74140625 0.36953125 0.36953125
2 0.1328125 0.1796875 0.265625 0.296875
2 0.3375 0.63359375 0.1578125 0.1578125
3 0.7921875 0.86640625 0.375 0.2609375