2 0.7765625 0.75 0.146875 0.1470703125
2 0.0921875 0.625 0.184375 0.203125
0 0.9484375 0.87734375 0.103125 0.1484375
3 0.0296875 0.753125 0.059375 0.2158203125
3 0.0203125 0.203125 0.040625 0.162109375
2 0.85625 0.196875 0.084375 0.387890625
2 0.3875 0.75859375 0.30859375 0.3087890625
3 0.38125 0.63046875 0.0984375 0.0984375
0 0.05703125 0.87734375 0.1140625 0.1546875
3 0.3046875 0.20859375 0.24765625 0.247265625
1 0.153125 0.61640625 0.090625 0.1609375
2 0.9734375 0.14140625 0.053125 0.278125
2 0.4 0.4890625 0.140625 0.283984375
0 0.96484375 0.3546875 0.0703125 0.103125
2 0.4640625 0.6140625 0.1875 0.1876953125
3 0.7828125 0.61953125 0.17265625 0.17265625
1 0.075 0.075 0.1125 0.1126953125