2 0.9640625 0.19140625 0.071875 0.28359375
3 0.4078125 0.128125 0.05 0.25
0 0.709375 0.6109375 0.14375 0.25546875
1 0.3328125 0.628125 0.090625 0.1609375
3 0.8046875 0.75859375 0.096875 0.178125
0 0.1671875 0.88046875 0.13125 0.23359375
0 0.9859375 0.63046875 0.028125 0.20546875
0 0.0875 0.78046875 0.11875 0.2109375
0 0.99296875 0.09140625 0.0140625 0.178125
0 0.31875 0.13046875 0.14375 0.25546875
3 0.715625 0.19453125 0.209375 0.38359375
2 0.171875 0.64140625 0.24375 0.478125
2 0.3375 0.8390625 0.175 0.31640625
1 0.7984375 0.33046875 0.065625 0.11640625
2 0.9453125 0.3609375 0.096875 0.3109375
3 0.94140625 0.88046875 0.1171875 0.23359375
0 0.00234375 0.6140625 0.0046875 0.228125
1 0.328125 0.35859375 0.065625 0.11640625
1 0.0953125 0.08046875 0.0625 0.1109375