0 0.571875 0.0859375 0.09375 0.166015625
1 0.95703125 0.2078125 0.0859375 0.103125
0 0.89375 0.61640625 0.1390625 0.1390625
0 0.05234375 0.471875 0.1046875 0.255859375
2 0.05078125 0.771875 0.1015625 0.3
3 0.190625 0.7609375 0.1390625 0.1390625
3 0.959375 0.90234375 0.08125 0.1109375
3 0.8828125 0.8859375 0.1765625 0.1765625
0 0.56875 0.871875 0.1953125 0.1953125
0 0.1171875 0.903125 0.096875 0.171875
0 0.6609375 0.771875 0.165625 0.165234375
0 0.04453125 0.61640625 0.0890625 0.178125
3 0.1171875 0.503125 0.234375 0.25625
3 0.04375 0.13515625 0.0875 0.1484375
3 0.4203125 0.19453125 0.20234375 0.2025390625
0 0.3484375 0.9 0.1265625 0.126171875
1 0.946875 0.08828125 0.10625 0.1265625