1 0.06875 0.503125 0.134375 0.134375
0 0.7875 0.875 0.190625 0.1908203125
0 0.9421875 0.34375 0.115625 0.1625
0 0.7796875 0.08359375 0.12578125 0.12578125
1 0.621875 0.475 0.075 0.1341796875
2 0.178125 0.49609375 0.35625 0.5671875
2 0.06953125 0.36015625 0.1390625 0.2109375
0 0.8546875 0.353125 0.15625 0.15625
0 0.7046875 0.771875 0.190625 0.1908203125
3 0.0828125 0.85 0.11875 0.2939453125
2 0.13359375 0.740625 0.2671875 0.35
1 0.7703125 0.61640625 0.09140625 0.0912109375
3 0.22265625 0.853125 0.3171875 0.29375