1 0.834375 0.471875 0.071875 0.128125
3 0.128125 0.20546875 0.2 0.2
1 0.2859375 0.503125 0.1265625 0.126171875
2 0.0703125 0.340625 0.140625 0.19375
3 0.878125 0.63515625 0.24375 0.2828125
2 0.146875 0.33515625 0.29375 0.2984375
3 0.965625 0.35546875 0.06875 0.0921875
2 0.2921875 0.25546875 0.159375 0.505078125
3 0.4421875 0.153125 0.2359375 0.2359375
2 0.6765625 0.76640625 0.22265625 0.22265625
0 0.03359375 0.2046875 0.0671875 0.109375
3 0.08046875 0.76640625 0.1609375 0.15
3 0.84375 0.3640625 0.1765625 0.176953125
0 0.2203125 0.10546875 0.115625 0.205078125
2 0.91015625 0.865625 0.1796875 0.19375
3 0.678125 0.478125 0.115625 0.1158203125
2 0.82265625 0.265625 0.3546875 0.4
1 0.9265625 0.771875 0.0953125 0.0953125
1 0.7625 0.19453125 0.134375 0.134375
1 0.5234375 0.08359375 0.12578125 0.12578125
1 0.2140625 0.33046875 0.09140625 0.0912109375
2 0.3796875 0.3359375 0.2890625 0.289453125
3 0.5265625 0.90859375 0.1375 0.1548828125
3 0.371875 0.6359375 0.14375 0.1439453125