3 0.92578125 0.2078125 0.1484375 0.171875
1 0.9453125 0.49140625 0.09140625 0.0912109375
0 0.46875 0.8859375 0.121875 0.2158203125
2 0.9296875 0.22734375 0.140625 0.2421875
2 0.46875 0.496875 0.175 0.183984375
3 0.3828125 0.49453125 0.12890625 0.129296875
3 0.121875 0.81328125 0.24375 0.2859375
1 0.853125 0.775 0.1125 0.1126953125
2 0.1625 0.7609375 0.2734375 0.2734375
1 0.96796875 0.61875 0.0640625 0.09375
0 0.703125 0.3609375 0.1953125 0.1953125
3 0.55 0.76953125 0.15 0.2609375
1 0.30625 0.35 0.096875 0.171875
0 0.7734375 0.503125 0.10625 0.187890625