0 0.40625 0.19140625 0.0875 0.15546875
2 0.0578125 0.2 0.115625 0.33359375
3 0.871875 0.20546875 0.15 0.25
1 0.6375 0.075 0.08125 0.14453125
1 0.9921875 0.503125 0.015625 0.1609375
0 0.4078125 0.48046875 0.128125 0.228125
2 0.640625 0.625 0.159375 0.1890625
1 0.5609375 0.475 0.06875 0.121875
2 0.25 0.275 0.26875 0.54453125
2 0.7328125 0.34140625 0.203125 0.29453125
2 0.8890625 0.3359375 0.140625 0.45546875
1 0.3296875 0.196875 0.09375 0.16640625
2 0.978125 0.25546875 0.04375 0.50546875
0 0.71875 0.20546875 0.10625 0.1890625
3 0.7984375 0.76640625 0.2125 0.15
0 0.953125 0.10546875 0.09375 0.20546875
3 0.09375 0.9140625 0.134375 0.121875
2 0.25625 0.8859375 0.23125 0.15
0 0.184375 0.778125 0.1 0.178125
2 0.1734375 0.21953125 0.146875 0.2390625
1 0.9578125 0.33046875 0.065625 0.11640625