3 0.9109375 0.771875 0.13125 0.221875
0 0.75625 0.88359375 0.128125 0.228125
1 0.0046875 0.75859375 0.009375 0.14453125
1 0.9171875 0.475 0.09375 0.16640625
3 0.3609375 0.4859375 0.265625 0.18359375
1 0.97734375 0.4890625 0.0453125 0.1390625
1 0.2796875 0.903125 0.084375 0.15
1 0.1265625 0.478125 0.078125 0.1390625
2 0.36875 0.20859375 0.0875 0.228125
0 0.7515625 0.1140625 0.125 0.221875
3 0.6046875 0.9 0.1 0.028125
3 0.0453125 0.63359375 0.090625 0.14453125
3 0.0140625 0.6140625 0.028125 0.171875
3 0.5921875 0.60859375 0.175 0.1109375
0 0.96328125 0.6140625 0.0734375 0.228125
3 0.2046875 0.34140625 0.084375 0.1390625