0 0.6609375 0.76640625 0.12578125 0.12578125
0 0.8890625 0.09140625 0.1390625 0.1390625
2 0.07109375 0.6078125 0.1421875 0.171875
1 0.1078125 0.60859375 0.0953125 0.0953125
3 0.6640625 0.63046875 0.12109375 0.1208984375
3 0.80625 0.33359375 0.20546875 0.20546875
3 0.121875 0.21640625 0.109375 0.171875
2 0.81953125 0.63515625 0.3609375 0.3609375
3 0.909375 0.77109375 0.18125 0.2171875
0 0.95703125 0.103125 0.0859375 0.2
3 0.8921875 0.6359375 0.05625 0.271875
2 0.346875 0.2140625 0.2796875 0.2796875
3 0.9640625 0.640625 0.071875 0.128125