1 0.8859375 0.35859375 0.09375 0.16640625
3 0.9796875 0.821875 0.040625 0.35
1 0.334375 0.775 0.065625 0.11640625
0 0.00390625 0.503125 0.0078125 0.18359375
3 0.2578125 0.6390625 0.121875 0.21640625
1 0.9578125 0.6109375 0.084375 0.1609375
0 0.5 0.3640625 0.1 0.178125
2 0.91796875 0.24453125 0.1640625 0.48359375
1 0.7390625 0.90859375 0.0875 0.15546875
3 0.3390625 0.2140625 0.1875 0.35
1 0.340625 0.61953125 0.065625 0.11640625
3 0.053125 0.19140625 0.10625 0.25546875
1 0.96796875 0.76640625 0.0640625 0.15
2 0.8109375 0.7609375 0.1875 0.471875