0 0.825 0.34140625 0.09375 0.1669921875
1 0.00703125 0.35859375 0.0140625 0.1669921875
0 0.5953125 0.9140625 0.1296875 0.1298828125
1 0.2046875 0.346875 0.0953125 0.0953125
3 0.134375 0.821875 0.26875 0.26875
2 0.9515625 0.61953125 0.096875 0.1546875
1 0.05234375 0.61015625 0.1046875 0.1234375
2 0.125 0.24375 0.25 0.328125
1 0.5953125 0.35546875 0.0875 0.1548828125
3 0.5203125 0.06953125 0.10234375 0.10234375
0 0.5140625 0.60859375 0.1734375 0.1734375
0 0.825 0.20546875 0.12109375 0.1212890625
1 0.059375 0.76640625 0.1171875 0.1171875
0 0.678125 0.48046875 0.14296875 0.1431640625
0 0.9578125 0.3640625 0.084375 0.2341796875
2 0.5234375 0.246875 0.309375 0.309765625
3 0.74375 0.625 0.09375 0.178125
1 0.74375 0.34140625 0.11328125 0.1130859375
3 0.2828125 0.20859375 0.07421875 0.0740234375