3 0.0328125 0.77109375 0.065625 0.1171875
3 0.4953125 0.128125 0.15 0.15
0 0.796875 0.6109375 0.2 0.199609375
1 0.4203125 0.628125 0.1265625 0.126171875
3 0.8921875 0.75859375 0.1375 0.1375
1 0.02109375 0.47421875 0.0421875 0.0828125
0 0.2546875 0.88046875 0.13125 0.2330078125
1 0.04375 0.48828125 0.0875 0.1046875
0 0.175 0.78046875 0.16484375 0.16484375
0 0.40625 0.13046875 0.19921875 0.1994140625
3 0.803125 0.19453125 0.29609375 0.2962890625
2 0.259375 0.64140625 0.3609375 0.3609375
2 0.425 0.8390625 0.2453125 0.2455078125
1 0.8859375 0.33046875 0.09140625 0.0912109375
2 0.95546875 0.36015625 0.0890625 0.1640625
3 0.959375 0.8796875 0.08125 0.13125
0 0.0625 0.61328125 0.125 0.1609375
1 0.415625 0.35859375 0.09140625 0.091015625
1 0.1828125 0.08046875 0.0625 0.1109375