3 0.484375 0.178125 0.284375 0.284375
1 0.5640625 0.0890625 0.096875 0.171875
0 0.0625 0.3296875 0.125 0.159375
3 0.0640625 0.203125 0.128125 0.362109375
2 0.4078125 0.24453125 0.234375 0.4830078125
3 0.6453125 0.14453125 0.21953125 0.2197265625
0 0.109375 0.4859375 0.14375 0.1435546875
1 0.7984375 0.20546875 0.12109375 0.121484375
3 0.65625 0.8609375 0.109375 0.271875
1 0.190625 0.75546875 0.10859375 0.10859375
3 0.3453125 0.121875 0.121875 0.237890625
0 0.646875 0.48359375 0.16484375 0.16484375