0 0.9265625 0.771875 0.11875 0.2109375
3 0.225 0.09140625 0.06875 0.178125
1 0.76875 0.34140625 0.08125 0.14453125
0 0.228125 0.75546875 0.115625 0.20546875
1 0.4625 0.91640625 0.06875 0.121875
1 0.1484375 0.35546875 0.065625 0.11640625
0 0.8546875 0.103125 0.1125 0.2
3 0.0609375 0.64140625 0.071875 0.13359375
2 0.2234375 0.35 0.121875 0.2390625
2 0.0671875 0.153125 0.090625 0.3
0 0.4484375 0.09140625 0.1 0.178125
3 0.453125 0.20546875 0.0625 0.2890625
1 0.0109375 0.903125 0.021875 0.15
0 0.303125 0.203125 0.1375 0.24453125
2 0.84609375 0.71640625 0.3078125 0.5609375
0 0.5375 0.21640625 0.096875 0.171875
0 0.7734375 0.0890625 0.096875 0.171875
2 0.91484375 0.2140625 0.1703125 0.3109375
1 0.0734375 0.2109375 0.084375 0.15
1 0.7 0.2 0.084375 0.15