0 0.95 0.2078125 0.1 0.128125
0 0.3484375 0.621875 0.1828125 0.1826171875
0 0.0671875 0.12734375 0.134375 0.1734375
3 0.965625 0.75234375 0.06875 0.1171875
0 0.340625 0.3609375 0.125 0.125390625
0 0.965625 0.87734375 0.06875 0.1234375
0 0.5875 0.33046875 0.134375 0.2390625
0 0.4265625 0.10859375 0.16484375 0.16484375
2 0.659375 0.3640625 0.253125 0.228125
2 0.1890625 0.625 0.353125 0.3533203125
0 0.109375 0.21953125 0.15625 0.15625
0 0.95078125 0.09375 0.0984375 0.128125
3 0.265625 0.20546875 0.23828125 0.238671875
3 0.02421875 0.09375 0.0484375 0.09375
1 0.04140625 0.63359375 0.0828125 0.1609375
2 0.728125 0.346875 0.1375 0.4841796875
1 0.1046875 0.896875 0.08125 0.1439453125
3 0.9484375 0.34375 0.103125 0.134375