2 0.3765625 0.1109375 0.1625 0.162890625
3 0.684375 0.478125 0.1390625 0.1390625
2 0.68125 0.771875 0.103125 0.337890625
2 0.6890625 0.63359375 0.29140625 0.29140625
2 0.940625 0.22109375 0.11875 0.2265625
3 0.5328125 0.346875 0.11875 0.11875
1 0.371875 0.496875 0.0953125 0.0953125
0 0.465625 0.3359375 0.090625 0.16015625
3 0.8484375 0.34140625 0.11875 0.11875
3 0.2125 0.46953125 0.12734375 0.1275390625
2 0.90546875 0.47109375 0.1890625 0.2234375
0 0.06640625 0.62109375 0.1328125 0.1515625
1 0.2265625 0.63046875 0.1171875 0.1171875
1 0.134375 0.3609375 0.134375 0.134375
0 0.2921875 0.8890625 0.16875 0.1689453125
1 0.1421875 0.19140625 0.075 0.133203125
3 0.94609375 0.34453125 0.1078125 0.1453125
3 0.9203125 0.128125 0.128125 0.25
3 0.10625 0.3546875 0.2125 0.265625
2 0.684375 0.85546875 0.215625 0.2830078125
3 0.9578125 0.15859375 0.084375 0.3109375