1 0.7109375 0.35859375 0.09375 0.16640625
1 0.9484375 0.346875 0.06875 0.121875
3 0.878125 0.821875 0.1875 0.35
1 0.159375 0.775 0.065625 0.11640625
3 0.0828125 0.6390625 0.121875 0.21640625
1 0.7859375 0.6109375 0.090625 0.1609375
0 0.325 0.3640625 0.1 0.178125
2 0.7890625 0.24453125 0.25625 0.48359375
1 0.5640625 0.90859375 0.0875 0.15546875
3 0.1640625 0.2140625 0.1875 0.35
1 0.165625 0.61953125 0.065625 0.11640625
1 0.803125 0.76640625 0.084375 0.15
2 0.6359375 0.7609375 0.1875 0.471875
3 0.99296875 0.20859375 0.0140625 0.06640625