2 0.453125 0.6140625 0.1796875 0.179296875
2 0.2234375 0.496875 0.1796875 0.180078125
1 0.8453125 0.75859375 0.11328125 0.112890625
1 0.0640625 0.46953125 0.065625 0.116796875
3 0.6203125 0.18046875 0.19375 0.355078125
1 0.140625 0.19140625 0.11328125 0.1130859375
3 0.7765625 0.225 0.253125 0.253515625
1 0.0625 0.35546875 0.1171875 0.1171875
1 0.9765625 0.63515625 0.046875 0.0734375
0 0.92578125 0.46875 0.1484375 0.171875
1 0.7796875 0.0859375 0.09375 0.1658203125
1 0.315625 0.3640625 0.109375 0.108984375
3 0.97578125 0.76015625 0.0484375 0.0890625
0 0.7671875 0.3640625 0.1484375 0.148046875
2 0.4625 0.1 0.15 0.1939453125
3 0.8578125 0.153125 0.246875 0.246875
3 0.54375 0.20546875 0.24375 0.1609375
0 0.2984375 0.13046875 0.14375 0.2548828125
2 0.2296875 0.34453125 0.18515625 0.18515625