0 0.034375 0.20859375 0.06875 0.18359375
2 0.8640625 0.75 0.128125 0.16640625
2 0.1703125 0.625 0.10625 0.3
3 0.0828125 0.753125 0.128125 0.21640625
3 0.0859375 0.203125 0.084375 0.1609375
2 0.94375 0.196875 0.084375 0.3890625
2 0.475 0.75859375 0.2125 0.40546875
3 0.46875 0.63046875 0.06875 0.128125
0 0.09375 0.878125 0.134375 0.2390625
3 0.3921875 0.20859375 0.2 0.29453125
1 0.240625 0.61640625 0.090625 0.1609375
2 0.4875 0.4890625 0.140625 0.28359375
0 0.03515625 0.09453125 0.0703125 0.18359375
2 0.5515625 0.6140625 0.159375 0.21640625
3 0.8703125 0.61953125 0.134375 0.2109375
3 0.0234375 0.34453125 0.046875 0.19453125
1 0.1625 0.075 0.08125 0.14453125