0 0.5796875 0.33359375 0.140625 0.25
0 0.003125 0.76640625 0.00625 0.1609375
0 0.1890625 0.09140625 0.1 0.178125
3 0.43125 0.8859375 0.190625 0.221875
2 0.6546875 0.771875 0.0875 0.24453125
2 0.4359375 0.478125 0.2 0.25546875
3 0.00078125 0.63046875 0.0015625 0.16640625
2 0.8875 0.503125 0.225 0.23359375
2 0.5 0.76953125 0.109375 0.228125
0 0.421875 0.08359375 0.090625 0.1609375
3 0.10625 0.33359375 0.2 0.2109375
2 0.3421875 0.33046875 0.078125 0.1609375
2 0.1203125 0.6359375 0.13125 0.5890625
3 0.503125 0.20546875 0.15625 0.271875
3 0.2734375 0.771875 0.23125 0.29453125
0 0.2703125 0.103125 0.1125 0.2
3 0.1921875 0.6359375 0.05625 0.271875
2 0.98828125 0.34453125 0.0234375 0.371875
3 0.990625 0.478125 0.01875 0.29453125
0 0.6546875 0.2140625 0.146875 0.2609375
2 0.6640625 0.14140625 0.196875 0.278125
3 0.3484375 0.64140625 0.125 0.24453125
3 0.7390625 0.3390625 0.171875 0.1890625