0 0.2671875 0.75546875 0.146875 0.2609375
3 0.81875 0.5 0.16875 0.24453125
0 0.8046875 0.35859375 0.109375 0.19453125
1 0.1125 0.3390625 0.090625 0.1609375
2 0.971875 0.8 0.05625 0.39453125
0 0.4875 0.8859375 0.125 0.221875
2 0.95859375 0.6140625 0.0828125 0.278125
2 0.575 0.203125 0.171875 0.4
0 0.04921875 0.13046875 0.0984375 0.25546875
3 0.1125 0.2359375 0.225 0.46640625
3 0.7234375 0.33359375 0.15625 0.15
1 0.0359375 0.76640625 0.071875 0.15546875
2 0.259375 0.46953125 0.1125 0.4
0 0.571875 0.8890625 0.121875 0.21640625
1 0.35 0.0859375 0.059375 0.10546875
3 0.8796875 0.1390625 0.09375 0.271875
0 0.184375 0.75 0.09375 0.16640625
2 0.6515625 0.503125 0.146875 0.25
0 0.2703125 0.203125 0.109375 0.19453125
2 0.1921875 0.84140625 0.246875 0.3109375
3 0.034375 0.9 0.06875 0.1609375
1 0.728125 0.91640625 0.059375 0.10546875