3 0.2796875 0.346875 0.14375 0.29453125
1 0.590625 0.33359375 0.0625 0.1109375
2 0.059375 0.3390625 0.11875 0.55
1 0.5984375 0.90546875 0.084375 0.15
1 0.7609375 0.35546875 0.09375 0.16640625
2 0.7515625 0.30546875 0.146875 0.60546875
3 0.08671875 0.46953125 0.1734375 0.421875
1 0.0140625 0.21953125 0.028125 0.15546875
1 0.9734375 0.7640625 0.053125 0.1609375
3 0.059375 0.6359375 0.11875 0.2
2 0.5140625 0.3390625 0.196875 0.25
1 0.209375 0.4890625 0.0625 0.1109375
0 0.6703125 0.20859375 0.103125 0.18359375
2 0.8984375 0.225 0.203125 0.39453125
0 0.51875 0.2 0.140625 0.25
1 0.009375 0.771875 0.01875 0.128125