1 0.121875 0.621875 0.1046875 0.1044921875
1 0.11875 0.0859375 0.0828125 0.0826171875
0 0.428125 0.88046875 0.13125 0.2330078125
3 0.503125 0.49453125 0.15859375 0.1587890625
2 0.03125 0.61328125 0.0625 0.1109375
0 0.1890625 0.196875 0.1515625 0.151953125
3 0.6578125 0.11953125 0.171875 0.233203125
1 0.26875 0.21640625 0.11328125 0.1130859375
3 0.8125 0.746875 0.15625 0.15625
3 0.1984375 0.33359375 0.15703125 0.156640625
3 0.5125 0.753125 0.109375 0.11015625
2 0.5921875 0.803125 0.2671875 0.267578125
0 0.1921875 0.625 0.15625 0.15625
1 0.04375 0.88515625 0.0875 0.1046875