2 0.5078125 0.1109375 0.109375 0.21640625
3 0.815625 0.478125 0.1 0.178125
2 0.8125 0.771875 0.103125 0.3390625
3 0.03828125 0.75 0.0765625 0.171875
2 0.8203125 0.63359375 0.29375 0.2890625
3 0.6640625 0.346875 0.0875 0.15
1 0.503125 0.496875 0.06875 0.121875
0 0.596875 0.3359375 0.090625 0.1609375
3 0.96796875 0.34140625 0.0640625 0.15
3 0.34375 0.46953125 0.071875 0.18359375
1 0.0046875 0.6140625 0.009375 0.15
2 0.9875 0.471875 0.025 0.2890625
0 0.1890625 0.621875 0.109375 0.19453125
1 0.3578125 0.63046875 0.084375 0.15
1 0.265625 0.3609375 0.096875 0.171875
0 0.4234375 0.8890625 0.121875 0.21640625
1 0.2734375 0.19140625 0.075 0.13359375
1 0.040625 0.4890625 0.08125 0.171875
2 0.01484375 0.103125 0.0296875 0.2
3 0.99375 0.128125 0.0125 0.25
3 0.196875 0.35546875 0.19375 0.36640625
2 0.815625 0.85546875 0.215625 0.28359375