0 0.5765625 0.196875 0.13125 0.23359375
3 0.665625 0.2 0.225 0.39453125
1 0.265625 0.471875 0.071875 0.128125
2 0.959375 0.49453125 0.08125 0.35546875
2 0.9796875 0.778125 0.040625 0.25546875
2 0.5921875 0.85 0.203125 0.29453125
3 0.35 0.6359375 0.240625 0.36640625
2 0.740625 0.2140625 0.240625 0.1890625
3 0.41875 0.35546875 0.065625 0.1390625
0 0.821875 0.6390625 0.096875 0.171875
2 0.871875 0.6359375 0.25625 0.571875
2 0.1078125 0.76640625 0.134375 0.3109375
3 0.275 0.3640625 0.14375 0.2109375
2 0.35 0.86640625 0.128125 0.2609375
3 0.109375 0.478125 0.0875 0.14453125
1 0.58125 0.35 0.0625 0.1109375
2 0.2765625 0.26640625 0.271875 0.528125
1 0.3578125 0.771875 0.06875 0.121875
1 0.19375 0.19453125 0.096875 0.171875
2 0.975 0.7890625 0.05 0.41640625
2 0.825 0.803125 0.30625 0.3890625
3 0.01328125 0.90859375 0.0265625 0.15546875