0 0.7375 0.34140625 0.09375 0.166796875
0 0.5078125 0.9140625 0.1296875 0.130078125
1 0.1171875 0.346875 0.0953125 0.0953125
3 0.0703125 0.821875 0.140625 0.35
2 0.91875 0.61953125 0.1625 0.1984375
2 0.04296875 0.24453125 0.0859375 0.4830078125
1 0.5078125 0.35546875 0.12109375 0.1212890625
3 0.4328125 0.06953125 0.115625 0.0890625
0 0.4265625 0.60859375 0.125 0.221875
0 0.7375 0.20546875 0.12109375 0.1212890625
1 0.0234375 0.765625 0.046875 0.08125
0 0.590625 0.48046875 0.14296875 0.1431640625
0 0.89375 0.3640625 0.1828125 0.1826171875
2 0.4359375 0.246875 0.309375 0.309765625
3 0.65625 0.625 0.1359375 0.1359375
1 0.65625 0.34140625 0.11328125 0.1130859375
3 0.1953125 0.20859375 0.07421875 0.0740234375