2 0.6390625 0.1109375 0.1625 0.1626953125
3 0.946875 0.478125 0.1 0.178125
2 0.91640625 0.77109375 0.1671875 0.2203125
3 0.165625 0.75 0.128125 0.128125
2 0.890625 0.63359375 0.21875 0.2421875
3 0.7953125 0.346875 0.0875 0.15
1 0.634375 0.496875 0.0953125 0.0953125
0 0.728125 0.3359375 0.125 0.125390625
3 0.475 0.46953125 0.12734375 0.127734375
1 0.0984375 0.6140625 0.1171875 0.1171875
0 0.3203125 0.621875 0.109375 0.1939453125
1 0.4890625 0.63046875 0.1171875 0.1171875
1 0.396875 0.3609375 0.134375 0.134375
0 0.5546875 0.8890625 0.16875 0.1689453125
1 0.4046875 0.19140625 0.10390625 0.1041015625
1 0.1640625 0.4890625 0.134375 0.134375
2 0.096875 0.103125 0.128125 0.2
3 0.328125 0.35546875 0.19375 0.3669921875
0 0.00703125 0.49140625 0.0140625 0.2609375
2 0.91953125 0.85546875 0.1609375 0.2830078125