2 0.2890625 0.1109375 0.1625 0.1626953125
3 0.596875 0.478125 0.1390625 0.1390625
2 0.59375 0.771875 0.103125 0.337890625
2 0.6015625 0.63359375 0.29140625 0.29140625
2 0.9078125 0.22109375 0.184375 0.2703125
3 0.4453125 0.346875 0.11875 0.11875
1 0.284375 0.496875 0.06875 0.121875
0 0.378125 0.3359375 0.090625 0.16015625
3 0.7609375 0.34140625 0.11875 0.11875
3 0.125 0.46953125 0.071875 0.1830078125
3 0.96015625 0.84140625 0.0796875 0.3109375
2 0.87265625 0.47109375 0.2546875 0.2671875
3 0.94453125 0.7546875 0.1109375 0.153125
0 0.03359375 0.62109375 0.0671875 0.1109375
1 0.1390625 0.63046875 0.084375 0.15
1 0.04765625 0.3609375 0.0953125 0.171875
0 0.2046875 0.8890625 0.16875 0.1689453125
1 0.0546875 0.19140625 0.075 0.1330078125
3 0.909375 0.34453125 0.1765625 0.1765625
3 0.8328125 0.128125 0.128125 0.25
3 0.0375 0.35546875 0.075 0.3669921875
2 0.596875 0.85546875 0.24921875 0.2494140625
3 0.9109375 0.15859375 0.165625 0.3109375