0 0.3578125 0.771875 0.11875 0.212109375
1 0.2 0.34140625 0.11328125 0.1130859375
1 0.59375 0.90546875 0.13046875 0.1302734375
0 0.74375 0.8859375 0.096875 0.171875
0 0.2859375 0.103125 0.15625 0.15625
2 0.5953125 0.48046875 0.203125 0.483203125
2 0.5921875 0.1125 0.228125 0.225
2 0.5171875 0.61640625 0.171875 0.228125
0 0.6 0.196875 0.190625 0.1908203125
0 0.8171875 0.8890625 0.1640625 0.164453125
3 0.8265625 0.34453125 0.09921875 0.0990234375
2 0.278125 0.71640625 0.43515625 0.43515625
0 0.00859375 0.21640625 0.0171875 0.171875
0 0.2046875 0.0890625 0.096875 0.171875
2 0.35 0.2140625 0.24375 0.244140625
1 0.13125 0.2 0.084375 0.15
3 0.74375 0.775 0.2640625 0.26484375
2 0.92109375 0.490625 0.1578125 0.240625