0 0.2234375 0.75546875 0.146875 0.2609375
3 0.775 0.5 0.20625 0.2064453125
0 0.7609375 0.35859375 0.109375 0.1951171875
1 0.06875 0.3390625 0.125 0.12578125
2 0.95 0.8 0.1 0.394140625
0 0.44375 0.8859375 0.125 0.221875
2 0.9171875 0.61328125 0.165625 0.2015625
2 0.53125 0.203125 0.171875 0.4
0 0.02734375 0.13046875 0.0546875 0.2548828125
3 0.12578125 0.23515625 0.2515625 0.3234375
3 0.6796875 0.33359375 0.153125 0.153125
1 0.0296875 0.765625 0.059375 0.090625
2 0.215625 0.46953125 0.25625 0.25625
0 0.528125 0.8890625 0.16875 0.1689453125
1 0.30625 0.0859375 0.0828125 0.0826171875
3 0.8359375 0.1390625 0.09375 0.271875
0 0.140625 0.75 0.1296875 0.130078125
2 0.6078125 0.503125 0.1984375 0.1984375
0 0.2265625 0.203125 0.109375 0.1939453125
2 0.1484375 0.84140625 0.27890625 0.27890625
3 0.0125 0.9 0.025 0.162109375
1 0.684375 0.91640625 0.08203125 0.0822265625