0 0.4203125 0.871875 0.140625 0.25
3 0.03828125 0.2140625 0.0765625 0.228125
2 0.5859375 0.35546875 0.228125 0.2109375
2 0.92890625 0.478125 0.1421875 0.44453125
3 0.271875 0.503125 0.06875 0.321875
1 0.9953125 0.0890625 0.009375 0.171875
2 0.934375 0.35 0.13125 0.69453125
0 0.984375 0.75859375 0.03125 0.2609375
2 0.6484375 0.353125 0.1375 0.24453125
1 0.4265625 0.3640625 0.071875 0.128125
1 0.4234375 0.225 0.06875 0.121875
3 0.103125 0.0859375 0.103125 0.1609375
0 0.00859375 0.35 0.0171875 0.228125
1 0.4921875 0.08359375 0.0875 0.15546875
0 0.5828125 0.76640625 0.096875 0.171875
2 0.8140625 0.475 0.265625 0.58359375