0 0.4796875 0.11640625 0.128125 0.228125
0 0.7859375 0.3640625 0.13125 0.2341796875
2 0.10703125 0.47109375 0.2140625 0.2546875
3 0.09375 0.19140625 0.11796875 0.1181640625
2 0.5515625 0.5 0.203125 0.20234375
1 0.5484375 0.75546875 0.134375 0.134375
3 0.7875 0.7640625 0.1859375 0.185546875
2 0.409375 0.46953125 0.40546875 0.40546875
3 0.3140625 0.8890625 0.14375 0.2158203125
2 0.815625 0.49375 0.36875 0.375
2 0.8625 0.1859375 0.2703125 0.2705078125
0 0.7125 0.13046875 0.19921875 0.199609375
3 0.86875 0.3609375 0.16875 0.1689453125
1 0.0921875 0.8890625 0.1296875 0.1298828125
2 0.0515625 0.18359375 0.103125 0.1890625
2 0.12265625 0.3328125 0.2453125 0.29375