1 0.9703125 0.76640625 0.059375 0.1330078125
2 0.2625 0.478125 0.209375 0.4439453125
2 0.5859375 0.63359375 0.159375 0.3951171875
2 0.5890625 0.14453125 0.24375 0.2830078125
2 0.415625 0.775 0.16875 0.16875
1 0.3390625 0.0890625 0.096875 0.171875
2 0.90078125 0.33828125 0.1984375 0.2921875
2 0.278125 0.35 0.45625 0.4564453125
3 0.578125 0.7640625 0.146875 0.1466796875
3 0.509375 0.21640625 0.23125 0.4109375
0 0.3421875 0.75859375 0.146875 0.2609375
2 0.00859375 0.353125 0.0171875 0.2439453125
2 0.9453125 0.60859375 0.109375 0.1951171875
0 0.809375 0.871875 0.140625 0.25
0 0.65 0.353125 0.1828125 0.1826171875
0 0.665625 0.503125 0.121875 0.2158203125
3 0.96640625 0.0890625 0.0671875 0.171875
2 0.884375 0.675 0.16875 0.6439453125
0 0.825 0.60859375 0.146875 0.2609375
2 0.165625 0.47421875 0.33125 0.4140625