0 0.86875 0.34140625 0.09375 0.16640625
1 0.02890625 0.35859375 0.0578125 0.16640625
0 0.6390625 0.9140625 0.09375 0.16640625
1 0.2484375 0.346875 0.06875 0.121875
3 0.178125 0.821875 0.1875 0.35
1 0.0859375 0.6109375 0.090625 0.1609375
2 0.10859375 0.24453125 0.2171875 0.48359375
1 0.6390625 0.35546875 0.0875 0.15546875
3 0.5640625 0.06953125 0.115625 0.0890625
0 0.5578125 0.60859375 0.125 0.221875
0 0.86875 0.20546875 0.0875 0.15546875
1 0.103125 0.76640625 0.084375 0.15
0 0.721875 0.48046875 0.103125 0.18359375
0 0.9796875 0.3640625 0.040625 0.23359375
2 0.01484375 0.7609375 0.0296875 0.471875
2 0.5671875 0.246875 0.13125 0.4890625
3 0.7875 0.625 0.09375 0.178125
1 0.7875 0.34140625 0.08125 0.14453125
3 0.3265625 0.20859375 0.08125 0.06640625