2 0.9015625 0.1109375 0.109375 0.2158203125
2 0.06875 0.7796875 0.1375 0.18125
3 0.428125 0.75 0.128125 0.128125
1 0.896875 0.496875 0.0953125 0.0953125
0 0.97265625 0.3359375 0.0546875 0.16015625
3 0.7375 0.46953125 0.12734375 0.1275390625
1 0.3609375 0.6140625 0.084375 0.15
1 0.1921875 0.63046875 0.078125 0.1390625
0 0.5828125 0.621875 0.109375 0.1939453125
1 0.7515625 0.63046875 0.084375 0.15
1 0.659375 0.3609375 0.096875 0.171875
0 0.8171875 0.8890625 0.16875 0.1689453125
1 0.6671875 0.19140625 0.10390625 0.104296875
1 0.4265625 0.4890625 0.096875 0.171875
2 0.359375 0.103125 0.1640625 0.1640625
3 0.590625 0.35546875 0.28046875 0.2802734375
0 0.203125 0.49140625 0.20390625 0.20390625