0 0.1390625 0.771875 0.11875 0.212109375
2 0.89453125 0.49609375 0.2109375 0.2671875
1 0.02578125 0.340625 0.0515625 0.084375
2 0.91875 0.88046875 0.10625 0.2330078125
2 0.9390625 0.35 0.121875 0.478125
1 0.375 0.90546875 0.09375 0.166796875
0 0.525 0.8859375 0.096875 0.171875
0 0.07265625 0.103125 0.1453125 0.15625
2 0.3765625 0.48046875 0.34296875 0.3431640625
2 0.3734375 0.1125 0.228125 0.225
2 0.2984375 0.61640625 0.2 0.2
2 0.846875 0.36875 0.30625 0.45
0 0.38125 0.196875 0.190625 0.191015625
0 0.5984375 0.8890625 0.1640625 0.164453125
3 0.6078125 0.34453125 0.053125 0.1451171875
2 0.15 0.715625 0.3 0.3875
0 0.034375 0.0890625 0.06875 0.103125
2 0.13125 0.2140625 0.24375 0.244140625
3 0.525 0.775 0.190625 0.33828125
2 0.76875 0.49140625 0.26484375 0.26484375
2 0.9328125 0.640625 0.134375 0.203125
3 0.91875 0.75546875 0.13828125 0.1380859375