1 0.6984375 0.49453125 0.13046875 0.1302734375
3 0.4578125 0.20859375 0.128125 0.216796875
1 0.4640625 0.49140625 0.09140625 0.0912109375
0 0.04453125 0.88515625 0.0890625 0.1328125
2 0.5421875 0.228125 0.284375 0.284375
0 0.97734375 0.503125 0.0453125 0.183984375
2 0.05078125 0.49609375 0.1015625 0.1296875
3 0.6953125 0.08359375 0.12734375 0.12734375
1 0.371875 0.775 0.1125 0.1126953125
3 0.91875 0.771875 0.1015625 0.101953125
2 0.846875 0.75546875 0.1 0.3609375
0 0.68125 0.225 0.096875 0.171875
1 0.5296875 0.61953125 0.12109375 0.1212890625
0 0.221875 0.3609375 0.1953125 0.1953125
3 0.071875 0.76953125 0.14375 0.2609375
2 0.88671875 0.22734375 0.2265625 0.2953125
0 0.2921875 0.503125 0.10625 0.187890625