0 0.9265625 0.76953125 0.090625 0.1609375
1 0.621875 0.0640625 0.065625 0.1158203125
0 0.228125 0.896875 0.15625 0.15625
0 0.0765625 0.09140625 0.1 0.178125
0 0.9515625 0.203125 0.096875 0.140625
1 0.5328125 0.896875 0.0953125 0.0953125
1 0.390625 0.771875 0.1 0.1
3 0.7046875 0.496875 0.165625 0.165234375
2 0.0390625 0.50234375 0.078125 0.1421875
2 0.4625 0.775 0.215625 0.321875
3 0.5375 0.6140625 0.165625 0.165625
2 0.04375 0.615625 0.0875 0.16875
1 0.390625 0.19453125 0.09375 0.1669921875
0 0.9609375 0.48515625 0.078125 0.1078125