0 0.8734375 0.621875 0.1828125 0.1826171875
0 0.5515625 0.128125 0.1953125 0.1953125
0 0.865625 0.3609375 0.125 0.125390625
3 0.4125 0.1109375 0.190625 0.1908203125
1 0.04453125 0.3546875 0.0890625 0.115625
2 0.10546875 0.3046875 0.2109375 0.34375
0 0.9328125 0.1078125 0.134375 0.159375
1 0.2484375 0.7640625 0.125 0.12578125
3 0.315625 0.35859375 0.059375 0.1048828125
2 0.7140625 0.625 0.2125 0.4939453125
0 0.634375 0.21953125 0.15625 0.15625
2 0.175 0.225 0.24375 0.3939453125
3 0.790625 0.20546875 0.23828125 0.2384765625
3 0.4875 0.09453125 0.13359375 0.1337890625
1 0.5625 0.63359375 0.12578125 0.12578125
1 0.6296875 0.896875 0.1125 0.1126953125