0 0.4453125 0.196875 0.13125 0.2341796875
3 0.534375 0.2 0.309375 0.3095703125
1 0.134375 0.471875 0.071875 0.128125
2 0.89375 0.49453125 0.2125 0.3548828125
0 0.9640625 0.88515625 0.071875 0.0984375
2 0.903125 0.77734375 0.19375 0.2140625
3 0.93828125 0.77109375 0.1234375 0.1640625
2 0.4609375 0.85 0.203125 0.2939453125
1 0.959375 0.08515625 0.08125 0.1078125
3 0.21875 0.6359375 0.303125 0.3033203125
2 0.609375 0.2140625 0.215625 0.215234375
3 0.2875 0.35546875 0.10234375 0.10234375
0 0.690625 0.6390625 0.096875 0.171875
2 0.7578125 0.6359375 0.43125 0.43125
2 0.021875 0.76640625 0.04375 0.3109375
3 0.14375 0.3640625 0.14375 0.21015625
2 0.21875 0.86640625 0.19453125 0.19453125
3 0.02578125 0.47734375 0.0515625 0.0828125
1 0.45 0.35 0.0625 0.112109375
2 0.17265625 0.265625 0.3453125 0.4
1 0.2265625 0.771875 0.0953125 0.0953125
1 0.06484375 0.19375 0.1296875 0.134375
1 0.91875 0.625 0.096875 0.171875
2 0.909375 0.7890625 0.18125 0.416015625
2 0.69375 0.803125 0.30625 0.387890625