1 0.2171875 0.49453125 0.13046875 0.1302734375
3 0.0203125 0.20859375 0.040625 0.216796875
1 0.0078125 0.49140625 0.015625 0.1169921875
2 0.1015625 0.228125 0.203125 0.284375
1 0.903125 0.775 0.090625 0.0908203125
0 0.525 0.503125 0.14375 0.1435546875
3 0.8265625 0.6390625 0.121875 0.2158203125
3 0.2140625 0.08359375 0.12734375 0.12734375
3 0.4375 0.771875 0.1015625 0.101953125
2 0.365625 0.75546875 0.23046875 0.23046875
3 0.90703125 0.2140625 0.1859375 0.35
0 0.2 0.225 0.096875 0.171875
1 0.909375 0.61953125 0.09140625 0.0912109375
3 0.6046875 0.19140625 0.140625 0.2548828125
1 0.05390625 0.61875 0.1078125 0.121875
2 0.440625 0.228125 0.2953125 0.2953125