1 0.0265625 0.33359375 0.053125 0.1109375
0 0.99140625 0.621875 0.0171875 0.23359375
0 0.7265625 0.128125 0.140625 0.25
1 0.0359375 0.90546875 0.071875 0.15
0 0.99765625 0.3609375 0.0046875 0.1609375
3 0.5875 0.1109375 0.165625 0.21640625
1 0.1921875 0.35546875 0.09375 0.16640625
2 0.1828125 0.30546875 0.146875 0.60546875
1 0.4234375 0.7640625 0.090625 0.1609375
3 0.490625 0.35859375 0.059375 0.10546875
2 0.8890625 0.625 0.2125 0.49453125
2 0.021875 0.3390625 0.04375 0.25
0 0.809375 0.21953125 0.1125 0.2
0 0.1015625 0.20859375 0.103125 0.18359375
2 0.35 0.225 0.24375 0.39453125
3 0.96484375 0.20546875 0.0703125 0.40546875
3 0.6625 0.09453125 0.084375 0.18359375
0 0.01015625 0.2 0.0203125 0.25
1 0.7375 0.63359375 0.090625 0.1609375
1 0.8046875 0.896875 0.08125 0.14453125