0 0.69375 0.34140625 0.13046875 0.1302734375
0 0.4640625 0.9140625 0.09375 0.166015625
1 0.0734375 0.346875 0.0953125 0.0953125
3 0.0796875 0.82109375 0.159375 0.2234375
2 0.915625 0.61953125 0.16875 0.271875
2 0.07578125 0.24375 0.1515625 0.2625
1 0.4640625 0.35546875 0.12109375 0.1212890625
3 0.3890625 0.06953125 0.10234375 0.10234375
2 0.965625 0.77109375 0.06875 0.1015625
0 0.3828125 0.60859375 0.1734375 0.1734375
0 0.69375 0.20546875 0.0875 0.155078125
0 0.546875 0.48046875 0.103125 0.1830078125
0 0.85 0.3640625 0.1828125 0.182421875
2 0.3921875 0.246875 0.309375 0.309765625
3 0.6125 0.625 0.1359375 0.1359375
1 0.6125 0.34140625 0.08125 0.144921875
3 0.1515625 0.20859375 0.07421875 0.0740234375