3 0.9421875 0.2078125 0.115625 0.15
1 0.978125 0.49140625 0.04375 0.1169921875
0 0.5125 0.8859375 0.121875 0.2158203125
2 0.5125 0.496875 0.1796875 0.1794921875
3 0.4265625 0.49453125 0.075 0.1830078125
3 0.13828125 0.81328125 0.2765625 0.3078125
1 0.896875 0.775 0.1125 0.1126953125
3 0.0140625 0.89140625 0.028125 0.1890625
2 0.20625 0.7609375 0.16875 0.378125
0 0.746875 0.3609375 0.1953125 0.1953125
3 0.59375 0.76953125 0.20546875 0.20546875
1 0.35 0.35 0.134375 0.134375
0 0.8171875 0.503125 0.146875 0.147265625