0 0.659375 0.0859375 0.1296875 0.130078125
1 0.0375 0.34921875 0.075 0.0828125
0 0.965625 0.61640625 0.06875 0.178125
0 0.1203125 0.471875 0.14375 0.255859375
2 0.115625 0.771875 0.2234375 0.2234375
3 0.278125 0.7609375 0.1390625 0.1390625
3 0.9359375 0.88515625 0.128125 0.1578125
0 0.65625 0.871875 0.1953125 0.1953125
0 0.2046875 0.903125 0.134375 0.134375
0 0.7484375 0.771875 0.165625 0.16484375
0 0.1265625 0.61640625 0.1390625 0.1390625
3 0.19375 0.503125 0.25625 0.25625
0 0.00703125 0.90546875 0.0140625 0.183203125
3 0.0765625 0.13515625 0.153125 0.1921875
3 0.5078125 0.19453125 0.15 0.2548828125
0 0.4359375 0.9 0.090625 0.16171875