1 0.15625 0.503125 0.096875 0.171875
0 0.875 0.875 0.190625 0.1908203125
0 0.0296875 0.76015625 0.059375 0.1171875
0 0.8671875 0.08359375 0.090625 0.1609375
1 0.709375 0.475 0.075 0.133984375
2 0.2109375 0.49609375 0.421875 0.6109375
2 0.103125 0.36015625 0.20625 0.2515625
0 0.93203125 0.353125 0.1359375 0.15625
0 0.06015625 0.490625 0.1203125 0.16875
0 0.7921875 0.771875 0.1375 0.2439453125
3 0.1703125 0.85 0.20625 0.2064453125
2 0.17265625 0.740625 0.3453125 0.36875
1 0.8578125 0.61640625 0.065625 0.116796875
3 0.31015625 0.853125 0.3171875 0.29375