1 0.125 0.2140625 0.109375 0.10859375
2 0.20390625 0.7046875 0.4078125 0.44375
3 0.2671875 0.221875 0.271875 0.27265625
2 0.3578125 0.60859375 0.2640625 0.2640625
0 0.0640625 0.8796875 0.128125 0.1625
1 0.5015625 0.60859375 0.06875 0.121875
3 0.515625 0.21640625 0.109375 0.171875
3 0.2703125 0.48359375 0.1609375 0.1609375
2 0.740625 0.2140625 0.2796875 0.2796875
1 0.0015625 0.6359375 0.003125 0.128125
0 0.109375 0.7609375 0.1734375 0.1734375
3 0.06875 0.76015625 0.1375 0.1484375
0 0.059375 0.4796875 0.11875 0.14375
1 0.184375 0.05859375 0.08671875 0.08671875