3 0.784375 0.503125 0.1125 0.1126953125
0 0.8703125 0.503125 0.1296875 0.1298828125
3 0.7 0.353125 0.28125 0.2814453125
2 0.04609375 0.77109375 0.0921875 0.1421875
2 0.2328125 0.503125 0.228125 0.2341796875
0 0.71875 0.20546875 0.121875 0.216796875
3 0.7796875 0.90546875 0.084375 0.1330078125
0 0.6296875 0.7609375 0.1125 0.2
3 0.9484375 0.74921875 0.103125 0.1578125
2 0.396875 0.34453125 0.2625 0.2625
3 0.4046875 0.478125 0.2265625 0.226953125
0 0.0359375 0.2140625 0.071875 0.259765625
2 0.053125 0.14140625 0.10625 0.278125
0 0.6390625 0.89453125 0.16015625 0.1603515625
3 0.98828125 0.49140625 0.0234375 0.1548828125
3 0.08671875 0.33828125 0.1734375 0.1796875