0 0.0484375 0.2078125 0.096875 0.125
2 0.8640625 0.75 0.146875 0.1470703125
2 0.1703125 0.625 0.203125 0.203125
3 0.0828125 0.753125 0.128125 0.2158203125
3 0.0859375 0.203125 0.084375 0.16171875
2 0.94375 0.196875 0.084375 0.387890625
2 0.475 0.75859375 0.30859375 0.3087890625
3 0.46875 0.63046875 0.0984375 0.0984375
0 0.09375 0.878125 0.1859375 0.186328125
3 0.3921875 0.20859375 0.24765625 0.2474609375
1 0.240625 0.61640625 0.12578125 0.12578125
2 0.4875 0.4890625 0.2125 0.2123046875
0 0.04921875 0.09375 0.0984375 0.128125
2 0.5515625 0.6140625 0.1875 0.187890625
3 0.8703125 0.61953125 0.134375 0.2109375
3 0.0234375 0.34453125 0.046875 0.194921875
1 0.1625 0.075 0.08125 0.144140625