0 0.5328125 0.76953125 0.090625 0.1609375
1 0.228125 0.0640625 0.065625 0.11640625
2 0.9296875 0.3390625 0.128125 0.55
0 0.6171875 0.203125 0.128125 0.228125
3 0.7734375 0.8859375 0.109375 0.221875
1 0.1390625 0.896875 0.06875 0.121875
0 0.6984375 0.34453125 0.115625 0.20546875
1 0.01640625 0.771875 0.0328125 0.128125
3 0.90703125 0.46953125 0.1859375 0.421875
1 0.859375 0.21953125 0.0875 0.15546875
3 0.3109375 0.496875 0.11875 0.2109375
3 0.9203125 0.6359375 0.146875 0.2
1 0.7640625 0.625 0.09375 0.16640625
2 0.08828125 0.775 0.1765625 0.321875
3 0.14375 0.6140625 0.153125 0.178125
1 0.021875 0.19453125 0.04375 0.16640625
0 0.609375 0.4859375 0.096875 0.171875
0 0.775 0.34140625 0.13125 0.23359375
1 0.8578125 0.771875 0.071875 0.128125