3 0.2984375 0.771875 0.1765625 0.1765625
3 0.8453125 0.128125 0.05 0.25
0 0.14375 0.88359375 0.178125 0.178125
1 0.7703125 0.628125 0.090625 0.162109375
1 0.3046875 0.475 0.09375 0.166015625
0 0.6046875 0.88046875 0.18203125 0.1822265625
1 0.38125 0.4890625 0.109375 0.10859375
0 0.525 0.78046875 0.11875 0.2109375
0 0.1390625 0.1140625 0.1734375 0.1734375
3 0.02109375 0.9 0.03515625 0.03515625
0 0.75625 0.13046875 0.19921875 0.1994140625
2 0.609375 0.64140625 0.3609375 0.3609375
2 0.775 0.8390625 0.175 0.316015625
3 0.0390625 0.60859375 0.078125 0.0890625
0 0.378125 0.6140625 0.178125 0.178125
1 0.765625 0.35859375 0.065625 0.116796875
1 0.5328125 0.08046875 0.08671875 0.08671875