0 0.3 0.34140625 0.13046875 0.1302734375
0 0.0703125 0.9140625 0.1296875 0.1298828125
1 0.70625 0.20859375 0.08671875 0.08671875
2 0.534375 0.61953125 0.2328125 0.2328125
2 0.975 0.6140625 0.05 0.2060546875
1 0.0703125 0.35546875 0.0875 0.155078125
3 0.03046875 0.06875 0.0609375 0.071875
2 0.609375 0.771875 0.121875 0.122265625
2 0.846875 0.6140625 0.134375 0.290234375
0 0.02578125 0.60859375 0.0515625 0.221875
0 0.3 0.20546875 0.0875 0.1548828125
0 0.153125 0.48046875 0.14296875 0.1431640625
0 0.690625 0.75 0.134375 0.237890625
0 0.45625 0.3640625 0.13125 0.2341796875
2 0.03203125 0.246875 0.0640625 0.48828125
3 0.21875 0.625 0.1359375 0.1359375
0 0.928125 0.3640625 0.125 0.125390625
1 0.21875 0.34140625 0.11328125 0.1130859375