0 0.4484375 0.33359375 0.1953125 0.1953125
0 0.06328125 0.09140625 0.1265625 0.1390625
3 0.3 0.8859375 0.20625 0.20625
2 0.5234375 0.771875 0.0875 0.244140625
2 0.3046875 0.478125 0.2 0.2560546875
2 0.7578125 0.503125 0.228125 0.2341796875
2 0.36875 0.76953125 0.16875 0.16875
0 0.290625 0.08359375 0.12578125 0.12578125
3 0.0375 0.33359375 0.075 0.2109375
2 0.2109375 0.33046875 0.078125 0.1609375
2 0.09375 0.63515625 0.1875 0.3234375
3 0.371875 0.20546875 0.15625 0.271875
3 0.1421875 0.771875 0.23125 0.2939453125
0 0.1390625 0.103125 0.1125 0.2
3 0.0609375 0.6359375 0.05625 0.271875
2 0.8953125 0.34375 0.209375 0.2625
3 0.925 0.478125 0.15 0.2939453125
0 0.5234375 0.2140625 0.146875 0.259765625
2 0.5328125 0.14140625 0.196875 0.278125
3 0.2171875 0.64140625 0.125 0.244921875
3 0.6078125 0.3390625 0.18125 0.180859375