1 0.890625 0.76640625 0.075 0.13359375
2 0.175 0.478125 0.209375 0.44453125
2 0.4984375 0.63359375 0.159375 0.39453125
2 0.5015625 0.14453125 0.24375 0.28359375
2 0.328125 0.775 0.115625 0.221875
1 0.2515625 0.0890625 0.096875 0.171875
2 0.8765625 0.3390625 0.134375 0.48359375
2 0.190625 0.35 0.21875 0.69453125
3 0.490625 0.7640625 0.109375 0.18359375
3 0.421875 0.21640625 0.23125 0.4109375
0 0.2546875 0.75859375 0.146875 0.2609375
0 0.990625 0.196875 0.01875 0.2109375
0 0.99921875 0.9 0.0015625 0.178125
2 0.88125 0.60859375 0.15625 0.19453125
0 0.721875 0.871875 0.140625 0.25
0 0.5625 0.353125 0.13125 0.23359375
0 0.578125 0.503125 0.121875 0.21640625
3 0.8828125 0.0890625 0.075 0.171875
2 0.95859375 0.19453125 0.0828125 0.38359375
2 0.796875 0.675 0.16875 0.64453125
0 0.7375 0.60859375 0.146875 0.2609375
2 0.0796875 0.475 0.159375 0.58359375