0 0.4921875 0.33359375 0.140625 0.25
0 0.1015625 0.09140625 0.1 0.178125
3 0.34375 0.8859375 0.190625 0.221875
2 0.5671875 0.771875 0.0875 0.24453125
2 0.3484375 0.478125 0.2 0.25546875
2 0.8015625 0.503125 0.228125 0.23359375
2 0.4125 0.76953125 0.109375 0.228125
0 0.334375 0.08359375 0.090625 0.1609375
3 0.059375 0.33359375 0.11875 0.2109375
2 0.2546875 0.33046875 0.078125 0.1609375
2 0.04921875 0.6359375 0.0984375 0.5890625
3 0.415625 0.20546875 0.15625 0.271875
3 0.1859375 0.771875 0.23125 0.29453125
0 0.1828125 0.103125 0.1125 0.2
3 0.1046875 0.6359375 0.05625 0.271875
2 0.94453125 0.34453125 0.1109375 0.371875
3 0.946875 0.478125 0.10625 0.29453125
0 0.5671875 0.2140625 0.146875 0.2609375
2 0.5765625 0.14140625 0.196875 0.278125
3 0.2609375 0.64140625 0.125 0.24453125
3 0.6515625 0.3390625 0.171875 0.1890625