0 0.484375 0.0859375 0.09375 0.16640625
1 0.8796875 0.20859375 0.075 0.13359375
0 0.80625 0.61640625 0.1 0.178125
0 0.00859375 0.471875 0.0171875 0.25546875
2 0.00703125 0.771875 0.0140625 0.3
3 0.103125 0.7609375 0.178125 0.1
3 0.8875 0.903125 0.034375 0.1890625
3 0.7953125 0.8859375 0.13125 0.221875
0 0.48125 0.871875 0.140625 0.25
0 0.0390625 0.903125 0.078125 0.171875
0 0.5734375 0.771875 0.11875 0.2109375
0 0.00078125 0.61640625 0.0015625 0.178125
2 0.9890625 0.48359375 0.021875 0.40546875
1 0.99765625 0.2109375 0.0046875 0.1390625
3 0.05546875 0.503125 0.1109375 0.328125
0 0.984375 0.61640625 0.03125 0.25
3 0.3328125 0.19453125 0.15 0.25546875
0 0.2609375 0.9 0.090625 0.1609375
1 0.878125 0.0890625 0.096875 0.171875