0 0.9578125 0.896875 0.084375 0.2
3 0.0515625 0.478125 0.103125 0.128125
2 0.0703125 0.77109375 0.140625 0.2078125
2 0.103125 0.6328125 0.20625 0.234375
0 0.8203125 0.09140625 0.1390625 0.1390625
0 0.49375 0.103125 0.15625 0.15625
2 0.4328125 0.221875 0.3203125 0.320703125
2 0.65 0.503125 0.21875 0.266015625
3 0.1921875 0.34140625 0.11875 0.11875
1 0.58125 0.89140625 0.075 0.1330078125
3 0.4203125 0.84140625 0.22421875 0.22421875
2 0.34375 0.471875 0.3 0.300390625
3 0.58125 0.2109375 0.153125 0.15
3 0.4234375 0.75546875 0.125 0.2330078125
2 0.653125 0.61640625 0.26328125 0.2634765625
3 0.340625 0.34453125 0.1765625 0.1765625
3 0.2640625 0.128125 0.1890625 0.1890625
2 0.0859375 0.8546875 0.171875 0.209375
1 0.5 0.76953125 0.13046875 0.130078125
2 0.496875 0.8390625 0.128125 0.3158203125
3 0.3421875 0.15859375 0.23828125 0.23828125