1 0.109375 0.33359375 0.0625 0.1109375
0 0.8140625 0.128125 0.140625 0.25
1 0.1171875 0.90546875 0.084375 0.15
3 0.675 0.1109375 0.165625 0.21640625
1 0.2796875 0.35546875 0.09375 0.16640625
2 0.2703125 0.30546875 0.146875 0.60546875
1 0.5109375 0.7640625 0.090625 0.1609375
3 0.578125 0.35859375 0.059375 0.10546875
2 0.93515625 0.625 0.1296875 0.49453125
2 0.065625 0.3390625 0.13125 0.25
0 0.896875 0.21953125 0.1125 0.2
0 0.1890625 0.20859375 0.103125 0.18359375
2 0.4375 0.225 0.24375 0.39453125
3 0.75 0.09453125 0.084375 0.18359375
0 0.05390625 0.2 0.1078125 0.25
1 0.825 0.63359375 0.090625 0.1609375
1 0.8921875 0.896875 0.08125 0.14453125