0 0.3578125 0.196875 0.13125 0.23359375
3 0.446875 0.2 0.225 0.39453125
1 0.046875 0.471875 0.071875 0.128125
2 0.8359375 0.49453125 0.271875 0.35546875
0 0.9140625 0.8859375 0.0875 0.15546875
2 0.8265625 0.778125 0.171875 0.25546875
3 0.90625 0.771875 0.153125 0.24453125
2 0.3734375 0.85 0.203125 0.29453125
1 0.9078125 0.0859375 0.09375 0.16640625
3 0.13125 0.6359375 0.240625 0.36640625
2 0.521875 0.2140625 0.240625 0.1890625
3 0.2 0.35546875 0.065625 0.1390625
0 0.99453125 0.621875 0.0109375 0.2609375
0 0.96328125 0.3359375 0.0734375 0.20546875
0 0.603125 0.6390625 0.096875 0.171875
2 0.6703125 0.6359375 0.290625 0.571875
3 0.96640625 0.746875 0.0671875 0.178125
3 0.0640625 0.3640625 0.128125 0.2109375
2 0.13125 0.86640625 0.128125 0.2609375
1 0.3625 0.35 0.0625 0.1109375
2 0.096875 0.26640625 0.19375 0.528125
1 0.1390625 0.771875 0.06875 0.121875
1 0.01171875 0.19453125 0.0234375 0.171875
1 0.83125 0.625 0.096875 0.171875
2 0.8296875 0.7890625 0.196875 0.41640625
2 0.60625 0.803125 0.30625 0.3890625
0 0.96328125 0.2109375 0.0734375 0.2