0 0.4421875 0.75546875 0.146875 0.2609375
3 0.9546875 0.5 0.090625 0.24453125
0 0.9625 0.35859375 0.075 0.19453125
1 0.2875 0.3390625 0.090625 0.1609375
0 0.6625 0.8859375 0.125 0.221875
2 0.75 0.203125 0.171875 0.4
0 0.2015625 0.13046875 0.14375 0.25546875
3 0.2765625 0.2359375 0.246875 0.46640625
3 0.8984375 0.33359375 0.15625 0.15
1 0.203125 0.76640625 0.0875 0.15546875
2 0.434375 0.46953125 0.1125 0.4
0 0.746875 0.8890625 0.121875 0.21640625
1 0.525 0.0859375 0.059375 0.10546875
0 0.359375 0.75 0.09375 0.16640625
2 0.8265625 0.503125 0.146875 0.25
0 0.4453125 0.203125 0.109375 0.19453125
3 0.05 0.4890625 0.1 0.1890625
2 0.3671875 0.84140625 0.246875 0.3109375
3 0.1984375 0.9 0.090625 0.1609375
1 0.903125 0.91640625 0.059375 0.10546875