0 0.7078125 0.76953125 0.12578125 0.12578125
1 0.403125 0.0640625 0.065625 0.1158203125
0 0.0328125 0.896875 0.065625 0.2
0 0.7921875 0.203125 0.128125 0.228125
3 0.93203125 0.88515625 0.1359375 0.1640625
1 0.3140625 0.896875 0.0953125 0.0953125
0 0.8734375 0.34453125 0.115625 0.2048828125
1 0.171875 0.771875 0.1 0.1
3 0.94296875 0.46875 0.1140625 0.215625
1 0.9953125 0.21953125 0.009375 0.1548828125
3 0.4859375 0.496875 0.165625 0.16484375
1 0.93671875 0.62421875 0.1265625 0.1296875
2 0.24375 0.775 0.26875 0.26875
3 0.31875 0.6140625 0.165625 0.165625
1 0.171875 0.19453125 0.13046875 0.1302734375
0 0.784375 0.4859375 0.134375 0.134375
0 0.9421875 0.34140625 0.115625 0.233203125
1 0.9828125 0.771875 0.034375 0.065625