3 0.171875 0.503125 0.08125 0.14453125
0 0.2578125 0.503125 0.09375 0.16640625
2 0.7140625 0.2 0.203125 0.33359375
3 0.09296875 0.353125 0.1859375 0.36640625
2 0.9078125 0.275 0.184375 0.54453125
1 0.99140625 0.196875 0.0171875 0.16640625
0 0.634375 0.1109375 0.121875 0.21640625
0 0.10625 0.20546875 0.121875 0.21640625
3 0.1671875 0.90546875 0.084375 0.13359375
0 0.03671875 0.7609375 0.0734375 0.2
3 0.40625 0.75 0.128125 0.271875
1 0.65 0.625 0.059375 0.10546875
3 0.79375 0.9140625 0.134375 0.121875
2 0.9203125 0.8859375 0.159375 0.15
0 0.884375 0.778125 0.1 0.178125
2 0.8734375 0.21953125 0.146875 0.2390625
1 0.65 0.2 0.0625 0.1109375
0 0.0421875 0.89453125 0.084375 0.20546875
3 0.4078125 0.49140625 0.0875 0.15546875
1 0.653125 0.903125 0.0875 0.15546875
2 0.55625 0.61640625 0.125 0.15