2 0.1578125 0.1109375 0.109375 0.21640625
3 0.465625 0.478125 0.1 0.178125
2 0.4625 0.771875 0.103125 0.3390625
2 0.4703125 0.63359375 0.29375 0.2890625
0 0.93125 0.103125 0.1125 0.2
2 0.8703125 0.221875 0.203125 0.4390625
3 0.3140625 0.346875 0.0875 0.15
1 0.153125 0.496875 0.06875 0.121875
0 0.246875 0.3359375 0.090625 0.1609375
2 0.9890625 0.503125 0.021875 0.26640625
3 0.6296875 0.34140625 0.0875 0.15
3 0.01484375 0.46953125 0.0296875 0.18359375
1 0.990625 0.89140625 0.01875 0.13359375
3 0.8578125 0.84140625 0.1375 0.3109375
2 0.78125 0.471875 0.3125 0.2890625
3 0.97109375 0.2109375 0.0578125 0.15
3 0.8609375 0.75546875 0.125 0.23359375
1 0.025 0.63046875 0.05 0.15
0 0.0734375 0.8890625 0.121875 0.21640625
2 0.996875 0.61640625 0.00625 0.33359375
3 0.778125 0.34453125 0.13125 0.221875
3 0.7015625 0.128125 0.128125 0.25
2 0.465625 0.85546875 0.215625 0.28359375
1 0.9375 0.76953125 0.09375 0.16640625
2 0.934375 0.8390625 0.128125 0.31640625
3 0.7796875 0.15859375 0.165625 0.3109375