3 0.33125 0.2109375 0.2640625 0.2642578125
2 0.7328125 0.2 0.275 0.3
1 0.1875 0.76640625 0.11328125 0.1130859375
3 0.815625 0.2140625 0.175 0.174609375
3 0.103125 0.3609375 0.090625 0.1560546875
2 0.84140625 0.24921875 0.3171875 0.3765625
0 0.4140625 0.196875 0.11875 0.212109375
3 0.02265625 0.19921875 0.0453125 0.0703125
0 0.8078125 0.6140625 0.1640625 0.164453125
1 0.8078125 0.34453125 0.10859375 0.10859375
0 0.4203125 0.49453125 0.18203125 0.182421875
3 0.0984375 0.6140625 0.1859375 0.185546875
0 0.9109375 0.77109375 0.178125 0.2046875
0 0.653125 0.9109375 0.134375 0.134375
0 0.640625 0.64140625 0.13046875 0.130078125
2 0.9375 0.0890625 0.121875 0.171875
3 0.2671875 0.2109375 0.3296875 0.330078125
0 0.8875 0.196875 0.1515625 0.1517578125
2 0.9453125 0.215625 0.109375 0.121875
1 0.4203125 0.078125 0.084375 0.15
3 0.02109375 0.753125 0.0421875 0.3060546875