0 0.2453125 0.871875 0.140625 0.25
2 0.4109375 0.35546875 0.21953125 0.21953125
2 0.7875 0.478125 0.3265625 0.3267578125
3 0.096875 0.50234375 0.19375 0.1953125
2 0.99609375 0.14453125 0.0078125 0.2830078125
2 0.928125 0.775 0.14375 0.16875
1 0.8640625 0.0890625 0.134375 0.134375
2 0.7875 0.34921875 0.425 0.4578125
3 0.91796875 0.215625 0.1640625 0.246875
0 0.8671875 0.75859375 0.20390625 0.20390625
2 0.4734375 0.353125 0.190625 0.1908203125
1 0.2515625 0.3640625 0.1 0.1
1 0.2484375 0.225 0.0953125 0.0953125
1 0.3171875 0.08359375 0.0875 0.1548828125
0 0.4078125 0.76640625 0.134375 0.134375
2 0.6390625 0.475 0.425 0.4248046875