2 0.5109375 0.496875 0.3359375 0.3359375
2 0.753125 0.2 0.2015625 0.201953125
3 0.9078125 0.2140625 0.1578125 0.1578125
2 0.4375 0.88046875 0.16953125 0.169921875
2 0.521875 0.35 0.3640625 0.3640625
0 0.05546875 0.88515625 0.1109375 0.1328125
2 0.03125 0.11015625 0.0625 0.1140625
2 0.75625 0.80546875 0.26015625 0.260546875
2 0.4421875 0.36953125 0.45390625 0.4541015625
3 0.96328125 0.0859375 0.0734375 0.159765625
0 0.828125 0.35 0.128125 0.228125
0 0.1171875 0.8890625 0.1640625 0.164453125
3 0.1265625 0.34453125 0.09921875 0.0990234375
3 0.06953125 0.775 0.1390625 0.337890625
2 0.2875 0.49140625 0.26484375 0.26484375
3 0.74375 0.48046875 0.215625 0.215625
2 0.5171875 0.64140625 0.128125 0.3390625
3 0.4375 0.75546875 0.13828125 0.1380859375