3 0.1921875 0.346875 0.14375 0.2939453125
1 0.503125 0.33359375 0.08671875 0.08671875
2 0.08046875 0.3390625 0.1609375 0.290625
1 0.5109375 0.90546875 0.084375 0.15
3 0.9671875 0.11015625 0.065625 0.1140625
1 0.6734375 0.35546875 0.09375 0.1669921875
2 0.6640625 0.30546875 0.37578125 0.3759765625
3 0.084375 0.46875 0.16875 0.253125
1 0.9046875 0.7640625 0.090625 0.159765625
3 0.015625 0.6359375 0.03125 0.2
3 0.96484375 0.3578125 0.0703125 0.08125
2 0.4265625 0.3390625 0.2234375 0.2234375
1 0.121875 0.4890625 0.0859375 0.086328125
0 0.5828125 0.20859375 0.14296875 0.1431640625
2 0.83125 0.225 0.31875 0.3189453125
0 0.43125 0.2 0.1953125 0.1953125