2 0.5140625 0.75 0.128125 0.16640625
3 0.8234375 0.9109375 0.096875 0.171875
0 0.746875 0.878125 0.134375 0.2390625
2 0.59375 0.196875 0.084375 0.3890625
2 0.125 0.75859375 0.2125 0.40546875
3 0.11875 0.63046875 0.06875 0.128125
0 0.8234375 0.49453125 0.10625 0.1890625
3 0.07109375 0.20859375 0.1421875 0.29453125
2 0.8265625 0.14140625 0.284375 0.278125
3 0.9078125 0.11640625 0.1375 0.228125
2 0.1375 0.4890625 0.140625 0.28359375
1 0.903125 0.4890625 0.071875 0.128125
0 0.746875 0.35546875 0.09375 0.16640625
2 0.2015625 0.6140625 0.159375 0.21640625
3 0.5203125 0.61953125 0.134375 0.2109375