1 0.9421875 0.215625 0.115625 0.125
3 0.9484375 0.746875 0.078125 0.2
0 0.48125 0.875 0.190625 0.191015625
0 0.7015625 0.34453125 0.20390625 0.20390625
0 0.4734375 0.08359375 0.090625 0.1609375
1 0.315625 0.475 0.1046875 0.104296875
0 0.5484375 0.353125 0.15625 0.15625
0 0.3984375 0.771875 0.1375 0.2439453125
3 0.86875 0.89453125 0.0875 0.1548828125
1 0.4640625 0.61640625 0.09140625 0.0912109375
2 0.9328125 0.74921875 0.134375 0.1890625
3 0.86875 0.346875 0.259375 0.187890625
3 0.05234375 0.86640625 0.1046875 0.2609375
1 0.784375 0.61953125 0.0625 0.1109375