3 0.534375 0.36640625 0.31875 0.728125
2 0.1453125 0.225 0.125 0.44453125
2 0.06484375 0.496875 0.1296875 0.328125
2 0.7671875 0.16953125 0.246875 0.33359375
2 0.3875 0.76640625 0.121875 0.3890625
3 0.2984375 0.46953125 0.25 0.33359375
0 0.03046875 0.746875 0.0609375 0.24453125
0 0.2171875 0.20546875 0.0875 0.15546875
0 0.2234375 0.3359375 0.13125 0.23359375
1 0.4640625 0.21640625 0.08125 0.14453125
3 0.14375 0.61953125 0.140625 0.1
3 0.01328125 0.1359375 0.0265625 0.26640625
3 0.303125 0.18046875 0.2 0.35546875
1 0.540625 0.475 0.06875 0.121875
2 0.6203125 0.2140625 0.14375 0.29453125
0 0.14375 0.0890625 0.096875 0.171875
2 0.2234375 0.8859375 0.125 0.2109375
2 0.95078125 0.34140625 0.0984375 0.478125