0 0.5296875 0.75546875 0.146875 0.2609375
3 0.9984375 0.5 0.003125 0.24453125
1 0.375 0.3390625 0.090625 0.1609375
0 0.75 0.8859375 0.125 0.221875
2 0.8375 0.203125 0.171875 0.4
0 0.2890625 0.13046875 0.14375 0.25546875
3 0.3640625 0.2359375 0.246875 0.46640625
3 0.95390625 0.33359375 0.0921875 0.15
1 0.290625 0.76640625 0.0875 0.15546875
2 0.521875 0.46953125 0.1125 0.4
0 0.834375 0.8890625 0.121875 0.21640625
1 0.6125 0.0859375 0.059375 0.10546875
0 0.446875 0.75 0.09375 0.16640625
2 0.9140625 0.503125 0.146875 0.25
0 0.5328125 0.203125 0.109375 0.19453125
3 0.1328125 0.4890625 0.109375 0.1890625
2 0.4546875 0.84140625 0.246875 0.3109375
3 0.2859375 0.9 0.090625 0.1609375
1 0.98046875 0.91640625 0.0390625 0.10546875