0 0.0390625 0.08515625 0.078125 0.1078125
1 0.3984375 0.20859375 0.10390625 0.104296875
0 0.325 0.61640625 0.1 0.178125
1 0.9390625 0.46953125 0.065625 0.1169921875
3 0.40625 0.903125 0.034375 0.187890625
3 0.3140625 0.8859375 0.13125 0.221875
0 0.05703125 0.87109375 0.1140625 0.1609375
1 0.971875 0.190625 0.05625 0.084375
0 0.0921875 0.771875 0.165625 0.165234375
2 0.5609375 0.48359375 0.26640625 0.2666015625
1 0.9375 0.35546875 0.1171875 0.1171875
1 0.553125 0.2109375 0.078125 0.140234375
0 0.5578125 0.61640625 0.1953125 0.1953125
3 0.6390625 0.88046875 0.18515625 0.185546875
1 0.396875 0.0890625 0.134375 0.134375