2 0.58125 0.503125 0.10625 0.271875
3 0.9671875 0.09140625 0.065625 0.178125
3 0.496875 0.21640625 0.1625 0.2890625
0 0.95703125 0.75546875 0.0859375 0.20546875
1 0.2578125 0.64140625 0.075 0.13359375
2 0.2703125 0.196875 0.165625 0.3890625
1 0.33125 0.4890625 0.065625 0.11640625
1 0.1828125 0.3390625 0.059375 0.10546875
3 0.4921875 0.46953125 0.075 0.13359375
1 0.575 0.078125 0.084375 0.15
3 0.578125 0.34453125 0.290625 0.221875
1 0.8921875 0.35546875 0.065625 0.11640625
2 0.1671875 0.35 0.334375 0.4390625
3 0.8046875 0.64140625 0.071875 0.13359375
2 0.953125 0.35 0.09375 0.2390625
2 0.8109375 0.153125 0.090625 0.3
2 0.65 0.75859375 0.175 0.34453125
2 0.178125 0.221875 0.26875 0.24453125
1 0.7234375 0.903125 0.084375 0.15
0 0.9890625 0.203125 0.021875 0.24453125
1 0.8171875 0.2109375 0.084375 0.15