0 0.921875 0.77109375 0.15625 0.1640625
3 0.225 0.09140625 0.1234375 0.1234375
1 0.76875 0.34140625 0.08125 0.1451171875
0 0.228125 0.75546875 0.115625 0.2048828125
1 0.4625 0.91640625 0.0953125 0.0953125
1 0.1484375 0.35546875 0.09140625 0.091015625
0 0.8546875 0.103125 0.15625 0.15625
3 0.0609375 0.64140625 0.10234375 0.1025390625
2 0.2234375 0.35 0.1796875 0.180078125
2 0.08203125 0.15234375 0.1640625 0.1953125
0 0.4484375 0.09140625 0.1 0.178125
3 0.453125 0.20546875 0.17578125 0.17578125
1 0.0265625 0.90234375 0.053125 0.0859375
0 0.303125 0.203125 0.190625 0.1908203125
2 0.84609375 0.71640625 0.3078125 0.5609375
0 0.5375 0.21640625 0.134375 0.134375
0 0.7734375 0.0890625 0.134375 0.134375
2 0.91484375 0.2140625 0.1703125 0.309765625
1 0.0734375 0.2109375 0.1171875 0.1171875
1 0.7 0.2 0.1171875 0.1171875