2 0.0875 0.35546875 0.175 0.2109375
2 0.4375 0.478125 0.209375 0.44453125
2 0.7609375 0.63359375 0.159375 0.39453125
2 0.7640625 0.14453125 0.24375 0.28359375
2 0.590625 0.775 0.115625 0.221875
1 0.5140625 0.0890625 0.096875 0.171875
2 0.453125 0.35 0.21875 0.69453125
3 0.753125 0.7640625 0.109375 0.18359375
3 0.684375 0.21640625 0.23125 0.4109375
0 0.5171875 0.75859375 0.146875 0.2609375
2 0.1234375 0.353125 0.1375 0.24453125
0 0.95703125 0.871875 0.0859375 0.25
0 0.825 0.353125 0.13125 0.23359375
0 0.840625 0.503125 0.121875 0.21640625
1 0.00546875 0.08359375 0.0109375 0.15546875
0 0.0578125 0.76640625 0.096875 0.171875
2 0.9875 0.675 0.025 0.64453125
0 0.96328125 0.60859375 0.0734375 0.2609375
2 0.2890625 0.475 0.265625 0.58359375