0 0.01484375 0.196875 0.0296875 0.233984375
3 0.1109375 0.19921875 0.221875 0.2796875
2 0.4421875 0.49453125 0.31328125 0.3134765625
0 0.5203125 0.8859375 0.0875 0.1560546875
2 0.4328125 0.778125 0.2140625 0.213671875
3 0.5125 0.771875 0.153125 0.2439453125
2 0.040625 0.85 0.08125 0.2939453125
3 0.96875 0.2078125 0.0625 0.115625
1 0.5140625 0.0859375 0.09375 0.166015625
2 0.89765625 0.84375 0.2046875 0.2125
0 0.940625 0.3328125 0.11875 0.159375
1 0.971875 0.91953125 0.05625 0.1548828125
2 0.128125 0.2140625 0.240625 0.190234375
0 0.66875 0.621875 0.146875 0.262109375
0 0.99921875 0.496875 0.0015625 0.2560546875
1 0.96640625 0.21953125 0.0671875 0.1609375
0 0.590625 0.3359375 0.1609375 0.1607421875
0 0.209375 0.6390625 0.134375 0.134375
2 0.2765625 0.6359375 0.43125 0.43125
3 0.5953125 0.746875 0.1125 0.178125
0 0.9109375 0.4890625 0.121875 0.2158203125
0 0.746875 0.90859375 0.134375 0.134375
1 0.4375 0.625 0.096875 0.171875
1 0.8359375 0.6109375 0.075 0.1341796875
1 0.9671875 0.48515625 0.065625 0.0796875
2 0.4359375 0.7890625 0.196875 0.4158203125
2 0.2125 0.803125 0.346875 0.347265625
0 0.5890625 0.2109375 0.15625 0.15625
3 0.7515625 0.1140625 0.15625 0.15625