0 0.1484375 0.20859375 0.103125 0.18359375
2 0.965625 0.75 0.06875 0.16640625
2 0.3015625 0.625 0.10625 0.3
3 0.2140625 0.753125 0.128125 0.21640625
3 0.2171875 0.203125 0.084375 0.1609375
2 0.60625 0.75859375 0.2125 0.40546875
3 0.6 0.63046875 0.06875 0.128125
0 0.225 0.878125 0.134375 0.2390625
3 0.5234375 0.20859375 0.2 0.29453125
1 0.371875 0.61640625 0.090625 0.1609375
2 0.61875 0.4890625 0.140625 0.28359375
0 0.15 0.09453125 0.103125 0.18359375
2 0.6828125 0.6140625 0.159375 0.21640625
3 0.9671875 0.61953125 0.065625 0.2109375
3 0.1375 0.34453125 0.08125 0.19453125
1 0.29375 0.075 0.08125 0.14453125