3 0.1390625 0.753125 0.1125 0.28359375
1 0.015625 0.21640625 0.03125 0.1609375
3 0.0125 0.746875 0.025 0.2
2 0.4515625 0.78046875 0.25 0.26640625
3 0.909375 0.75 0.084375 0.171875
1 0.2890625 0.4859375 0.071875 0.128125
3 0.2984375 0.78046875 0.115625 0.20546875
1 0.8421875 0.6140625 0.084375 0.15
1 0.6734375 0.63046875 0.078125 0.1390625
1 0.203125 0.496875 0.084375 0.15
1 0.9078125 0.4890625 0.096875 0.171875
2 0.075 0.75 0.15 0.3
2 0.840625 0.103125 0.128125 0.2
3 0.9875 0.35546875 0.025 0.36640625
0 0.684375 0.49140625 0.146875 0.2609375
3 0.01796875 0.346875 0.0359375 0.1890625
1 0.44375 0.35546875 0.0625 0.1109375