1 0.4921875 0.35859375 0.09375 0.16640625
1 0.7296875 0.346875 0.06875 0.121875
3 0.659375 0.821875 0.1875 0.35
1 0.5671875 0.6109375 0.090625 0.1609375
0 0.10625 0.3640625 0.1 0.178125
2 0.5703125 0.24453125 0.25625 0.48359375
1 0.3453125 0.90859375 0.0875 0.15546875
3 0.99375 0.06953125 0.0125 0.0890625
3 0.01953125 0.2140625 0.0390625 0.35
0 0.98828125 0.60859375 0.0234375 0.221875
1 0.584375 0.76640625 0.084375 0.15
2 0.4171875 0.7609375 0.1875 0.471875
2 0.99140625 0.246875 0.0171875 0.4890625
3 0.8078125 0.20859375 0.08125 0.06640625