3 0.1234375 0.771875 0.13125 0.221875
3 0.6703125 0.128125 0.05 0.25
0 0.95 0.6109375 0.1 0.25546875
0 0.01640625 0.88359375 0.0328125 0.228125
1 0.5953125 0.628125 0.090625 0.1609375
1 0.1296875 0.475 0.09375 0.16640625
0 0.4296875 0.88046875 0.13125 0.23359375
1 0.20625 0.4890625 0.078125 0.1390625
0 0.35 0.78046875 0.11875 0.2109375
0 0.01328125 0.1140625 0.0265625 0.221875
0 0.58125 0.13046875 0.14375 0.25546875
3 0.93671875 0.19453125 0.1265625 0.38359375
2 0.434375 0.64140625 0.24375 0.478125
2 0.6 0.8390625 0.175 0.31640625
0 0.203125 0.6140625 0.128125 0.228125
1 0.590625 0.35859375 0.065625 0.11640625
1 0.3578125 0.08046875 0.0625 0.1109375