1 0.584375 0.76640625 0.075 0.13359375
2 0.1921875 0.63359375 0.159375 0.39453125
2 0.1953125 0.14453125 0.24375 0.28359375
2 0.03984375 0.775 0.0796875 0.221875
2 0.5703125 0.3390625 0.134375 0.48359375
3 0.184375 0.7640625 0.109375 0.18359375
3 0.115625 0.21640625 0.23125 0.4109375
0 0.0109375 0.75859375 0.021875 0.2609375
0 0.734375 0.196875 0.11875 0.2109375
0 0.7421875 0.9 0.1 0.178125
2 0.575 0.60859375 0.15625 0.19453125
3 0.803125 0.46953125 0.215625 0.35546875
0 0.415625 0.871875 0.140625 0.25
3 0.80625 0.153125 0.2125 0.3
0 0.25625 0.353125 0.13125 0.23359375
0 0.271875 0.503125 0.121875 0.21640625
0 0.95859375 0.90546875 0.0828125 0.18359375
3 0.5765625 0.0890625 0.075 0.171875
2 0.6609375 0.19453125 0.1 0.38359375
3 0.98046875 0.1359375 0.0390625 0.26640625
2 0.490625 0.675 0.16875 0.64453125
0 0.43125 0.60859375 0.146875 0.2609375