0 0.2234375 0.75546875 0.20390625 0.20390625
3 0.775 0.5 0.20625 0.2064453125
0 0.7609375 0.35859375 0.109375 0.1951171875
1 0.06875 0.3390625 0.125 0.12578125
2 0.95 0.8 0.1 0.3939453125
0 0.44375 0.8859375 0.1734375 0.1734375
2 0.9171875 0.61328125 0.165625 0.2015625
2 0.53125 0.203125 0.2859375 0.2859375
0 0.05234375 0.1296875 0.1046875 0.15625
3 0.090625 0.2359375 0.18125 0.4658203125
3 0.6796875 0.33359375 0.15625 0.15
1 0.0140625 0.76640625 0.028125 0.1548828125
2 0.215625 0.46953125 0.25625 0.25625
0 0.528125 0.8890625 0.16875 0.169140625
1 0.30625 0.0859375 0.0828125 0.0826171875
3 0.8359375 0.1390625 0.09375 0.271875
0 0.140625 0.75 0.09375 0.166015625
2 0.6078125 0.503125 0.1984375 0.1984375
0 0.2265625 0.203125 0.109375 0.1939453125
2 0.1484375 0.84140625 0.246875 0.3109375
3 0.0296875 0.89921875 0.059375 0.0921875
1 0.684375 0.91640625 0.08203125 0.0822265625