3 0.8078125 0.20859375 0.17265625 0.1724609375
1 0.8140625 0.49140625 0.065625 0.116796875
0 0.3375 0.8859375 0.16875 0.169140625
2 0.875 0.228125 0.25 0.284375
2 0.3375 0.496875 0.1796875 0.1794921875
3 0.97890625 0.0828125 0.0421875 0.08125
3 0.2515625 0.49453125 0.12890625 0.1291015625
3 0.03671875 0.8140625 0.0734375 0.3658203125
1 0.721875 0.775 0.08125 0.1439453125
2 0.090625 0.7609375 0.18125 0.246875
0 0.971875 0.22421875 0.05625 0.0953125
1 0.8796875 0.61953125 0.12109375 0.121484375
0 0.571875 0.3609375 0.140625 0.25
3 0.41875 0.76953125 0.20546875 0.20546875
1 0.175 0.35 0.134375 0.134375
0 0.6421875 0.503125 0.10625 0.187890625