0 0.353125 0.0859375 0.1296875 0.130078125
1 0.7484375 0.20859375 0.075 0.133203125
0 0.675 0.61640625 0.1390625 0.1390625
3 0.03515625 0.76015625 0.0703125 0.0796875
3 0.75625 0.903125 0.034375 0.187890625
3 0.6640625 0.8859375 0.1765625 0.1765625
0 0.35 0.871875 0.140625 0.25
0 0.4421875 0.771875 0.165625 0.165234375
2 0.88828125 0.4828125 0.2234375 0.265625
1 0.903125 0.2109375 0.109375 0.108984375
0 0.9046875 0.61640625 0.190625 0.1953125
3 0.940625 0.8796875 0.11875 0.15625
3 0.2015625 0.19453125 0.15 0.255078125
0 0.1296875 0.9 0.090625 0.162109375
1 0.746875 0.0890625 0.134375 0.134375