3 0.3140625 0.753125 0.1984375 0.1982421875
1 0.1609375 0.21640625 0.12578125 0.12578125
3 0.1609375 0.746875 0.1390625 0.1390625
2 0.6265625 0.78046875 0.25859375 0.258203125
1 0.4640625 0.4859375 0.1 0.1
3 0.4734375 0.78046875 0.16015625 0.1603515625
1 0.971875 0.6140625 0.05625 0.0875
3 0.08125 0.89453125 0.12109375 0.1212890625
1 0.8484375 0.63046875 0.078125 0.1390625
1 0.378125 0.496875 0.084375 0.15
2 0.2296875 0.75 0.2453125 0.2453125
2 0.97578125 0.103125 0.0484375 0.2
0 0.859375 0.49140625 0.146875 0.2609375
3 0.10546875 0.346875 0.2109375 0.187890625
1 0.02421875 0.61875 0.0484375 0.06875
1 0.61875 0.35546875 0.08671875 0.08671875