2 0.3828125 0.75 0.128125 0.16640625
3 0.6921875 0.9109375 0.096875 0.171875
0 0.615625 0.878125 0.134375 0.2390625
2 0.4625 0.196875 0.084375 0.3890625
2 0.05 0.75859375 0.1 0.40546875
3 0.0109375 0.63046875 0.021875 0.128125
0 0.6921875 0.49453125 0.10625 0.1890625
3 0.00546875 0.20859375 0.0109375 0.29453125
2 0.6953125 0.14140625 0.284375 0.278125
3 0.7765625 0.11640625 0.1375 0.228125
2 0.03828125 0.4890625 0.0765625 0.28359375
1 0.771875 0.4890625 0.071875 0.128125
0 0.615625 0.35546875 0.09375 0.16640625
2 0.075 0.6140625 0.15 0.21640625
3 0.3890625 0.61953125 0.134375 0.2109375