0 0.8359375 0.75546875 0.146875 0.2609375
1 0.68125 0.3390625 0.090625 0.159765625
0 0.96953125 0.88515625 0.0609375 0.1140625
0 0.5953125 0.13046875 0.14375 0.2548828125
3 0.6703125 0.2359375 0.246875 0.4658203125
1 0.596875 0.76640625 0.12109375 0.1212890625
2 0.828125 0.46953125 0.25625 0.25625
1 0.91875 0.0859375 0.0828125 0.0826171875
0 0.753125 0.75 0.1296875 0.1298828125
0 0.8390625 0.203125 0.1515625 0.1517578125
3 0.4390625 0.4890625 0.109375 0.190234375
2 0.7609375 0.84140625 0.27890625 0.27890625
3 0.5921875 0.9 0.1265625 0.126171875