2 0.5578125 0.75 0.128125 0.1658203125
3 0.8671875 0.9109375 0.096875 0.171875
0 0.790625 0.878125 0.1859375 0.186328125
2 0.6375 0.196875 0.2359375 0.236328125
2 0.16875 0.75859375 0.30859375 0.3087890625
3 0.1625 0.63046875 0.0984375 0.0984375
0 0.8671875 0.49453125 0.14765625 0.14765625
3 0.10625 0.2078125 0.2125 0.240625
2 0.8640625 0.14140625 0.271875 0.278125
3 0.92734375 0.115625 0.1453125 0.171875
2 0.18125 0.4890625 0.140625 0.2841796875
1 0.946875 0.4890625 0.071875 0.128125
0 0.790625 0.35546875 0.09375 0.166796875
2 0.2453125 0.6140625 0.1875 0.1876953125
3 0.5640625 0.61953125 0.17265625 0.17265625