3 0.696875 0.503125 0.1125 0.1126953125
0 0.7828125 0.503125 0.09375 0.1658203125
3 0.6125 0.353125 0.28125 0.281640625
2 0.1453125 0.503125 0.23125 0.2310546875
0 0.63125 0.20546875 0.16953125 0.1693359375
3 0.6921875 0.90546875 0.10859375 0.1087890625
0 0.5421875 0.7609375 0.15625 0.15625
3 0.915625 0.75 0.16875 0.2
2 0.309375 0.34453125 0.153125 0.371875
3 0.3171875 0.478125 0.159375 0.2939453125
2 0.04140625 0.14140625 0.0828125 0.1484375
0 0.5515625 0.89453125 0.115625 0.2048828125
3 0.9328125 0.49140625 0.12109375 0.1212890625
3 0.040625 0.3390625 0.08125 0.190234375