1 0.921875 0.471875 0.071875 0.128125
3 0.215625 0.20546875 0.15 0.25
1 0.0109375 0.075 0.021875 0.14453125
1 0.3734375 0.503125 0.090625 0.1609375
2 0.03203125 0.625 0.0640625 0.1890625
2 0.0890625 0.34140625 0.178125 0.29453125
3 0.94296875 0.6359375 0.1140625 0.36640625
2 0.2328125 0.3359375 0.140625 0.45546875
2 0.3796875 0.25546875 0.159375 0.50546875
3 0.5296875 0.153125 0.171875 0.3
2 0.7640625 0.76640625 0.134375 0.3109375
0 0.0625 0.20546875 0.10625 0.1890625
3 0.1421875 0.76640625 0.2125 0.15
3 0.9296875 0.3640625 0.140625 0.2109375
0 0.3078125 0.10546875 0.115625 0.20546875
2 0.97109375 0.86640625 0.0578125 0.2609375
3 0.765625 0.478125 0.0875 0.14453125
2 0.8984375 0.26640625 0.203125 0.528125
1 0.98984375 0.771875 0.0203125 0.121875
1 0.85 0.19453125 0.096875 0.171875
1 0.6109375 0.08359375 0.090625 0.1609375
1 0.3015625 0.33046875 0.065625 0.11640625
2 0.4671875 0.3359375 0.134375 0.44453125
3 0.6140625 0.90859375 0.1375 0.15546875
3 0.459375 0.6359375 0.071875 0.21640625