2 0.4671875 0.496875 0.29375 0.378125
2 0.709375 0.2 0.2015625 0.201953125
3 0.8640625 0.2140625 0.0875 0.228125
2 0.39375 0.88046875 0.16953125 0.1697265625
2 0.478125 0.35 0.3640625 0.3640625
0 0.02421875 0.8859375 0.0484375 0.171875
2 0.7125 0.80546875 0.26015625 0.2603515625
2 0.3984375 0.36953125 0.45390625 0.454296875
3 0.934375 0.0859375 0.13125 0.131640625
0 0.784375 0.35 0.128125 0.228125
0 0.07734375 0.88828125 0.1546875 0.1640625
3 0.0828125 0.34453125 0.09921875 0.0990234375
3 0.07734375 0.77421875 0.1546875 0.2171875
2 0.24375 0.49140625 0.26484375 0.26484375
3 0.7 0.48046875 0.215625 0.215625
2 0.4734375 0.64140625 0.128125 0.3390625
3 0.39375 0.75546875 0.13125 0.144921875