1 0.278125 0.76640625 0.075 0.1330078125
1 0.734375 0.35 0.059375 0.1060546875
2 0.0390625 0.14375 0.078125 0.146875
2 0.2640625 0.3390625 0.134375 0.4841796875
0 0.8203125 0.471875 0.2 0.1998046875
2 0.815625 0.771875 0.146875 0.3
3 0.94453125 0.7609375 0.10546875 0.10546875
0 0.9046875 0.903125 0.134375 0.134375
0 0.428125 0.196875 0.11875 0.212109375
0 0.4359375 0.9 0.1390625 0.1390625
2 0.26875 0.60859375 0.17578125 0.175390625
0 0.8265625 0.61640625 0.1390625 0.1390625
3 0.89375 0.503125 0.184375 0.328125
3 0.496875 0.46953125 0.28515625 0.2853515625
0 0.109375 0.871875 0.140625 0.25
3 0.5 0.153125 0.25625 0.25625
0 0.0078125 0.353125 0.015625 0.2341796875
0 0.03671875 0.50234375 0.0734375 0.1203125
0 0.6625 0.90546875 0.14296875 0.1431640625
3 0.2703125 0.0890625 0.1234375 0.1234375
2 0.3546875 0.19453125 0.24140625 0.2416015625
3 0.7359375 0.1359375 0.2140625 0.2142578125
2 0.184375 0.675 0.16875 0.644140625
0 0.125 0.60859375 0.146875 0.2609375