0 0.4015625 0.771875 0.11875 0.2109375
1 0.24375 0.34140625 0.08125 0.14453125
1 0.6375 0.90546875 0.09375 0.16640625
0 0.7875 0.8859375 0.096875 0.171875
0 0.3296875 0.103125 0.1125 0.2
2 0.6390625 0.48046875 0.203125 0.48359375
2 0.6359375 0.1109375 0.240625 0.21640625
2 0.5609375 0.61640625 0.171875 0.228125
0 0.64375 0.196875 0.1375 0.24453125
0 0.8609375 0.8890625 0.11875 0.2109375
3 0.8703125 0.34453125 0.053125 0.14453125
2 0.321875 0.71640625 0.309375 0.5609375
0 0.03046875 0.21640625 0.0609375 0.171875
0 0.2484375 0.0890625 0.096875 0.171875
2 0.39375 0.2140625 0.178125 0.3109375
1 0.175 0.2 0.084375 0.15
3 0.7875 0.775 0.190625 0.3390625
2 0.9859375 0.49140625 0.028125 0.4109375