0 0.275 0.19140625 0.12109375 0.1212890625
3 0.740625 0.20546875 0.2 0.2
1 0.50625 0.075 0.1125 0.1126953125
1 0.8984375 0.503125 0.1265625 0.126171875
0 0.2765625 0.48046875 0.178125 0.178125
2 0.509375 0.625 0.1734375 0.173828125
1 0.4296875 0.475 0.06875 0.121875
2 0.1625 0.27421875 0.325 0.3984375
2 0.6015625 0.34140625 0.24921875 0.248828125
2 0.7578125 0.3359375 0.140625 0.4560546875
1 0.1984375 0.196875 0.1296875 0.1298828125
2 0.9046875 0.25546875 0.159375 0.5048828125
3 0.95078125 0.153125 0.0984375 0.165625
0 0.5875 0.20546875 0.14765625 0.14765625
3 0.6671875 0.76640625 0.18125 0.18125
0 0.8328125 0.10546875 0.16015625 0.160546875
3 0.02578125 0.91328125 0.0515625 0.0765625
2 0.125 0.8859375 0.23125 0.15
0 0.0609375 0.77734375 0.121875 0.1390625
2 0.0578125 0.21953125 0.115625 0.2390625
1 0.8265625 0.33046875 0.09140625 0.0912109375
2 0.91640625 0.33515625 0.1671875 0.2609375
3 0.953125 0.63515625 0.09375 0.1328125