0 0.07265625 0.19609375 0.1453125 0.1765625
3 0.14765625 0.19921875 0.2953125 0.3109375
2 0.5296875 0.49453125 0.31328125 0.313671875
0 0.6078125 0.8859375 0.121875 0.1216796875
2 0.5203125 0.778125 0.2140625 0.213671875
3 0.6 0.771875 0.153125 0.2439453125
2 0.084375 0.85 0.16875 0.294140625
1 0.6015625 0.0859375 0.09375 0.1658203125
2 0.93515625 0.84375 0.1296875 0.1875
2 0.215625 0.2140625 0.215625 0.21484375
0 0.75625 0.621875 0.2046875 0.20390625
0 0.678125 0.3359375 0.1609375 0.1607421875
0 0.296875 0.6390625 0.096875 0.171875
2 0.3640625 0.6359375 0.43125 0.43125
3 0.6828125 0.746875 0.1453125 0.1453125
0 0.94921875 0.48828125 0.1015625 0.1390625
1 0.05625 0.35 0.0875 0.087109375
0 0.834375 0.90859375 0.096875 0.171875
1 0.525 0.625 0.134375 0.134375
1 0.9234375 0.6109375 0.1046875 0.1044921875
2 0.5234375 0.7890625 0.30625 0.306640625
2 0.3 0.803125 0.30625 0.387890625
0 0.6765625 0.2109375 0.15625 0.15625
3 0.8390625 0.1140625 0.15625 0.15625