0 0.0671875 0.87109375 0.134375 0.1734375
2 0.1921875 0.35546875 0.21953125 0.21953125
2 0.56875 0.478125 0.3265625 0.3267578125
2 0.8765625 0.6328125 0.246875 0.278125
2 0.88671875 0.14453125 0.2265625 0.2830078125
2 0.721875 0.775 0.16875 0.16875
1 0.6453125 0.0890625 0.096875 0.171875
2 0.584375 0.35 0.21875 0.6939453125
3 0.884375 0.7640625 0.146875 0.146484375
3 0.815625 0.21640625 0.32109375 0.32109375
0 0.6484375 0.75859375 0.146875 0.2609375
2 0.2546875 0.353125 0.190625 0.1908203125
1 0.034375 0.3640625 0.06875 0.128125
1 0.0390625 0.22421875 0.078125 0.0921875
0 0.9296875 0.35234375 0.140625 0.1703125
0 0.9390625 0.50234375 0.121875 0.1515625
1 0.0984375 0.08359375 0.0875 0.1548828125
0 0.1890625 0.76640625 0.096875 0.171875
2 0.4203125 0.475 0.425 0.4248046875