0 0.51875 0.34140625 0.09375 0.16640625
0 0.2890625 0.9140625 0.09375 0.16640625
1 0.925 0.20859375 0.0625 0.1109375
2 0.753125 0.61953125 0.19375 0.271875
1 0.2890625 0.35546875 0.0875 0.15546875
3 0.2140625 0.06953125 0.115625 0.0890625
2 0.828125 0.771875 0.078125 0.16640625
2 0.99921875 0.6140625 0.0015625 0.2890625
0 0.2078125 0.60859375 0.125 0.221875
0 0.51875 0.20546875 0.0875 0.15546875
0 0.371875 0.48046875 0.103125 0.18359375
0 0.909375 0.75 0.134375 0.2390625
0 0.675 0.3640625 0.13125 0.23359375
2 0.2171875 0.246875 0.13125 0.4890625
3 0.4375 0.625 0.09375 0.178125
1 0.4375 0.34140625 0.08125 0.14453125
3 0.00859375 0.20859375 0.0171875 0.06640625