0 0.65 0.34140625 0.13046875 0.1302734375
0 0.4203125 0.9140625 0.09375 0.1658203125
1 0.0390625 0.34609375 0.078125 0.0921875
3 0.06328125 0.82109375 0.1265625 0.2015625
2 0.88359375 0.61953125 0.2328125 0.2328125
1 0.4203125 0.35546875 0.12109375 0.1212890625
3 0.3453125 0.06953125 0.10234375 0.10234375
2 0.959375 0.771875 0.078125 0.1658203125
0 0.3390625 0.60859375 0.125 0.221875
0 0.65 0.20546875 0.12109375 0.1212890625
0 0.503125 0.48046875 0.14296875 0.1431640625
0 0.96015625 0.74921875 0.0796875 0.1328125
0 0.80625 0.3640625 0.13125 0.233984375
2 0.3484375 0.246875 0.309375 0.31015625
3 0.56875 0.625 0.1359375 0.1359375
1 0.56875 0.34140625 0.11328125 0.1130859375
3 0.1078125 0.20859375 0.07421875 0.0740234375