0 0.5859375 0.20859375 0.14296875 0.143359375
0 0.03671875 0.62109375 0.0734375 0.1265625
2 0.7390625 0.625 0.10625 0.3
3 0.6515625 0.753125 0.171875 0.172265625
3 0.6546875 0.203125 0.1234375 0.123046875
2 0.96875 0.75859375 0.0625 0.4048828125
0 0.6625 0.878125 0.134375 0.237890625
0 0.19375 0.33046875 0.18671875 0.18671875
3 0.93046875 0.20859375 0.1390625 0.2951171875
0 0.0609375 0.10859375 0.121875 0.1515625
2 0.265625 0.3640625 0.253125 0.228125
1 0.809375 0.61640625 0.12578125 0.12578125
2 0.99296875 0.4890625 0.0140625 0.283984375
0 0.5875 0.09453125 0.14296875 0.1431640625
2 0.334375 0.346875 0.3109375 0.3107421875
3 0.575 0.34453125 0.08125 0.194921875
1 0.73125 0.075 0.08125 0.1439453125