2 0.4171875 0.19140625 0.203125 0.28359375
0 0.096875 0.6109375 0.14375 0.25546875
3 0.95546875 0.771875 0.0890625 0.19453125
2 0.8171875 0.61640625 0.1375 0.21640625
1 0.5734375 0.628125 0.09375 0.16640625
3 0.1921875 0.75859375 0.096875 0.178125
0 0.98515625 0.49140625 0.0296875 0.25
0 0.4171875 0.63046875 0.115625 0.20546875
1 0.965625 0.621875 0.06875 0.1390625
0 0.4234375 0.09140625 0.1 0.178125
3 0.10390625 0.19453125 0.2078125 0.38359375
1 0.80625 0.771875 0.096875 0.171875
3 0.65625 0.796875 0.215625 0.4
1 0.1859375 0.33046875 0.065625 0.11640625
2 0.95 0.1 0.1 0.19453125
2 0.3328125 0.3609375 0.096875 0.3109375
3 0.33125 0.88046875 0.121875 0.23359375
1 0.8921875 0.3640625 0.075 0.13359375
2 0.95703125 0.296875 0.0859375 0.5890625