0 0.93125 0.19140625 0.0875 0.15546875
3 0.01875 0.503125 0.0375 0.14453125
0 0.0828125 0.503125 0.09375 0.16640625
2 0.5390625 0.2 0.203125 0.33359375
0 0.9328125 0.48046875 0.128125 0.228125
3 0.00546875 0.353125 0.0109375 0.36640625
2 0.775 0.275 0.26875 0.54453125
1 0.8546875 0.196875 0.09375 0.16640625
0 0.459375 0.1109375 0.121875 0.21640625
3 0.0171875 0.90546875 0.034375 0.13359375
3 0.23125 0.75 0.128125 0.271875
1 0.475 0.625 0.059375 0.10546875
3 0.61875 0.9140625 0.134375 0.121875
2 0.78125 0.8859375 0.23125 0.15
0 0.709375 0.778125 0.1 0.178125
2 0.6984375 0.21953125 0.146875 0.2390625
1 0.475 0.2 0.0625 0.1109375
3 0.2328125 0.49140625 0.0875 0.15546875
1 0.478125 0.903125 0.0875 0.15546875
2 0.38125 0.61640625 0.125 0.15