3 0.128125 0.503125 0.08125 0.14453125
0 0.2140625 0.503125 0.09375 0.16640625
2 0.6703125 0.2 0.203125 0.33359375
3 0.07109375 0.353125 0.1421875 0.36640625
2 0.8859375 0.275 0.228125 0.54453125
1 0.96953125 0.196875 0.0609375 0.16640625
0 0.590625 0.1109375 0.121875 0.21640625
0 0.0625 0.20546875 0.121875 0.21640625
3 0.1234375 0.90546875 0.084375 0.13359375
0 0.01484375 0.7609375 0.0296875 0.2
3 0.3625 0.75 0.128125 0.271875
1 0.60625 0.625 0.059375 0.10546875
3 0.75 0.9140625 0.134375 0.121875
2 0.8984375 0.8859375 0.203125 0.15
0 0.840625 0.778125 0.1 0.178125
2 0.8296875 0.21953125 0.146875 0.2390625
1 0.60625 0.2 0.0625 0.1109375
0 0.0203125 0.89453125 0.040625 0.20546875
3 0.3640625 0.49140625 0.0875 0.15546875
1 0.609375 0.903125 0.0875 0.15546875
2 0.5125 0.61640625 0.125 0.15