3 0.821875 0.36640625 0.35625 0.4796875
2 0.5390625 0.225 0.284375 0.2845703125
2 0.384375 0.496875 0.303125 0.303125
2 0.040625 0.8 0.08125 0.394140625
2 0.2296875 0.73359375 0.3453125 0.3453125
2 0.78125 0.76640625 0.25546875 0.25546875
2 0.084375 0.61328125 0.16875 0.2046875
3 0.6921875 0.46953125 0.29140625 0.2916015625
1 0.0640625 0.4796875 0.128125 0.13125
0 0.3859375 0.746875 0.1375 0.2439453125
0 0.6109375 0.20546875 0.0875 0.155078125
3 0.225 0.4890625 0.121875 0.122265625
0 0.6171875 0.3359375 0.1828125 0.1826171875
0 0.1484375 0.34453125 0.12109375 0.1212890625
0 0.2359375 0.621875 0.1265625 0.12578125
0 0.3109375 0.0859375 0.1296875 0.130078125
1 0.1546875 0.75 0.121875 0.1216796875
1 0.8578125 0.21640625 0.08125 0.144921875
3 0.5375 0.61953125 0.1203125 0.1203125
3 0.3828125 0.1359375 0.075 0.266015625
3 0.696875 0.18046875 0.27734375 0.277734375
3 0.3 0.4859375 0.146875 0.146484375
1 0.934375 0.475 0.0953125 0.0953125
2 0.97109375 0.2140625 0.0578125 0.2939453125
2 0.2296875 0.34453125 0.153125 0.153125
3 0.3078125 0.6359375 0.121875 0.12265625
0 0.5375 0.0890625 0.096875 0.171875
2 0.6171875 0.8859375 0.125 0.209765625