1 0.725 0.503125 0.096875 0.171875
3 0.0984375 0.90546875 0.140625 0.18359375
0 0.5046875 0.7609375 0.13125 0.23359375
2 0.64375 0.496875 0.31875 0.9890625
2 0.265625 0.3640625 0.153125 0.271875
2 0.65 0.3609375 0.146875 0.35546875
0 0.5703125 0.49140625 0.146875 0.2609375
0 0.00859375 0.49140625 0.0171875 0.25
0 0.4140625 0.353125 0.10625 0.1890625
3 0.7390625 0.85 0.11875 0.29453125
2 0.7296875 0.74140625 0.228125 0.5109375
2 0.190625 0.18046875 0.26875 0.35546875
2 0.425 0.63359375 0.115625 0.2
3 0.84609375 0.86640625 0.3078125 0.2609375
1 0.03515625 0.6390625 0.0703125 0.14453125
2 0.04140625 0.296875 0.0828125 0.5890625