1 0.96953125 0.0640625 0.0609375 0.11640625
0 0.578125 0.896875 0.1125 0.2
0 0.4265625 0.09140625 0.1 0.178125
0 0.1 0.103125 0.1125 0.2
1 0.8828125 0.896875 0.06875 0.121875
2 0.0703125 0.221875 0.140625 0.4390625
1 0.740625 0.771875 0.071875 0.128125
3 0.99765625 0.496875 0.0046875 0.2109375
2 0.25625 0.503125 0.21875 0.26640625
1 0.1875 0.89140625 0.075 0.13359375
3 0.04765625 0.84140625 0.0953125 0.3109375
2 0.053125 0.471875 0.10625 0.2890625
3 0.1875 0.2109375 0.153125 0.15
2 0.8125 0.775 0.215625 0.321875
3 0.8875 0.6140625 0.153125 0.178125
3 0.04609375 0.75546875 0.0921875 0.23359375
2 0.259375 0.61640625 0.19375 0.33359375
1 0.740625 0.19453125 0.09375 0.16640625
3 0.00625 0.34453125 0.0125 0.221875
1 0.10625 0.76953125 0.09375 0.16640625
2 0.103125 0.8390625 0.128125 0.31640625
3 0.015625 0.15859375 0.03125 0.3109375