3 0.159375 0.478125 0.1390625 0.1390625
2 0.15625 0.771875 0.2203125 0.220703125
2 0.1640625 0.63359375 0.29140625 0.29140625
0 0.940625 0.090625 0.11875 0.1375
0 0.625 0.103125 0.15625 0.15625
2 0.5640625 0.221875 0.3203125 0.320703125
3 0.0375 0.34609375 0.075 0.1015625
2 0.78125 0.503125 0.2421875 0.2423828125
3 0.3234375 0.34140625 0.0875 0.15
1 0.7125 0.89140625 0.10390625 0.104296875
3 0.5515625 0.84140625 0.22421875 0.22421875
2 0.475 0.471875 0.3125 0.28828125
3 0.7125 0.2109375 0.1515625 0.1515625
3 0.5546875 0.75546875 0.125 0.2330078125
2 0.784375 0.61640625 0.19375 0.333203125
3 0.471875 0.34453125 0.1765625 0.1765625
3 0.3953125 0.128125 0.1890625 0.1890625
2 0.159375 0.85546875 0.215625 0.2830078125
1 0.63125 0.76953125 0.13046875 0.1302734375
2 0.628125 0.8390625 0.221875 0.2220703125
3 0.4734375 0.15859375 0.165625 0.3109375