3 0.396875 0.178125 0.21875 0.35
1 0.4765625 0.0890625 0.096875 0.171875
0 0.0015625 0.33046875 0.003125 0.228125
3 0.0203125 0.203125 0.040625 0.3609375
2 0.3203125 0.24453125 0.234375 0.48359375
3 0.5578125 0.14453125 0.15625 0.28359375
0 0.03671875 0.4859375 0.0734375 0.18359375
1 0.7109375 0.20546875 0.0875 0.15546875
3 0.56875 0.8609375 0.109375 0.271875
2 0.97265625 0.2359375 0.0546875 0.46640625
1 0.103125 0.75546875 0.078125 0.1390625
3 0.2578125 0.121875 0.121875 0.2390625
1 0.99296875 0.91640625 0.0140625 0.1390625
0 0.559375 0.48359375 0.11875 0.2109375