0 0.065625 0.2078125 0.13125 0.14375
2 0.9078125 0.75 0.128125 0.1658203125
2 0.2140625 0.625 0.203125 0.203125
3 0.1265625 0.753125 0.171875 0.1720703125
3 0.1296875 0.203125 0.084375 0.162109375
2 0.97265625 0.196875 0.0546875 0.387890625
2 0.51875 0.75859375 0.30859375 0.308984375
3 0.5125 0.63046875 0.06875 0.128125
0 0.1375 0.878125 0.1859375 0.186328125
3 0.4359375 0.20859375 0.24765625 0.2474609375
1 0.284375 0.61640625 0.12578125 0.12578125
2 0.53125 0.4890625 0.140625 0.2841796875
0 0.06640625 0.09375 0.1328125 0.14375
2 0.5953125 0.6140625 0.1875 0.187890625
3 0.91328125 0.61875 0.1734375 0.171875
3 0.059375 0.34375 0.11875 0.1375
1 0.20625 0.075 0.08125 0.1439453125