1 0.278125 0.76640625 0.10390625 0.1041015625
1 0.734375 0.35 0.0828125 0.082421875
2 0.00546875 0.14453125 0.0109375 0.283203125
2 0.2640625 0.3390625 0.134375 0.4841796875
0 0.8203125 0.471875 0.2 0.1998046875
2 0.815625 0.771875 0.2234375 0.2234375
3 0.94453125 0.7609375 0.10546875 0.10546875
0 0.9046875 0.903125 0.134375 0.134375
0 0.428125 0.196875 0.165625 0.165234375
0 0.4359375 0.9 0.1 0.178125
2 0.26875 0.60859375 0.17578125 0.1755859375
0 0.8265625 0.61640625 0.1390625 0.1390625
3 0.8828125 0.503125 0.234375 0.25625
3 0.496875 0.46953125 0.215625 0.3548828125
0 0.109375 0.871875 0.1953125 0.1953125
3 0.5 0.153125 0.25625 0.25625
0 0.0078125 0.353125 0.015625 0.233984375
0 0.03671875 0.50234375 0.0734375 0.1203125
0 0.6625 0.90546875 0.14296875 0.1431640625
3 0.2703125 0.0890625 0.1234375 0.1234375
2 0.3546875 0.19453125 0.1 0.3830078125
3 0.7359375 0.1359375 0.1625 0.2658203125
2 0.19375 0.67421875 0.3875 0.4078125
0 0.125 0.60859375 0.20390625 0.20390625