0 0.4796875 0.621875 0.13125 0.2341796875
0 0.1578125 0.128125 0.1953125 0.1953125
0 0.471875 0.3609375 0.090625 0.159765625
3 0.06484375 0.11015625 0.1296875 0.1578125
0 0.71875 0.33046875 0.18671875 0.18671875
0 0.5578125 0.10859375 0.16484375 0.16484375
2 0.790625 0.3640625 0.253125 0.228125
2 0.3203125 0.625 0.353125 0.3533203125
0 0.240625 0.21953125 0.15625 0.15625
3 0.396875 0.20546875 0.23828125 0.2384765625
3 0.09375 0.09453125 0.13359375 0.1337890625
1 0.16875 0.63359375 0.090625 0.1609375
2 0.8515625 0.34609375 0.296875 0.3109375
1 0.2359375 0.896875 0.08125 0.1439453125