0 0.7078125 0.196875 0.1828125 0.1826171875
3 0.796875 0.2 0.225 0.3939453125
1 0.396875 0.471875 0.1 0.1
2 0.7234375 0.85 0.2484375 0.2486328125
3 0.48125 0.6359375 0.303125 0.3033203125
2 0.871875 0.2140625 0.215625 0.21484375
3 0.55 0.35546875 0.065625 0.1390625
0 0.9421875 0.63828125 0.115625 0.1328125
2 0.88125 0.63515625 0.2375 0.3484375
3 0.07109375 0.15234375 0.1421875 0.1953125
2 0.2390625 0.76640625 0.134375 0.3109375
3 0.40625 0.3640625 0.1765625 0.17734375
2 0.48125 0.86640625 0.19453125 0.19453125
3 0.240625 0.478125 0.115625 0.1158203125
1 0.7125 0.35 0.0625 0.112109375
2 0.4078125 0.26640625 0.4 0.4
1 0.4890625 0.771875 0.0953125 0.0953125
1 0.325 0.19453125 0.134375 0.134375
1 0.0859375 0.08359375 0.12578125 0.12578125
2 0.0046875 0.3359375 0.009375 0.4439453125
2 0.87734375 0.80234375 0.2453125 0.2921875
3 0.0890625 0.90859375 0.1375 0.1548828125