3 0.95 0.36640625 0.1 0.728125
2 0.6703125 0.225 0.284375 0.2845703125
2 0.515625 0.496875 0.278125 0.328125
2 0.13203125 0.79921875 0.2640625 0.2921875
2 0.3609375 0.73359375 0.1625 0.528125
2 0.9125 0.76640625 0.121875 0.3890625
2 0.13359375 0.61328125 0.2671875 0.2703125
3 0.8234375 0.46953125 0.29140625 0.2916015625
1 0.1953125 0.48046875 0.09375 0.1669921875
0 0.5171875 0.746875 0.190625 0.1908203125
0 0.7421875 0.20546875 0.12109375 0.1212890625
3 0.35625 0.4890625 0.121875 0.1220703125
0 0.7484375 0.3359375 0.13125 0.2341796875
0 0.2796875 0.34453125 0.0875 0.1548828125
3 0.03671875 0.13828125 0.0734375 0.1390625
0 0.3671875 0.621875 0.1265625 0.126171875
0 0.4421875 0.0859375 0.09375 0.1658203125
1 0.2859375 0.75 0.121875 0.1216796875
1 0.9625 0.215625 0.075 0.096875
3 0.66875 0.61953125 0.140625 0.1
3 0.5140625 0.1359375 0.075 0.2658203125
3 0.828125 0.18046875 0.27734375 0.2775390625
3 0.43125 0.4859375 0.146875 0.146484375
2 0.3609375 0.34453125 0.153125 0.153125
3 0.4390625 0.6359375 0.121875 0.122265625
0 0.66875 0.0890625 0.096875 0.171875
2 0.7484375 0.8859375 0.1671875 0.167578125