2 0.0703125 0.1109375 0.109375 0.2158203125
3 0.378125 0.478125 0.1390625 0.1390625
2 0.375 0.771875 0.103125 0.337890625
2 0.3828125 0.63359375 0.29375 0.2890625
0 0.84375 0.103125 0.1125 0.2
2 0.7828125 0.221875 0.3203125 0.320703125
3 0.2265625 0.346875 0.11875 0.11875
1 0.065625 0.496875 0.06875 0.121875
0 0.159375 0.3359375 0.125 0.125390625
2 0.92578125 0.50234375 0.1484375 0.1890625
3 0.5421875 0.34140625 0.11875 0.11875
1 0.93125 0.89140625 0.075 0.1330078125
3 0.7703125 0.84140625 0.22421875 0.22421875
2 0.69375 0.471875 0.3 0.30078125
3 0.9265625 0.21015625 0.146875 0.1484375
3 0.7734375 0.75546875 0.17890625 0.1791015625
0 0.04453125 0.88828125 0.0890625 0.1328125
2 0.953125 0.61640625 0.09375 0.3330078125
3 0.690625 0.34453125 0.1765625 0.1765625
3 0.6140625 0.128125 0.1890625 0.1890625
2 0.378125 0.85546875 0.24921875 0.2494140625
1 0.85 0.76953125 0.09375 0.166796875
2 0.846875 0.8390625 0.221875 0.222265625
3 0.6921875 0.15859375 0.23828125 0.23828125