2 0.09140625 0.3546875 0.1828125 0.19375
2 0.4375 0.478125 0.209375 0.4439453125
2 0.7609375 0.63359375 0.27734375 0.2771484375
2 0.7640625 0.14453125 0.24375 0.2830078125
2 0.590625 0.775 0.16875 0.16875
1 0.5140625 0.0890625 0.134375 0.134375
2 0.453125 0.35 0.45625 0.4564453125
3 0.753125 0.7640625 0.146875 0.146484375
3 0.684375 0.21640625 0.23125 0.4109375
0 0.5171875 0.75859375 0.146875 0.2609375
2 0.1234375 0.353125 0.190625 0.1908203125
0 0.95703125 0.871875 0.0859375 0.25
0 0.825 0.353125 0.1828125 0.1826171875
0 0.840625 0.503125 0.121875 0.2158203125
1 0.0234375 0.0828125 0.046875 0.084375
0 0.0625 0.765625 0.125 0.134375
2 0.91015625 0.67421875 0.1796875 0.3359375
0 0.93984375 0.60859375 0.1203125 0.1671875
2 0.2890625 0.475 0.425 0.4248046875