1 0.878125 0.471875 0.071875 0.128125
3 0.171875 0.20546875 0.2 0.2
1 0.3296875 0.503125 0.1265625 0.126171875
2 0.03046875 0.62421875 0.0609375 0.1046875
2 0.08671875 0.340625 0.1734375 0.215625
3 0.89453125 0.63515625 0.2109375 0.2609375
2 0.1890625 0.3359375 0.2984375 0.2982421875
3 0.98203125 0.35546875 0.0359375 0.0703125
2 0.3359375 0.25546875 0.33203125 0.332421875
3 0.4859375 0.153125 0.2359375 0.2359375
2 0.7203125 0.76640625 0.134375 0.3109375
0 0.0359375 0.20546875 0.071875 0.1890625
3 0.10234375 0.76640625 0.17734375 0.17734375
3 0.8875 0.3640625 0.14375 0.209765625
0 0.2640625 0.10546875 0.16015625 0.1603515625
2 0.94921875 0.86640625 0.1015625 0.2609375
3 0.721875 0.478125 0.115625 0.1158203125
2 0.8765625 0.26640625 0.246875 0.528125
1 0.96015625 0.77109375 0.0796875 0.0921875
1 0.80625 0.19453125 0.134375 0.134375
1 0.5671875 0.08359375 0.12578125 0.12578125
1 0.2578125 0.33046875 0.09140625 0.091015625
2 0.4234375 0.3359375 0.2890625 0.2892578125
3 0.5703125 0.90859375 0.1375 0.1548828125
3 0.415625 0.6359375 0.071875 0.2158203125