2 0.5953125 0.1109375 0.109375 0.21640625
3 0.903125 0.478125 0.1 0.178125
2 0.9 0.771875 0.103125 0.3390625
3 0.121875 0.75 0.084375 0.171875
2 0.88046875 0.63359375 0.2390625 0.2890625
3 0.7515625 0.346875 0.0875 0.15
1 0.590625 0.496875 0.06875 0.121875
0 0.684375 0.3359375 0.090625 0.1609375
3 0.43125 0.46953125 0.071875 0.18359375
1 0.0546875 0.6140625 0.084375 0.15
0 0.2765625 0.621875 0.109375 0.19453125
1 0.4453125 0.63046875 0.084375 0.15
1 0.353125 0.3609375 0.096875 0.171875
0 0.5109375 0.8890625 0.121875 0.21640625
1 0.3609375 0.19140625 0.075 0.13359375
1 0.1203125 0.4890625 0.096875 0.171875
2 0.05859375 0.103125 0.1171875 0.2
3 0.284375 0.35546875 0.19375 0.36640625
2 0.89765625 0.85546875 0.2046875 0.28359375