2 0.6859375 0.496875 0.29375 0.378125
2 0.91171875 0.2 0.1765625 0.196875
2 0.6125 0.88046875 0.16953125 0.1697265625
2 0.696875 0.35 0.25 0.478125
1 0.06875 0.90546875 0.09375 0.1669921875
0 0.21875 0.8859375 0.096875 0.171875
2 0.12421875 0.4796875 0.2484375 0.328125
2 0.096875 0.11015625 0.19375 0.2015625
2 0.0578125 0.615625 0.115625 0.153125
2 0.9 0.8046875 0.2 0.259375
2 0.6171875 0.36953125 0.175 0.7330078125
0 0.08515625 0.19609375 0.1703125 0.1921875
0 0.9484375 0.34921875 0.103125 0.1453125
0 0.2921875 0.8890625 0.1640625 0.164453125
3 0.3015625 0.34453125 0.09921875 0.0990234375
3 0.21875 0.775 0.2640625 0.264453125
2 0.4625 0.49140625 0.11875 0.4109375
3 0.91875 0.48046875 0.159375 0.271875
2 0.6921875 0.64140625 0.23359375 0.23359375
3 0.6125 0.75546875 0.13828125 0.1380859375