0 0.7921875 0.76640625 0.090625 0.1609375
0 0.96640625 0.090625 0.0671875 0.103125
2 0.03828125 0.70546875 0.0765625 0.5830078125
3 0.07578125 0.22109375 0.1515625 0.2484375
2 0.12265625 0.60859375 0.23671875 0.23671875
1 0.2390625 0.60859375 0.0953125 0.0953125
3 0.7953125 0.63046875 0.075 0.1669921875
3 0.9125 0.3328125 0.175 0.1875
3 0.253125 0.21640625 0.140625 0.140625
2 0.8828125 0.63515625 0.234375 0.3515625
3 0.95859375 0.77109375 0.0828125 0.1515625
3 0.034375 0.48359375 0.06875 0.2
3 0.99765625 0.6359375 0.0046875 0.271875
2 0.478125 0.2140625 0.1375 0.421875