2 0.953125 0.61328125 0.09375 0.1296875
2 0.7921875 0.496875 0.1796875 0.1798828125
1 0.0921875 0.20859375 0.10390625 0.1041015625
0 0.04765625 0.61640625 0.0953125 0.1234375
1 0.6328125 0.46953125 0.065625 0.1169921875
3 0.1 0.903125 0.034375 0.187890625
3 0.0546875 0.88515625 0.109375 0.1484375
1 0.709375 0.19140625 0.11328125 0.1130859375
2 0.2546875 0.48359375 0.26640625 0.2666015625
1 0.63125 0.35546875 0.1171875 0.1171875
1 0.246875 0.2109375 0.109375 0.108984375
1 0.884375 0.3640625 0.109375 0.108984375
0 0.2515625 0.61640625 0.1953125 0.1953125
2 0.978125 0.1 0.04375 0.1939453125
3 0.3328125 0.88046875 0.18515625 0.185546875
3 0.97578125 0.2046875 0.0484375 0.084375
0 0.8671875 0.13046875 0.14375 0.2548828125
2 0.7984375 0.34453125 0.18515625 0.18515625
1 0.090625 0.0890625 0.134375 0.134375