0 0.6109375 0.621875 0.1828125 0.1826171875
0 0.2890625 0.128125 0.1953125 0.1953125
0 0.603125 0.3609375 0.090625 0.159765625
3 0.15 0.1109375 0.190625 0.191015625
0 0.85 0.33046875 0.18671875 0.18671875
0 0.6890625 0.10859375 0.16484375 0.16484375
2 0.89453125 0.36328125 0.2109375 0.2171875
1 0.03125 0.76328125 0.0625 0.0953125
3 0.053125 0.35859375 0.08203125 0.082421875
2 0.4515625 0.625 0.353125 0.3533203125
0 0.371875 0.21953125 0.15625 0.15625
2 0.0171875 0.225 0.034375 0.3939453125
3 0.528125 0.20546875 0.23828125 0.2384765625
3 0.225 0.09453125 0.13359375 0.1337890625
1 0.3 0.63359375 0.12578125 0.12578125
2 0.9609375 0.346875 0.078125 0.4841796875
1 0.3671875 0.896875 0.1125 0.1126953125