3 0.790625 0.178125 0.284375 0.284375
1 0.8703125 0.0890625 0.096875 0.171875
0 0.3328125 0.33046875 0.178125 0.178125
3 0.3265625 0.203125 0.2890625 0.288671875
2 0.7140625 0.24453125 0.234375 0.4830078125
3 0.93671875 0.14453125 0.1265625 0.2830078125
1 0.2484375 0.771875 0.090625 0.0908203125
0 0.415625 0.4859375 0.14375 0.1435546875
0 0.03203125 0.2078125 0.0640625 0.121875
3 0.93125 0.86015625 0.1375 0.1828125
1 0.496875 0.75546875 0.10859375 0.10859375
3 0.6515625 0.121875 0.1796875 0.180078125
0 0.93359375 0.4828125 0.1328125 0.159375