0 0.4203125 0.871875 0.1953125 0.1953125
3 0.05703125 0.21328125 0.1140625 0.1515625
2 0.5859375 0.35546875 0.21953125 0.21953125
2 0.92890625 0.478125 0.1421875 0.4439453125
3 0.271875 0.503125 0.1953125 0.1953125
1 0.975 0.0890625 0.05 0.090625
2 0.934375 0.35 0.13125 0.6939453125
0 0.95546875 0.7578125 0.0890625 0.146875
2 0.6484375 0.353125 0.190625 0.1908203125
1 0.4265625 0.3640625 0.1 0.1
1 0.4234375 0.225 0.0953125 0.0953125
3 0.103125 0.0859375 0.13125 0.13203125
0 0.00859375 0.35 0.0171875 0.228125
1 0.4921875 0.08359375 0.12109375 0.1212890625
0 0.5828125 0.76640625 0.134375 0.134375
2 0.80078125 0.47421875 0.3984375 0.4234375