2 0.6859375 0.496875 0.3359375 0.3359375
2 0.91171875 0.19921875 0.1765625 0.1953125
2 0.6125 0.88046875 0.16953125 0.169921875
2 0.696875 0.35 0.3640625 0.3640625
1 0.06875 0.90546875 0.13046875 0.1302734375
0 0.21875 0.8859375 0.134375 0.134375
2 0.12421875 0.4796875 0.2484375 0.328125
2 0.09375 0.1109375 0.1875 0.2158203125
2 0.0578125 0.615625 0.115625 0.153125
2 0.9 0.8046875 0.2 0.259375
2 0.6171875 0.36953125 0.175 0.7330078125
0 0.08515625 0.19609375 0.1703125 0.1921875
0 0.96953125 0.35 0.0609375 0.228125
0 0.2921875 0.8890625 0.1640625 0.164453125
3 0.3015625 0.34453125 0.053125 0.144921875
3 0.21875 0.775 0.2640625 0.26484375
2 0.4625 0.49140625 0.26484375 0.26484375
3 0.91875 0.48046875 0.159375 0.271875
2 0.6921875 0.64140625 0.23359375 0.23359375
3 0.6125 0.75546875 0.13125 0.1451171875