0 0.484375 0.0859375 0.1296875 0.130078125
1 0.8796875 0.20859375 0.075 0.133203125
0 0.80625 0.61640625 0.1390625 0.1390625
0 0.03828125 0.47109375 0.0765625 0.1359375
2 0.0421875 0.77109375 0.084375 0.1578125
3 0.103125 0.7609375 0.1390625 0.1390625
3 0.8875 0.903125 0.034375 0.18828125
3 0.7953125 0.8859375 0.1765625 0.1765625
0 0.48125 0.871875 0.1953125 0.1953125
0 0.05078125 0.903125 0.1015625 0.125
0 0.5734375 0.771875 0.11875 0.212109375
0 0.02265625 0.615625 0.0453125 0.090625
2 0.940625 0.4828125 0.11875 0.2125
1 0.99765625 0.2109375 0.0046875 0.140234375
3 0.05546875 0.503125 0.1109375 0.328125
0 0.95703125 0.615625 0.0859375 0.140625
3 0.3328125 0.19453125 0.20234375 0.2025390625
0 0.2609375 0.9 0.090625 0.162109375
1 0.878125 0.0890625 0.096875 0.171875