3 0.528125 0.178125 0.284375 0.284375
1 0.6078125 0.0890625 0.134375 0.134375
0 0.0703125 0.33046875 0.128125 0.228125
3 0.109375 0.20234375 0.21875 0.2671875
2 0.4515625 0.24453125 0.35859375 0.3587890625
3 0.6890625 0.14453125 0.21953125 0.2197265625
1 0.02109375 0.77109375 0.0421875 0.0671875
0 0.153125 0.4859375 0.14375 0.1435546875
1 0.8421875 0.20546875 0.0875 0.1548828125
3 0.7 0.8609375 0.109375 0.271875
1 0.234375 0.75546875 0.10859375 0.10859375
3 0.3890625 0.121875 0.121875 0.237890625
0 0.690625 0.48359375 0.16484375 0.16484375