3 0.2359375 0.346875 0.21875 0.219140625
1 0.546875 0.33359375 0.08671875 0.08671875
2 0.096875 0.3390625 0.19375 0.3125
1 0.5546875 0.90546875 0.084375 0.15
1 0.7171875 0.35546875 0.09375 0.1669921875
2 0.7078125 0.30546875 0.146875 0.6048828125
3 0.10078125 0.46875 0.2015625 0.275
1 0.94296875 0.76328125 0.1140625 0.1265625
3 0.0375 0.6359375 0.075 0.2
3 0.98125 0.3578125 0.0375 0.059375
2 0.4703125 0.3390625 0.2234375 0.2234375
1 0.165625 0.4890625 0.0859375 0.086328125
0 0.6265625 0.20859375 0.14296875 0.1431640625
2 0.8578125 0.22421875 0.284375 0.3203125
0 0.475 0.2 0.1953125 0.1953125