0 0.5671875 0.621875 0.13125 0.2341796875
0 0.2453125 0.128125 0.140625 0.25
0 0.559375 0.3609375 0.090625 0.159765625
3 0.10625 0.1109375 0.190625 0.1908203125
0 0.80625 0.33046875 0.134375 0.2390625
0 0.6453125 0.10859375 0.16484375 0.16484375
2 0.87578125 0.3640625 0.23828125 0.23828125
3 0.02734375 0.3578125 0.0546875 0.071875
2 0.4078125 0.625 0.353125 0.353515625
0 0.328125 0.21953125 0.1125 0.2
3 0.484375 0.20546875 0.23828125 0.2384765625
3 0.18125 0.09453125 0.084375 0.183203125
1 0.25625 0.63359375 0.12578125 0.12578125
2 0.89375 0.34609375 0.2125 0.3015625
1 0.3234375 0.896875 0.1125 0.1126953125