1 0.065625 0.33359375 0.0625 0.1109375
0 0.7703125 0.128125 0.140625 0.25
1 0.0734375 0.90546875 0.084375 0.15
3 0.63125 0.1109375 0.165625 0.21640625
1 0.2359375 0.35546875 0.09375 0.16640625
2 0.2265625 0.30546875 0.146875 0.60546875
1 0.4671875 0.7640625 0.090625 0.1609375
3 0.534375 0.35859375 0.059375 0.10546875
2 0.91328125 0.625 0.1734375 0.49453125
2 0.04375 0.3390625 0.0875 0.25
0 0.853125 0.21953125 0.1125 0.2
0 0.1453125 0.20859375 0.103125 0.18359375
2 0.39375 0.225 0.24375 0.39453125
3 0.98671875 0.20546875 0.0265625 0.40546875
3 0.70625 0.09453125 0.084375 0.18359375
0 0.03203125 0.2 0.0640625 0.25
1 0.78125 0.63359375 0.090625 0.1609375
1 0.8484375 0.896875 0.08125 0.14453125