2 0.49375 0.503125 0.1890625 0.1890625
3 0.88125 0.09140625 0.06875 0.178125
3 0.409375 0.21640625 0.22578125 0.22578125
0 0.884375 0.75546875 0.16015625 0.1603515625
1 0.1703125 0.64140625 0.10390625 0.104296875
2 0.1828125 0.196875 0.2765625 0.276953125
1 0.24375 0.4890625 0.090625 0.0908203125
1 0.0953125 0.3390625 0.0828125 0.0826171875
3 0.4046875 0.46953125 0.10390625 0.104296875
1 0.4875 0.078125 0.1171875 0.1171875
3 0.490625 0.34453125 0.25625 0.25625
1 0.8046875 0.35546875 0.09140625 0.091015625
2 0.146875 0.34921875 0.29375 0.3421875
3 0.7171875 0.64140625 0.10234375 0.1025390625
2 0.8796875 0.35 0.1796875 0.180078125
2 0.7234375 0.153125 0.090625 0.3
2 0.5625 0.75859375 0.26015625 0.2599609375
2 0.1125 0.221875 0.225 0.2439453125
1 0.6359375 0.903125 0.1171875 0.1171875
0 0.928125 0.20234375 0.14375 0.1765625
1 0.7296875 0.2109375 0.1171875 0.1171875