2 0.1546875 0.19140625 0.203125 0.28359375
3 0.9296875 0.90546875 0.140625 0.18359375
3 0.703125 0.771875 0.109375 0.19453125
2 0.5546875 0.61640625 0.1375 0.21640625
1 0.3109375 0.628125 0.09375 0.16640625
0 0.778125 0.49140625 0.140625 0.25
0 0.1546875 0.63046875 0.115625 0.20546875
1 0.7078125 0.621875 0.078125 0.1390625
0 0.1609375 0.09140625 0.1 0.178125
2 0.94375 0.18046875 0.1125 0.35546875
1 0.54375 0.771875 0.096875 0.171875
3 0.39375 0.796875 0.215625 0.4
2 0.6953125 0.1 0.115625 0.19453125
2 0.0703125 0.3609375 0.096875 0.3109375
3 0.06875 0.88046875 0.121875 0.23359375
1 0.8609375 0.6390625 0.08125 0.14453125
1 0.6296875 0.3640625 0.075 0.13359375
2 0.7828125 0.296875 0.2625 0.5890625