0 0.5765625 0.76953125 0.090625 0.1609375
1 0.271875 0.0640625 0.065625 0.11640625
2 0.9546875 0.3390625 0.090625 0.55
0 0.6609375 0.203125 0.128125 0.228125
3 0.8171875 0.8859375 0.109375 0.221875
1 0.1828125 0.896875 0.06875 0.121875
0 0.7421875 0.34453125 0.115625 0.20546875
1 0.040625 0.771875 0.071875 0.128125
3 0.92890625 0.46953125 0.1421875 0.421875
1 0.903125 0.21953125 0.0875 0.15546875
3 0.3546875 0.496875 0.11875 0.2109375
3 0.9453125 0.6359375 0.109375 0.2
1 0.8078125 0.625 0.09375 0.16640625
2 0.1125 0.775 0.215625 0.321875
3 0.1875 0.6140625 0.153125 0.178125
1 0.04375 0.19453125 0.0875 0.16640625
0 0.653125 0.4859375 0.096875 0.171875
0 0.81875 0.34140625 0.13125 0.23359375
1 0.9015625 0.771875 0.071875 0.128125