2 0.7234375 0.19140625 0.203125 0.28359375
3 0.1015625 0.128125 0.05 0.25
0 0.403125 0.6109375 0.14375 0.25546875
1 0.0359375 0.628125 0.071875 0.1609375
1 0.8796875 0.628125 0.09375 0.16640625
3 0.4984375 0.75859375 0.096875 0.178125
0 0.7234375 0.63046875 0.115625 0.20546875
0 0.7296875 0.09140625 0.1 0.178125
0 0.0421875 0.13046875 0.084375 0.25546875
3 0.409375 0.19453125 0.209375 0.38359375
3 0.92734375 0.796875 0.1453125 0.4
2 0.059375 0.8390625 0.11875 0.31640625
1 0.4921875 0.33046875 0.065625 0.11640625
2 0.6390625 0.3609375 0.096875 0.3109375
3 0.6375 0.88046875 0.121875 0.23359375
1 0.02734375 0.35859375 0.0546875 0.11640625