3 0.6484375 0.771875 0.1765625 0.1765625
0 0.49375 0.88359375 0.178125 0.178125
1 0.6546875 0.475 0.1296875 0.1298828125
0 0.92890625 0.8796875 0.1421875 0.171875
3 0.115625 0.4859375 0.2078125 0.2076171875
1 0.73125 0.4890625 0.109375 0.10859375
1 0.040625 0.90234375 0.08125 0.1046875
2 0.10625 0.20859375 0.1578125 0.1578125
0 0.875 0.78046875 0.16484375 0.16484375
0 0.4890625 0.1140625 0.125 0.221875
3 0.3421875 0.9 0.1 0.028125
2 0.91875 0.64140625 0.1625 0.478125
3 0.3296875 0.60859375 0.175 0.1109375
0 0.728125 0.6140625 0.128125 0.228125
1 0.8828125 0.08046875 0.0625 0.1109375