0 0.4859375 0.75546875 0.146875 0.2609375
3 0.9765625 0.5 0.046875 0.2439453125
0 0.96328125 0.3578125 0.0734375 0.1125
1 0.33125 0.3390625 0.090625 0.159765625
0 0.70625 0.8859375 0.1734375 0.1734375
2 0.79375 0.203125 0.2859375 0.2859375
0 0.2453125 0.13046875 0.19921875 0.1994140625
3 0.3203125 0.2359375 0.246875 0.466015625
3 0.9296875 0.3328125 0.140625 0.14375
1 0.246875 0.76640625 0.12109375 0.1212890625
2 0.478125 0.46953125 0.25625 0.25625
0 0.790625 0.8890625 0.16875 0.1689453125
1 0.56875 0.0859375 0.059375 0.105859375
0 0.403125 0.75 0.09375 0.1658203125
2 0.8703125 0.503125 0.146875 0.25
0 0.4890625 0.203125 0.1515625 0.1517578125
3 0.0890625 0.4890625 0.15 0.149609375
2 0.4109375 0.84140625 0.27890625 0.27890625
3 0.2421875 0.9 0.1265625 0.12578125
1 0.946875 0.91640625 0.08203125 0.0822265625