3 0.521875 0.503125 0.08125 0.14453125
0 0.6078125 0.503125 0.09375 0.16640625
2 0.98125 0.2 0.0375 0.33359375
3 0.4375 0.353125 0.196875 0.36640625
2 0.0421875 0.503125 0.084375 0.23359375
0 0.96171875 0.1109375 0.0765625 0.21640625
0 0.45625 0.20546875 0.121875 0.21640625
3 0.5171875 0.90546875 0.084375 0.13359375
0 0.3671875 0.7609375 0.1125 0.2
3 0.75625 0.75 0.128125 0.271875
2 0.134375 0.34453125 0.153125 0.371875
1 0.98515625 0.625 0.0296875 0.10546875
3 0.1421875 0.478125 0.159375 0.29453125
1 0.984375 0.2 0.03125 0.1109375
0 0.3765625 0.89453125 0.115625 0.20546875
3 0.7578125 0.49140625 0.0875 0.15546875
1 0.9796875 0.903125 0.040625 0.15546875
2 0.90625 0.61640625 0.125 0.15