2 0.1296875 0.84140625 0.259375 0.3109375
1 0.49375 0.75859375 0.08125 0.14453125
3 0.4171875 0.20546875 0.109375 0.121875
3 0.34375 0.75859375 0.13125 0.128125
1 0.0296875 0.48046875 0.059375 0.128125
3 0.8765625 0.4859375 0.246875 0.18359375
1 0.8046875 0.903125 0.084375 0.15
1 0.6515625 0.478125 0.078125 0.1390625
2 0.89375 0.20859375 0.0875 0.228125
1 0.2671875 0.76953125 0.08125 0.14453125
1 0.4234375 0.89453125 0.078125 0.1390625
3 0.503125 0.63359375 0.225 0.14453125
3 0.409375 0.6140625 0.2875 0.171875
1 0.0375 0.3390625 0.071875 0.128125
0 0.184375 0.3390625 0.140625 0.25
1 0.4109375 0.35 0.084375 0.15
3 0.7296875 0.34140625 0.084375 0.1390625