2 0.040625 0.19140625 0.08125 0.28359375
3 0.7546875 0.90546875 0.140625 0.18359375
3 0.528125 0.771875 0.109375 0.19453125
2 0.3796875 0.61640625 0.1375 0.21640625
1 0.1359375 0.628125 0.09375 0.16640625
2 0.921875 0.3640625 0.153125 0.271875
0 0.603125 0.49140625 0.140625 0.25
0 0.01875 0.63046875 0.0375 0.20546875
1 0.5328125 0.621875 0.078125 0.1390625
0 0.01796875 0.09140625 0.0359375 0.178125
2 0.846875 0.18046875 0.26875 0.35546875
1 0.36875 0.771875 0.096875 0.171875
3 0.21875 0.796875 0.215625 0.4
2 0.5203125 0.1 0.115625 0.19453125
1 0.6859375 0.6390625 0.08125 0.14453125
1 0.4546875 0.3640625 0.075 0.13359375
2 0.6078125 0.296875 0.2625 0.5890625