0 0.96484375 0.08515625 0.0703125 0.1015625
1 0.384375 0.35 0.0828125 0.0826171875
0 0.4703125 0.471875 0.2 0.1998046875
2 0.465625 0.771875 0.2234375 0.2234375
3 0.628125 0.7609375 0.1390625 0.1390625
0 0.94453125 0.87109375 0.1109375 0.1578125
0 0.5546875 0.903125 0.134375 0.134375
0 0.08046875 0.19609375 0.1609375 0.1640625
0 0.0859375 0.9 0.1 0.178125
0 0.4765625 0.61640625 0.1390625 0.1390625
3 0.54375 0.503125 0.184375 0.328125
3 0.146875 0.46953125 0.28515625 0.2853515625
3 0.15 0.153125 0.25625 0.25625
0 0.3125 0.90546875 0.14296875 0.143359375
2 0.06796875 0.19375 0.1359375 0.21875
3 0.3859375 0.1359375 0.2140625 0.2142578125
3 0.8578125 0.19453125 0.15 0.2548828125
0 0.7859375 0.9 0.090625 0.162109375