0 0.4984375 0.20859375 0.103125 0.18359375
2 0.6515625 0.625 0.10625 0.3
3 0.5640625 0.753125 0.128125 0.21640625
3 0.5671875 0.203125 0.084375 0.1609375
2 0.925 0.75859375 0.15 0.40546875
3 0.95 0.63046875 0.06875 0.128125
0 0.575 0.878125 0.134375 0.2390625
0 0.10625 0.33046875 0.134375 0.2390625
3 0.8734375 0.20859375 0.2 0.29453125
0 0.00234375 0.10859375 0.0046875 0.2109375
2 0.178125 0.3640625 0.253125 0.228125
1 0.721875 0.61640625 0.090625 0.1609375
2 0.94921875 0.4890625 0.1015625 0.28359375
0 0.5 0.09453125 0.103125 0.18359375
2 0.9765625 0.6140625 0.046875 0.21640625
2 0.246875 0.346875 0.1375 0.48359375
3 0.4875 0.34453125 0.08125 0.19453125
1 0.64375 0.075 0.08125 0.14453125