3 0.6375 0.2109375 0.2640625 0.2642578125
2 0.925 0.19921875 0.15 0.1984375
1 0.49375 0.76640625 0.08125 0.1451171875
3 0.409375 0.3609375 0.1234375 0.123046875
0 0.7203125 0.196875 0.165625 0.165234375
3 0.2484375 0.2 0.1375 0.1376953125
3 0.0296875 0.896875 0.059375 0.162109375
0 0.7265625 0.49453125 0.13125 0.2330078125
3 0.4046875 0.6140625 0.1859375 0.185546875
0 0.95546875 0.9109375 0.0890625 0.171875
0 0.946875 0.64140625 0.09375 0.166796875
3 0.5734375 0.2109375 0.3296875 0.330078125
2 0.040625 0.50234375 0.08125 0.1234375
1 0.7265625 0.078125 0.1171875 0.1171875
3 0.25 0.753125 0.196875 0.3060546875