0 0.58125 0.19140625 0.0875 0.1548828125
2 0.1890625 0.2 0.26875 0.268359375
3 0.9859375 0.20546875 0.028125 0.25
1 0.8125 0.075 0.1125 0.1126953125
0 0.5828125 0.48046875 0.178125 0.178125
2 0.815625 0.625 0.159375 0.187890625
1 0.7359375 0.475 0.0953125 0.0953125
2 0.425 0.275 0.40625 0.4064453125
2 0.903125 0.34140625 0.19375 0.2951171875
2 0.996875 0.3359375 0.00625 0.4560546875
1 0.5046875 0.196875 0.09375 0.166015625
0 0.109375 0.1109375 0.16875 0.169140625
0 0.89375 0.20546875 0.14765625 0.14765625
3 0.93125 0.765625 0.1375 0.140625
1 0.125 0.625 0.059375 0.1060546875
3 0.26875 0.9140625 0.128125 0.128125
2 0.43125 0.8859375 0.23125 0.15
0 0.359375 0.778125 0.1390625 0.1390625
2 0.3484375 0.21953125 0.19296875 0.19296875
1 0.125 0.2 0.0625 0.112109375
1 0.128125 0.903125 0.121875 0.1216796875
2 0.05390625 0.615625 0.1078125 0.121875