0 0.4015625 0.771875 0.165625 0.165234375
1 0.24375 0.34140625 0.11328125 0.112890625
1 0.6375 0.90546875 0.13046875 0.130078125
0 0.7875 0.8859375 0.134375 0.134375
0 0.3296875 0.103125 0.1125 0.2
2 0.6390625 0.48046875 0.203125 0.4830078125
2 0.6359375 0.1109375 0.240625 0.216015625
2 0.5609375 0.61640625 0.171875 0.228125
0 0.64375 0.196875 0.190625 0.1908203125
0 0.8609375 0.8890625 0.1640625 0.164453125
3 0.8703125 0.34453125 0.053125 0.1451171875
2 0.321875 0.71640625 0.309375 0.5609375
0 0.04375 0.215625 0.0875 0.115625
0 0.2484375 0.0890625 0.134375 0.134375
2 0.39375 0.2140625 0.178125 0.309765625
1 0.175 0.2 0.1171875 0.1171875
3 0.7875 0.775 0.2640625 0.26484375
2 0.9375 0.490625 0.125 0.21875