2 0.634375 0.625 0.115625 0.20546875
2 0.9203125 0.753125 0.159375 0.25546875
0 0.559375 0.60859375 0.103125 0.18359375
0 0.034375 0.49140625 0.06875 0.1609375
1 0.9953125 0.0890625 0.009375 0.171875
0 0.496875 0.6109375 0.128125 0.228125
0 0.65 0.125 0.1375 0.24453125
2 0.0625 0.76953125 0.125 0.45546875
2 0.4796875 0.3640625 0.24375 0.721875
2 0.1765625 0.5 0.290625 0.46640625
2 0.4875 0.828125 0.140625 0.3390625
0 0.7953125 0.76640625 0.096875 0.171875
1 0.95703125 0.35859375 0.0859375 0.16640625