1 0.734375 0.621875 0.075 0.13359375
1 0.26875 0.20859375 0.0625 0.1109375
2 0.096875 0.61953125 0.19375 0.271875
1 0.73125 0.0859375 0.059375 0.10546875
0 0.9875 0.88046875 0.025 0.23359375
2 0.5703125 0.6140625 0.115625 0.20546875
0 0.8015625 0.196875 0.109375 0.19453125
1 0.88125 0.21640625 0.08125 0.14453125
2 0.171875 0.771875 0.078125 0.16640625
2 0.409375 0.6140625 0.134375 0.2890625
3 0.8109375 0.33359375 0.11875 0.19453125
0 0.253125 0.75 0.134375 0.2390625
0 0.0421875 0.3640625 0.084375 0.23359375
0 0.490625 0.3640625 0.090625 0.1609375
0 0.8046875 0.625 0.1125 0.2
1 0.64375 0.8859375 0.078125 0.1390625