3 0.5609375 0.771875 0.13125 0.221875
0 0.40625 0.88359375 0.128125 0.228125
1 0.99375 0.628125 0.0125 0.1609375
1 0.5671875 0.475 0.09375 0.16640625
0 0.8671875 0.88046875 0.13125 0.23359375
3 0.071875 0.4859375 0.14375 0.18359375
1 0.64375 0.4890625 0.078125 0.1390625
2 0.03125 0.20859375 0.0625 0.228125
0 0.7875 0.78046875 0.11875 0.2109375
0 0.4015625 0.1140625 0.125 0.221875
3 0.2546875 0.9 0.1 0.028125
0 0.9734375 0.13046875 0.053125 0.25546875
2 0.871875 0.64140625 0.24375 0.478125
2 0.975 0.8390625 0.05 0.31640625
3 0.2421875 0.60859375 0.175 0.1109375
0 0.640625 0.6140625 0.128125 0.228125
1 0.99765625 0.35859375 0.0046875 0.11640625
1 0.7953125 0.08046875 0.0625 0.1109375