2 0.1359375 0.49453125 0.271875 0.355078125
0 0.2140625 0.8859375 0.121875 0.1216796875
2 0.1265625 0.778125 0.2140625 0.2138671875
3 0.20625 0.771875 0.153125 0.2439453125
3 0.83125 0.20859375 0.25625 0.25625
1 0.2078125 0.0859375 0.1296875 0.1298828125
2 0.596875 0.84453125 0.21328125 0.2134765625
0 0.6859375 0.33359375 0.19140625 0.191015625
1 0.68125 0.91953125 0.0875 0.1548828125
0 0.3625 0.621875 0.2046875 0.204296875
0 0.7640625 0.496875 0.14375 0.255859375
1 0.671875 0.21953125 0.12578125 0.12578125
0 0.284375 0.3359375 0.1609375 0.1607421875
2 0.11484375 0.6359375 0.2296875 0.34375
3 0.2890625 0.746875 0.1125 0.178125
0 0.6046875 0.4890625 0.16875 0.1689453125
2 0.765625 0.16640625 0.234375 0.234375
0 0.440625 0.90859375 0.134375 0.134375
1 0.8375 0.35 0.06875 0.121875
1 0.13125 0.625 0.134375 0.134375
1 0.5296875 0.6109375 0.075 0.133984375
1 0.671875 0.4859375 0.0828125 0.0826171875
2 0.14140625 0.78828125 0.2828125 0.3078125
2 0.0703125 0.80234375 0.140625 0.2234375
0 0.2828125 0.2109375 0.15625 0.15625
3 0.4453125 0.1140625 0.15625 0.15625
2 0.8703125 0.4859375 0.259375 0.346875