1 0.2125 0.2140625 0.078125 0.1390625
2 0.275 0.70546875 0.303125 0.58359375
3 0.3546875 0.221875 0.10625 0.4390625
2 0.4453125 0.60859375 0.3 0.228125
0 0.115625 0.88046875 0.13125 0.23359375
1 0.5890625 0.60859375 0.06875 0.121875
3 0.603125 0.21640625 0.109375 0.171875
3 0.3578125 0.48359375 0.121875 0.2
2 0.828125 0.2140625 0.1375 0.421875
1 0.0546875 0.6359375 0.071875 0.128125
0 0.01953125 0.46953125 0.0390625 0.221875
0 0.196875 0.7609375 0.125 0.221875
3 0.121875 0.7609375 0.1875 0.16640625
0 0.13125 0.48046875 0.10625 0.1890625
1 0.271875 0.05859375 0.0625 0.1109375