3 0.10703125 0.34609375 0.2140625 0.2203125
1 0.415625 0.33359375 0.08671875 0.08671875
1 0.4234375 0.90546875 0.084375 0.15
3 0.94921875 0.1109375 0.1015625 0.2158203125
1 0.5859375 0.35546875 0.13046875 0.130078125
2 0.5765625 0.30546875 0.146875 0.6048828125
1 0.8171875 0.7640625 0.090625 0.16015625
3 0.884375 0.35859375 0.08203125 0.082421875
2 0.3390625 0.3390625 0.2234375 0.2234375
1 0.03828125 0.48828125 0.0765625 0.0859375
0 0.4953125 0.20859375 0.103125 0.183203125
2 0.74375 0.225 0.31875 0.319140625
0 0.34375 0.2 0.1953125 0.1953125