1 0.384375 0.621875 0.075 0.133984375
1 0.38125 0.0859375 0.0828125 0.0826171875
0 0.690625 0.88046875 0.18203125 0.1822265625
3 0.765625 0.49453125 0.15859375 0.1587890625
2 0.2203125 0.6140625 0.115625 0.2060546875
0 0.4515625 0.196875 0.1515625 0.1517578125
3 0.90859375 0.11875 0.1828125 0.2
1 0.53125 0.21640625 0.11328125 0.112890625
2 0.06328125 0.6140625 0.1265625 0.290234375
3 0.4609375 0.33359375 0.15703125 0.156640625
3 0.775 0.753125 0.08125 0.13828125
0 0.140625 0.3640625 0.090625 0.159765625
2 0.8546875 0.803125 0.2671875 0.26796875
0 0.4546875 0.625 0.15625 0.15625
1 0.29375 0.8859375 0.109375 0.108984375