1 0.409375 0.76640625 0.10390625 0.1041015625
1 0.865625 0.35 0.0828125 0.0826171875
2 0.08515625 0.6328125 0.1703125 0.246875
2 0.08828125 0.14375 0.1765625 0.2125
2 0.3953125 0.3390625 0.309375 0.3091796875
0 0.93984375 0.471875 0.1203125 0.2560546875
2 0.91484375 0.77109375 0.1703125 0.2140625
3 0.03203125 0.7640625 0.0640625 0.1841796875
3 0.028125 0.21640625 0.05625 0.4109375
0 0.99375 0.903125 0.0125 0.171875
0 0.559375 0.196875 0.165625 0.165234375
0 0.5671875 0.9 0.1390625 0.1390625
2 0.4 0.60859375 0.15625 0.1951171875
0 0.94296875 0.615625 0.1140625 0.134375
3 0.96640625 0.503125 0.0671875 0.328125
3 0.628125 0.46953125 0.28515625 0.2853515625
0 0.240625 0.871875 0.1953125 0.1953125
3 0.63125 0.153125 0.2125 0.3
0 0.0859375 0.35234375 0.171875 0.1828125
0 0.096875 0.503125 0.16875 0.1689453125
0 0.79375 0.90546875 0.14296875 0.1431640625
3 0.4015625 0.0890625 0.075 0.171875
2 0.4859375 0.19453125 0.1 0.383203125
3 0.8671875 0.1359375 0.2140625 0.214453125
2 0.315625 0.675 0.16875 0.644140625
0 0.25625 0.60859375 0.20390625 0.20390625