1 0.515625 0.621875 0.075 0.1341796875
1 0.05 0.20859375 0.0625 0.1109375
1 0.5125 0.0859375 0.0828125 0.0826171875
0 0.821875 0.88046875 0.13125 0.233203125
3 0.896875 0.49453125 0.15859375 0.1587890625
2 0.3515625 0.6140625 0.115625 0.205859375
0 0.5828125 0.196875 0.1515625 0.151953125
3 0.9828125 0.11953125 0.034375 0.2330078125
1 0.6625 0.21640625 0.08125 0.1451171875
2 0.190625 0.6140625 0.2125 0.212109375
3 0.5921875 0.33359375 0.15703125 0.156640625
0 0.05078125 0.75 0.1015625 0.237890625
3 0.90625 0.753125 0.109375 0.109765625
0 0.271875 0.3640625 0.125 0.125390625
2 0.95625 0.803125 0.0875 0.38828125
0 0.5859375 0.625 0.15625 0.15625
1 0.425 0.8859375 0.078125 0.140234375