0 0.8390625 0.76953125 0.090625 0.1609375
1 0.534375 0.0640625 0.065625 0.11640625
0 0.140625 0.896875 0.1125 0.2
0 0.01953125 0.09140625 0.0390625 0.178125
0 0.9234375 0.203125 0.128125 0.228125
1 0.4453125 0.896875 0.06875 0.121875
0 0.9734375 0.34453125 0.053125 0.20546875
1 0.303125 0.771875 0.071875 0.128125
3 0.6171875 0.496875 0.11875 0.2109375
2 0.375 0.775 0.215625 0.321875
3 0.45 0.6140625 0.153125 0.178125
1 0.303125 0.19453125 0.09375 0.16640625
0 0.915625 0.4859375 0.096875 0.171875