0 0.1578125 0.871875 0.1953125 0.1953125
2 0.3234375 0.35546875 0.21953125 0.21953125
2 0.7 0.478125 0.3265625 0.3267578125
2 0.92890625 0.6328125 0.1421875 0.225
3 0.05625 0.50234375 0.1125 0.1828125
2 0.92890625 0.14375 0.1421875 0.190625
2 0.853125 0.775 0.115625 0.221875
1 0.7765625 0.0890625 0.096875 0.171875
2 0.715625 0.35 0.21875 0.6939453125
3 0.96171875 0.76328125 0.0765625 0.1109375
3 0.88515625 0.215625 0.2296875 0.290625
0 0.7796875 0.75859375 0.20390625 0.20390625
2 0.3859375 0.353125 0.190625 0.1908203125
1 0.1640625 0.3640625 0.071875 0.128125
1 0.1609375 0.225 0.06875 0.121875
1 0.2296875 0.08359375 0.12109375 0.1212890625
0 0.3203125 0.76640625 0.134375 0.134375
2 0.5515625 0.475 0.265625 0.5841796875