1 0.0296875 0.21328125 0.059375 0.0859375
0 0.9234375 0.76640625 0.090625 0.1609375
2 0.15078125 0.7046875 0.3015625 0.396875
3 0.1359375 0.221875 0.271875 0.27265625
2 0.2265625 0.60859375 0.3 0.228125
1 0.3703125 0.60859375 0.0953125 0.0953125
3 0.9265625 0.63046875 0.075 0.1669921875
3 0.96171875 0.3328125 0.0765625 0.121875
3 0.384375 0.21640625 0.140625 0.140625
3 0.1390625 0.48359375 0.121875 0.2
2 0.609375 0.2140625 0.2796875 0.2796875
0 0.04296875 0.7609375 0.0859375 0.13125
1 0.053125 0.05859375 0.08671875 0.08671875