3 0.0421875 0.9109375 0.084375 0.171875
0 0.01328125 0.878125 0.0265625 0.2390625
1 0.97109375 0.3390625 0.0578125 0.1609375
0 0.9015625 0.13046875 0.14375 0.25546875
0 0.04453125 0.49453125 0.0890625 0.1890625
3 0.9265625 0.2359375 0.146875 0.46640625
1 0.903125 0.76640625 0.0875 0.15546875
2 0.090625 0.14140625 0.18125 0.278125
3 0.1203125 0.11640625 0.1375 0.228125
1 0.115625 0.4890625 0.071875 0.128125
3 0.7453125 0.4890625 0.109375 0.1890625
0 0.003125 0.35546875 0.00625 0.16640625
2 0.971875 0.84140625 0.05625 0.3109375
3 0.8984375 0.9 0.090625 0.1609375