2 0.5578125 0.75 0.146875 0.147265625
3 0.8671875 0.9109375 0.134375 0.134375
0 0.790625 0.878125 0.1859375 0.18671875
2 0.6375 0.196875 0.2359375 0.236328125
2 0.16875 0.75859375 0.30859375 0.3087890625
3 0.1625 0.63046875 0.06875 0.128125
0 0.8671875 0.49453125 0.10625 0.1890625
3 0.10625 0.2078125 0.2125 0.240625
2 0.86328125 0.140625 0.2734375 0.275
3 0.92734375 0.115625 0.1453125 0.171875
2 0.18125 0.4890625 0.2125 0.2123046875
1 0.946875 0.4890625 0.1 0.1
0 0.790625 0.35546875 0.09375 0.1669921875
2 0.2453125 0.6140625 0.159375 0.2158203125
3 0.5640625 0.61953125 0.17265625 0.17265625