2 0.23125 0.503125 0.10625 0.271875
3 0.61875 0.09140625 0.06875 0.178125
3 0.146875 0.21640625 0.1625 0.2890625
0 0.621875 0.75546875 0.115625 0.20546875
1 0.85625 0.91640625 0.06875 0.121875
2 0.0015625 0.196875 0.003125 0.3890625
1 0.00703125 0.4890625 0.0140625 0.11640625
3 0.1421875 0.46953125 0.075 0.13359375
1 0.225 0.078125 0.084375 0.15
3 0.228125 0.34453125 0.290625 0.221875
1 0.5421875 0.35546875 0.065625 0.11640625
3 0.4546875 0.64140625 0.071875 0.13359375
2 0.6171875 0.35 0.121875 0.2390625
2 0.4609375 0.153125 0.090625 0.3
0 0.8421875 0.09140625 0.1 0.178125
3 0.846875 0.20546875 0.0625 0.2890625
2 0.3 0.75859375 0.175 0.34453125
1 0.3734375 0.903125 0.084375 0.15
0 0.696875 0.203125 0.1375 0.24453125
0 0.93125 0.21640625 0.096875 0.171875
1 0.4671875 0.2109375 0.084375 0.15