2 0.1 0.503125 0.1890625 0.1890625
3 0.4875 0.09140625 0.1234375 0.1234375
1 0.9953125 0.34140625 0.009375 0.1451171875
3 0.0484375 0.21640625 0.096875 0.2890625
0 0.490625 0.75546875 0.16015625 0.1603515625
1 0.725 0.91640625 0.06875 0.121875
3 0.034375 0.46875 0.06875 0.090625
1 0.09375 0.078125 0.084375 0.15
3 0.12109375 0.34453125 0.23203125 0.23203125
1 0.4109375 0.35546875 0.09140625 0.0912109375
3 0.3234375 0.64140625 0.10234375 0.102734375
2 0.4859375 0.35 0.1796875 0.180078125
2 0.3296875 0.153125 0.1953125 0.1953125
0 0.7109375 0.09140625 0.1390625 0.1390625
3 0.715625 0.20546875 0.17578125 0.17578125
2 0.16875 0.75859375 0.175 0.3451171875
1 0.2421875 0.903125 0.1171875 0.1171875
0 0.565625 0.203125 0.1375 0.2439453125
2 0.9125 0.715625 0.175 0.303125
0 0.8 0.21640625 0.096875 0.171875
0 0.9734375 0.08828125 0.053125 0.0921875
1 0.3359375 0.2109375 0.1171875 0.1171875
1 0.96015625 0.2 0.0796875 0.15