1 0.97890625 0.06328125 0.0421875 0.0671875
0 0.621875 0.896875 0.1125 0.2
0 0.4703125 0.09140625 0.1 0.178125
0 0.14375 0.103125 0.15625 0.15625
1 0.9265625 0.896875 0.0953125 0.0953125
2 0.0921875 0.221875 0.184375 0.437890625
1 0.784375 0.771875 0.1 0.1
2 0.3 0.503125 0.2421875 0.2423828125
1 0.23125 0.89140625 0.075 0.1330078125
3 0.0703125 0.84140625 0.1375 0.3109375
2 0.075 0.471875 0.15 0.287890625
3 0.23125 0.2109375 0.1515625 0.1515625
2 0.85625 0.775 0.26875 0.26875
3 0.92265625 0.61328125 0.1546875 0.1609375
3 0.08125 0.7546875 0.1625 0.178125
2 0.303125 0.61640625 0.26328125 0.2634765625
1 0.784375 0.19453125 0.09375 0.1669921875
3 0.028125 0.34453125 0.05625 0.221875
1 0.15 0.76953125 0.13046875 0.1302734375
2 0.146875 0.8390625 0.221875 0.2220703125
3 0.06640625 0.1578125 0.1328125 0.19375