2 0.31875 0.503125 0.10625 0.271875
3 0.70625 0.09140625 0.1234375 0.1234375
3 0.234375 0.21640625 0.22578125 0.22578125
0 0.709375 0.75546875 0.115625 0.2048828125
1 0.94375 0.91640625 0.0953125 0.0953125
1 0.01640625 0.64140625 0.0328125 0.1330078125
2 0.08203125 0.19609375 0.1640625 0.2390625
1 0.06875 0.4890625 0.090625 0.0908203125
3 0.2296875 0.46953125 0.10390625 0.104296875
1 0.3125 0.078125 0.1171875 0.1171875
3 0.315625 0.34453125 0.290625 0.221875
1 0.6296875 0.35546875 0.09140625 0.0912109375
2 0.0359375 0.35 0.071875 0.437890625
3 0.5421875 0.64140625 0.10234375 0.1025390625
2 0.7046875 0.35 0.1796875 0.18046875
2 0.5484375 0.153125 0.090625 0.3
0 0.9296875 0.09140625 0.1 0.178125
3 0.92265625 0.2046875 0.1546875 0.175
2 0.3875 0.75859375 0.175 0.3451171875
2 0.04921875 0.22109375 0.0984375 0.1484375
1 0.4609375 0.903125 0.084375 0.15
0 0.784375 0.203125 0.190625 0.191015625
0 0.9671875 0.215625 0.065625 0.1
1 0.5546875 0.2109375 0.1171875 0.1171875