1 0.253125 0.621875 0.1046875 0.1044921875
1 0.25 0.0859375 0.0828125 0.0826171875
0 0.559375 0.88046875 0.18203125 0.182421875
3 0.634375 0.49453125 0.1125 0.2048828125
2 0.0890625 0.6140625 0.1609375 0.1607421875
0 0.3203125 0.196875 0.1515625 0.151953125
3 0.7890625 0.11953125 0.171875 0.2330078125
1 0.4 0.21640625 0.11328125 0.1130859375
3 0.9328125 0.746875 0.134375 0.15625
3 0.3296875 0.33359375 0.11875 0.1951171875
3 0.64375 0.753125 0.08125 0.13828125
0 0.03984375 0.36328125 0.0796875 0.1078125
2 0.7234375 0.803125 0.146875 0.38828125
0 0.3234375 0.625 0.15625 0.15625
1 0.1625 0.8859375 0.078125 0.140234375