0 0.7484375 0.76640625 0.090625 0.1609375
0 0.96328125 0.09140625 0.0734375 0.178125
2 0.01640625 0.70546875 0.0328125 0.58359375
3 0.00703125 0.221875 0.0140625 0.4390625
2 0.10078125 0.60859375 0.2015625 0.228125
1 0.1953125 0.60859375 0.06875 0.121875
3 0.7515625 0.63046875 0.075 0.16640625
3 0.89375 0.33359375 0.2 0.2109375
3 0.209375 0.21640625 0.109375 0.171875
2 0.9078125 0.6359375 0.13125 0.5890625
3 0.97265625 0.771875 0.0546875 0.29453125
3 0.0125 0.48359375 0.025 0.2
3 0.97578125 0.6359375 0.0484375 0.271875
2 0.434375 0.2140625 0.1375 0.421875