1 0.365625 0.76640625 0.075 0.13359375
1 0.821875 0.35 0.059375 0.10546875
2 0.0265625 0.63359375 0.053125 0.39453125
2 0.04921875 0.14453125 0.0984375 0.28359375
2 0.3515625 0.3390625 0.134375 0.48359375
0 0.9078125 0.471875 0.14375 0.25546875
2 0.903125 0.771875 0.146875 0.3
3 0.98828125 0.7609375 0.0234375 0.1
3 0.01015625 0.7640625 0.0203125 0.18359375
3 0.00625 0.21640625 0.0125 0.4109375
0 0.971875 0.903125 0.05625 0.171875
0 0.515625 0.196875 0.11875 0.2109375
0 0.5234375 0.9 0.1 0.178125
2 0.35625 0.60859375 0.15625 0.19453125
0 0.9140625 0.61640625 0.1 0.178125
3 0.94453125 0.503125 0.1109375 0.328125
3 0.584375 0.46953125 0.215625 0.35546875
0 0.196875 0.871875 0.140625 0.25
3 0.5875 0.153125 0.2125 0.3
0 0.0515625 0.353125 0.103125 0.23359375
0 0.05703125 0.503125 0.1140625 0.21640625
0 0.75 0.90546875 0.103125 0.18359375
3 0.3578125 0.0890625 0.075 0.171875
2 0.4421875 0.19453125 0.1 0.38359375
3 0.8234375 0.1359375 0.1625 0.26640625
2 0.271875 0.675 0.16875 0.64453125
0 0.2125 0.60859375 0.146875 0.2609375