0 0.2125 0.34140625 0.09375 0.166796875
0 0.03125 0.91328125 0.0625 0.0984375
1 0.61875 0.20859375 0.0625 0.1109375
2 0.446875 0.61953125 0.19375 0.271875
2 0.91953125 0.61328125 0.1609375 0.1609375
1 0.01328125 0.35546875 0.0265625 0.1548828125
2 0.521875 0.771875 0.078125 0.1658203125
2 0.759375 0.6140625 0.134375 0.28984375
0 0.2125 0.20546875 0.12109375 0.121484375
0 0.06796875 0.4796875 0.1359375 0.14375
0 0.603125 0.75 0.1859375 0.18671875
0 0.36875 0.3640625 0.13125 0.233984375
3 0.13125 0.625 0.1359375 0.1359375
0 0.840625 0.3640625 0.125 0.12578125
1 0.13125 0.34140625 0.11328125 0.1130859375
1 0.97734375 0.8859375 0.0453125 0.140234375