1 0.928125 0.0640625 0.065625 0.11640625
0 0.534375 0.896875 0.1125 0.2
0 0.3828125 0.09140625 0.1 0.178125
0 0.05625 0.103125 0.1125 0.2
1 0.8390625 0.896875 0.06875 0.121875
2 0.0484375 0.221875 0.096875 0.4390625
1 0.696875 0.771875 0.071875 0.128125
3 0.97578125 0.496875 0.0484375 0.2109375
2 0.2125 0.503125 0.21875 0.26640625
1 0.14375 0.89140625 0.075 0.13359375
3 0.02578125 0.84140625 0.0515625 0.3109375
2 0.03125 0.471875 0.0625 0.2890625
3 0.14375 0.2109375 0.153125 0.15
2 0.76875 0.775 0.215625 0.321875
3 0.84375 0.6140625 0.153125 0.178125
3 0.02421875 0.75546875 0.0484375 0.23359375
2 0.215625 0.61640625 0.19375 0.33359375
1 0.696875 0.19453125 0.09375 0.16640625
1 0.0625 0.76953125 0.09375 0.16640625
2 0.06171875 0.8390625 0.1234375 0.31640625