1 0.7546875 0.35859375 0.09375 0.16640625
1 0.97890625 0.346875 0.0421875 0.121875
3 0.9140625 0.821875 0.171875 0.35
1 0.203125 0.775 0.065625 0.11640625
3 0.1265625 0.6390625 0.121875 0.21640625
1 0.8296875 0.6109375 0.090625 0.1609375
0 0.36875 0.3640625 0.1 0.178125
2 0.8328125 0.24453125 0.25625 0.48359375
1 0.6078125 0.90859375 0.0875 0.15546875
3 0.2078125 0.2140625 0.1875 0.35
1 0.209375 0.61953125 0.065625 0.11640625
1 0.846875 0.76640625 0.084375 0.15
2 0.6796875 0.7609375 0.1875 0.471875