2 0.846875 0.6140625 0.153125 0.20546875
2 0.6171875 0.496875 0.115625 0.24453125
1 0.4578125 0.46953125 0.065625 0.11640625
3 0.95859375 0.18046875 0.0828125 0.35546875
1 0.534375 0.19140625 0.08125 0.14453125
2 0.0796875 0.48359375 0.128125 0.40546875
1 0.45625 0.35546875 0.084375 0.15
1 0.071875 0.2109375 0.078125 0.1390625
1 0.709375 0.3640625 0.078125 0.1390625
0 0.0765625 0.61640625 0.140625 0.25
2 0.85625 0.1 0.15 0.19453125
3 0.1578125 0.88046875 0.1375 0.23359375
3 0.9078125 0.20546875 0.184375 0.1609375
0 0.6921875 0.13046875 0.14375 0.25546875
2 0.6234375 0.34453125 0.13125 0.2390625