2 0.103125 0.840625 0.20625 0.240625
1 0.40625 0.75859375 0.11328125 0.1130859375
3 0.3296875 0.20546875 0.115625 0.115625
3 0.25625 0.75859375 0.1296875 0.1296875
3 0.7984375 0.4859375 0.225 0.2248046875
1 0.7171875 0.903125 0.084375 0.15
1 0.5640625 0.478125 0.078125 0.137890625
2 0.80625 0.20859375 0.1578125 0.1578125
3 0.99296875 0.89921875 0.0140625 0.0171875
1 0.1796875 0.76953125 0.11328125 0.1130859375
1 0.3359375 0.89453125 0.078125 0.1390625
3 0.415625 0.63359375 0.18515625 0.184765625
3 0.321875 0.6140625 0.2875 0.171875
0 0.096875 0.33828125 0.19375 0.1953125
3 0.9640625 0.6078125 0.071875 0.084375
1 0.3234375 0.35 0.1171875 0.1171875
3 0.6421875 0.34140625 0.11171875 0.11171875