2 0.05625 0.503125 0.10625 0.271875
3 0.44375 0.09140625 0.06875 0.178125
1 0.9734375 0.34140625 0.053125 0.14453125
3 0.0265625 0.21640625 0.053125 0.2890625
0 0.446875 0.75546875 0.115625 0.20546875
1 0.68125 0.91640625 0.06875 0.121875
3 0.00234375 0.46953125 0.0046875 0.13359375
1 0.05 0.078125 0.084375 0.15
3 0.09921875 0.34453125 0.1984375 0.221875
1 0.3671875 0.35546875 0.065625 0.11640625
3 0.2796875 0.64140625 0.071875 0.13359375
2 0.4421875 0.35 0.121875 0.2390625
2 0.2859375 0.153125 0.090625 0.3
0 0.6671875 0.09140625 0.1 0.178125
3 0.671875 0.20546875 0.0625 0.2890625
2 0.125 0.75859375 0.175 0.34453125
1 0.1984375 0.903125 0.084375 0.15
0 0.521875 0.203125 0.1375 0.24453125
2 0.95546875 0.71640625 0.0890625 0.5609375
0 0.75625 0.21640625 0.096875 0.171875
0 0.971875 0.0890625 0.05625 0.171875
1 0.2921875 0.2109375 0.084375 0.15
1 0.91875 0.2 0.084375 0.15