0 0.0390625 0.75546875 0.078125 0.2609375
3 0.55625 0.5 0.20625 0.206640625
0 0.5421875 0.35859375 0.15234375 0.1521484375
2 0.775 0.8 0.290625 0.2908203125
2 0.96796875 0.73359375 0.0640625 0.528125
0 0.225 0.8859375 0.125 0.221875
2 0.7875 0.6140625 0.265625 0.278125
2 0.3125 0.203125 0.2859375 0.2859375
1 0.8515625 0.48046875 0.13046875 0.1302734375
3 0.4609375 0.33359375 0.153125 0.153125
3 0.96875 0.48828125 0.0625 0.0953125
2 0.06953125 0.46953125 0.1390625 0.2265625
0 0.9359375 0.34453125 0.0875 0.155078125
0 0.309375 0.8890625 0.16875 0.169140625
1 0.0875 0.0859375 0.0828125 0.0826171875
3 0.6171875 0.1390625 0.09375 0.271875
0 0.97109375 0.62109375 0.0578125 0.0921875
2 0.3890625 0.503125 0.1984375 0.1984375
1 0.9421875 0.75 0.0875 0.1560546875
0 0.04765625 0.20234375 0.0953125 0.1296875
2 0.05859375 0.840625 0.1171875 0.18125
2 0.96015625 0.34375 0.0796875 0.1125
1 0.465625 0.91640625 0.08203125 0.082421875