0 0.4421875 0.75546875 0.20390625 0.20390625
3 0.93515625 0.49921875 0.1296875 0.1671875
0 0.946875 0.3578125 0.10625 0.134375
1 0.2875 0.3390625 0.090625 0.16015625
0 0.6625 0.8859375 0.1734375 0.1734375
2 0.75 0.203125 0.2859375 0.2859375
0 0.2015625 0.13046875 0.19921875 0.1994140625
3 0.2765625 0.2359375 0.35625 0.3564453125
3 0.8984375 0.33359375 0.15625 0.15
1 0.203125 0.76640625 0.12109375 0.1212890625
2 0.434375 0.46953125 0.25625 0.25625
0 0.746875 0.8890625 0.16875 0.1689453125
1 0.525 0.0859375 0.0828125 0.082421875
0 0.359375 0.75 0.09375 0.1658203125
2 0.8265625 0.503125 0.1984375 0.1984375
0 0.4453125 0.203125 0.109375 0.194140625
3 0.0609375 0.48828125 0.121875 0.1453125
2 0.3671875 0.84140625 0.246875 0.3109375
3 0.1984375 0.9 0.1265625 0.12578125
1 0.903125 0.91640625 0.059375 0.1048828125