0 0.834375 0.0859375 0.09375 0.1658203125
1 0.209375 0.35 0.0828125 0.0826171875
0 0.2953125 0.471875 0.2 0.1998046875
2 0.290625 0.771875 0.2234375 0.2234375
3 0.453125 0.7609375 0.178125 0.1
0 0.83125 0.871875 0.1953125 0.1953125
0 0.3796875 0.903125 0.134375 0.134375
0 0.9234375 0.771875 0.11875 0.21171875
0 0.3015625 0.61640625 0.1390625 0.1390625
3 0.36875 0.503125 0.25625 0.25625
3 0.03984375 0.46953125 0.0796875 0.3548828125
3 0.040625 0.153125 0.08125 0.3
0 0.1375 0.90546875 0.14296875 0.1431640625
3 0.2109375 0.1359375 0.2140625 0.2142578125
3 0.6828125 0.19453125 0.20234375 0.2025390625
0 0.6109375 0.9 0.1265625 0.126171875