3 0.0609375 0.2 0.121875 0.39453125
2 0.3984375 0.49453125 0.271875 0.35546875
0 0.4765625 0.8859375 0.0875 0.15546875
2 0.3890625 0.778125 0.171875 0.25546875
3 0.46875 0.771875 0.153125 0.24453125
2 0.01875 0.85 0.0375 0.29453125
3 0.97421875 0.20859375 0.0515625 0.221875
1 0.4703125 0.0859375 0.09375 0.16640625
2 0.859375 0.84453125 0.121875 0.30546875
0 0.93984375 0.33359375 0.1203125 0.24453125
1 0.94375 0.91953125 0.0875 0.15546875
2 0.10234375 0.2140625 0.2046875 0.1890625
0 0.625 0.621875 0.146875 0.2609375
0 0.97734375 0.496875 0.0453125 0.25546875
1 0.934375 0.21953125 0.090625 0.1609375
0 0.546875 0.3359375 0.115625 0.20546875
0 0.165625 0.6390625 0.096875 0.171875
2 0.2328125 0.6359375 0.290625 0.571875
3 0.5515625 0.746875 0.1125 0.178125
0 0.8671875 0.4890625 0.121875 0.21640625
2 0.97890625 0.16640625 0.0421875 0.328125
0 0.703125 0.90859375 0.096875 0.171875
1 0.39375 0.625 0.096875 0.171875
1 0.7921875 0.6109375 0.075 0.13359375
1 0.934375 0.4859375 0.059375 0.10546875
2 0.3921875 0.7890625 0.196875 0.41640625
2 0.16875 0.803125 0.30625 0.3890625
0 0.5453125 0.2109375 0.1125 0.2
3 0.7078125 0.1140625 0.090625 0.221875