0 0.9375 0.8828125 0.125 0.159375
1 0.1875 0.75859375 0.08125 0.1451171875
3 0.1109375 0.20546875 0.115625 0.115625
3 0.0515625 0.75859375 0.103125 0.128125
3 0.5796875 0.4859375 0.265625 0.1841796875
1 0.4984375 0.903125 0.084375 0.15
1 0.3453125 0.478125 0.1078125 0.108203125
2 0.5875 0.20859375 0.1578125 0.1578125
0 0.95390625 0.1140625 0.0921875 0.221875
3 0.8234375 0.9 0.1 0.028125
1 0.00078125 0.76953125 0.0015625 0.144921875
1 0.1171875 0.89453125 0.10859375 0.10859375
3 0.196875 0.63359375 0.225 0.144921875
3 0.1234375 0.6140625 0.209375 0.209375
3 0.8109375 0.60859375 0.175 0.1109375
1 0.1046875 0.35 0.084375 0.15
3 0.4234375 0.34140625 0.11171875 0.11171875