1 0.03671875 0.503125 0.0734375 0.171875
0 0.74375 0.875 0.1375 0.2439453125
0 0.92578125 0.34375 0.1484375 0.184375
0 0.7359375 0.08359375 0.090625 0.1609375
1 0.578125 0.475 0.1046875 0.1044921875
2 0.0515625 0.496875 0.103125 0.987890625
2 0.053125 0.36015625 0.10625 0.1890625
0 0.8109375 0.353125 0.1125 0.2
0 0.6609375 0.771875 0.190625 0.191015625
3 0.0734375 0.84921875 0.146875 0.1953125
2 0.1171875 0.740625 0.234375 0.328125
1 0.7265625 0.61640625 0.09140625 0.0912109375
3 0.18359375 0.8546875 0.3140625 0.290625