2 0.99453125 0.6140625 0.0109375 0.205859375
2 0.8359375 0.496875 0.115625 0.244140625
1 0.1359375 0.20859375 0.10390625 0.1041015625
0 0.065625 0.61640625 0.13125 0.1390625
1 0.6765625 0.46953125 0.065625 0.1169921875
3 0.14375 0.903125 0.1109375 0.11171875
3 0.05859375 0.8859375 0.1171875 0.221875
1 0.753125 0.19140625 0.11328125 0.1130859375
2 0.2984375 0.48359375 0.26640625 0.2666015625
1 0.675 0.35546875 0.084375 0.15
1 0.290625 0.2109375 0.109375 0.108984375
1 0.928125 0.3640625 0.078125 0.140234375
0 0.2953125 0.61640625 0.1953125 0.1953125
3 0.3765625 0.88046875 0.18515625 0.1853515625
0 0.90546875 0.1296875 0.1890625 0.2
2 0.8421875 0.34453125 0.18515625 0.18515625
1 0.134375 0.0890625 0.134375 0.134375