1 0.690625 0.621875 0.1046875 0.1044921875
1 0.225 0.20859375 0.08671875 0.08671875
2 0.075 0.61953125 0.15 0.271875
1 0.6875 0.0859375 0.059375 0.105859375
0 0.94453125 0.8796875 0.1109375 0.15
2 0.5265625 0.6140625 0.115625 0.2060546875
0 0.7578125 0.196875 0.1515625 0.1517578125
1 0.8375 0.21640625 0.11328125 0.112890625
2 0.128125 0.771875 0.121875 0.1220703125
2 0.365625 0.6140625 0.2125 0.212109375
3 0.7671875 0.33359375 0.15703125 0.156640625
0 0.209375 0.75 0.1859375 0.186328125
0 0.04453125 0.36328125 0.0890625 0.1359375
0 0.446875 0.3640625 0.125 0.125390625
0 0.7609375 0.625 0.1125 0.2
1 0.6 0.8859375 0.109375 0.108984375