0 0.05703125 0.76875 0.1140625 0.125
3 0.6734375 0.346875 0.21875 0.2189453125
1 0.9765625 0.33359375 0.046875 0.1109375
2 0.4484375 0.3390625 0.3390625 0.3390625
0 0.1359375 0.203125 0.178125 0.178125
3 0.2921875 0.8859375 0.165625 0.165625
1 0.9625 0.9046875 0.075 0.1
0 0.2171875 0.34453125 0.16015625 0.1603515625
3 0.45 0.46953125 0.328125 0.328125
1 0.378125 0.21953125 0.0875 0.1548828125
3 0.4390625 0.6359375 0.1734375 0.1734375
1 0.2828125 0.625 0.1296875 0.1298828125
2 0.896875 0.33828125 0.20625 0.2203125
1 0.603125 0.4890625 0.0625 0.109765625
0 0.128125 0.4859375 0.134375 0.134375
0 0.9125 0.2 0.140625 0.25
0 0.29375 0.34140625 0.13125 0.2330078125
1 0.3765625 0.771875 0.1 0.1