1 0.475 0.2140625 0.109375 0.108984375
1 0.1453125 0.75859375 0.08125 0.1451171875
2 0.5375 0.70546875 0.44296875 0.4431640625
3 0.6171875 0.221875 0.271875 0.272265625
2 0.7078125 0.60859375 0.2640625 0.2640625
0 0.378125 0.88046875 0.18203125 0.1822265625
1 0.8515625 0.60859375 0.0953125 0.0953125
3 0.05078125 0.1796875 0.1015625 0.1875
3 0.865625 0.21640625 0.109375 0.171875
3 0.6203125 0.48359375 0.1609375 0.1609375
3 0.08046875 0.225 0.1609375 0.337890625
1 0.3171875 0.6359375 0.1 0.1
0 0.2390625 0.46953125 0.1734375 0.1734375
1 0.0796875 0.0859375 0.1296875 0.1298828125
0 0.459375 0.7609375 0.1734375 0.1734375
3 0.384375 0.7609375 0.1765625 0.1767578125
0 0.0703125 0.36328125 0.140625 0.1484375
0 0.39375 0.48046875 0.14765625 0.14765625
3 0.1578125 0.153125 0.246875 0.246875
1 0.534375 0.05859375 0.08671875 0.08671875