0 0.090625 0.0859375 0.09375 0.1658203125
1 0.4859375 0.20859375 0.10390625 0.1041015625
0 0.4125 0.61640625 0.1390625 0.1390625
1 0.996875 0.46953125 0.00625 0.116796875
3 0.49375 0.903125 0.1109375 0.11171875
3 0.4015625 0.8859375 0.1765625 0.1765625
0 0.0921875 0.87109375 0.184375 0.1953125
0 0.1796875 0.771875 0.165625 0.165234375
2 0.6484375 0.48359375 0.26640625 0.2666015625
1 0.99140625 0.35546875 0.0171875 0.15
1 0.640625 0.2109375 0.109375 0.10859375
0 0.6453125 0.61640625 0.1953125 0.1953125
3 0.7265625 0.88046875 0.18515625 0.1853515625
3 0.03671875 0.19375 0.0734375 0.134375
1 0.484375 0.0890625 0.134375 0.134375