0 0.9484375 0.33359375 0.103125 0.1515625
0 0.3984375 0.76640625 0.12578125 0.12578125
0 0.6265625 0.09140625 0.1390625 0.1390625
3 0.86875 0.8859375 0.20625 0.20625
2 0.8734375 0.478125 0.228125 0.2279296875
3 0.4015625 0.63046875 0.075 0.166796875
2 0.9265625 0.76875 0.146875 0.16875
0 0.859375 0.08359375 0.12578125 0.12578125
3 0.54375 0.33359375 0.2 0.2109375
2 0.7796875 0.33046875 0.11953125 0.11953125
2 0.5578125 0.6359375 0.3609375 0.36015625
3 0.93125 0.20546875 0.1375 0.271875
3 0.7109375 0.771875 0.23125 0.2939453125
0 0.7078125 0.103125 0.1125 0.2
3 0.6296875 0.6359375 0.1640625 0.1640625
2 0.084375 0.2140625 0.1375 0.421875
3 0.7859375 0.64140625 0.125 0.2451171875