2 0.3796875 0.496875 0.29375 0.378125
2 0.621875 0.2 0.165625 0.2390625
3 0.7765625 0.2140625 0.0875 0.228125
2 0.30625 0.88046875 0.10625 0.23359375
3 0.990625 0.503125 0.01875 0.321875
2 0.390625 0.35 0.25 0.478125
2 0.625 0.80546875 0.1375 0.38359375
2 0.3109375 0.36953125 0.175 0.73359375
3 0.846875 0.0859375 0.103125 0.1609375
0 0.696875 0.35 0.128125 0.228125
0 0.02265625 0.8890625 0.0453125 0.2109375
3 0.0109375 0.34453125 0.021875 0.14453125
3 0.00390625 0.775 0.0078125 0.3390625
2 0.15625 0.49140625 0.11875 0.4109375
3 0.6125 0.48046875 0.159375 0.271875
2 0.3859375 0.64140625 0.128125 0.3390625
3 0.30625 0.75546875 0.13125 0.14453125