3 0.665625 0.36640625 0.5234375 0.5234375
2 0.2765625 0.225 0.125 0.4439453125
2 0.13828125 0.49609375 0.2765625 0.2953125
2 0.8734375 0.16875 0.253125 0.278125
2 0.08359375 0.7328125 0.1671875 0.2875
2 0.51875 0.76640625 0.25546875 0.25546875
3 0.4296875 0.46953125 0.25 0.3330078125
0 0.1234375 0.746875 0.1375 0.244140625
0 0.3484375 0.20546875 0.0875 0.1548828125
3 0.02109375 0.48828125 0.0421875 0.0828125
0 0.3546875 0.3359375 0.13125 0.2341796875
0 0.02734375 0.62109375 0.0546875 0.0890625
0 0.0484375 0.0859375 0.09375 0.1658203125
1 0.5953125 0.21640625 0.11328125 0.1130859375
3 0.275 0.61953125 0.140625 0.1
3 0.1203125 0.1359375 0.075 0.2658203125
3 0.434375 0.18046875 0.27734375 0.2775390625
3 0.05703125 0.4859375 0.1140625 0.140234375
1 0.671875 0.475 0.0953125 0.0953125
2 0.7515625 0.2140625 0.14375 0.2939453125
2 0.03359375 0.34453125 0.0671875 0.1046875
3 0.053125 0.63515625 0.10625 0.1234375
0 0.275 0.0890625 0.134375 0.134375
2 0.3546875 0.8859375 0.1671875 0.167578125