1 0.384375 0.621875 0.075 0.13359375
1 0.38125 0.0859375 0.059375 0.10546875
0 0.690625 0.88046875 0.13125 0.23359375
3 0.765625 0.49453125 0.1125 0.20546875
2 0.2203125 0.6140625 0.115625 0.20546875
0 0.4515625 0.196875 0.109375 0.19453125
3 0.9171875 0.11953125 0.165625 0.23359375
1 0.53125 0.21640625 0.08125 0.14453125
2 0.06328125 0.6140625 0.1265625 0.2890625
3 0.4609375 0.33359375 0.11875 0.19453125
3 0.775 0.753125 0.08125 0.1390625
0 0.140625 0.3640625 0.090625 0.1609375
2 0.8546875 0.803125 0.146875 0.3890625
0 0.4546875 0.625 0.1125 0.2
1 0.29375 0.8859375 0.078125 0.1390625