3 0.1828125 0.753125 0.1984375 0.1982421875
1 0.04765625 0.215625 0.0953125 0.11875
3 0.05078125 0.746875 0.1015625 0.134375
2 0.4953125 0.78046875 0.25859375 0.2583984375
3 0.953125 0.75 0.084375 0.171875
1 0.3328125 0.4859375 0.1 0.1
3 0.3421875 0.78046875 0.115625 0.2048828125
1 0.8859375 0.6140625 0.1171875 0.1171875
1 0.7171875 0.63046875 0.10859375 0.10859375
1 0.246875 0.496875 0.084375 0.15
1 0.9515625 0.4890625 0.096875 0.171875
2 0.0984375 0.75 0.190625 0.3
2 0.884375 0.103125 0.128125 0.2
0 0.728125 0.49140625 0.20390625 0.20390625
3 0.053125 0.346875 0.10625 0.134375
1 0.4875 0.35546875 0.0625 0.1109375