0 0.7859375 0.11640625 0.128125 0.228125
0 0.03515625 0.13046875 0.0703125 0.25546875
2 0.39375 0.471875 0.1125 0.39453125
0 0.240625 0.353125 0.103125 0.18359375
3 0.4 0.19140625 0.13125 0.10546875
2 0.8578125 0.5 0.09375 0.3109375
1 0.8546875 0.75546875 0.096875 0.171875
2 0.715625 0.46953125 0.221875 0.5890625
3 0.6203125 0.8890625 0.14375 0.21640625
2 0.97265625 0.49453125 0.0546875 0.3890625
0 0.9734375 0.13046875 0.053125 0.25546875
1 0.3984375 0.8890625 0.09375 0.16640625
2 0.028125 0.61953125 0.05625 0.4
2 0.2296875 0.18359375 0.1875 0.3609375
2 0.4 0.33359375 0.209375 0.3890625