1 0.603125 0.621875 0.075 0.13359375
1 0.1375 0.20859375 0.0625 0.1109375
2 0.03125 0.61953125 0.0625 0.271875
1 0.6 0.0859375 0.059375 0.10546875
0 0.909375 0.88046875 0.13125 0.23359375
3 0.9640625 0.49453125 0.071875 0.20546875
2 0.4390625 0.6140625 0.115625 0.20546875
0 0.6703125 0.196875 0.109375 0.19453125
1 0.75 0.21640625 0.08125 0.14453125
2 0.040625 0.771875 0.078125 0.16640625
2 0.278125 0.6140625 0.134375 0.2890625
3 0.6796875 0.33359375 0.11875 0.19453125
0 0.121875 0.75 0.134375 0.2390625
3 0.9765625 0.753125 0.046875 0.1390625
0 0.359375 0.3640625 0.090625 0.1609375
0 0.6734375 0.625 0.1125 0.2
1 0.5125 0.8859375 0.078125 0.1390625