1 0.1296875 0.49453125 0.09375 0.1669921875
2 0.06796875 0.22734375 0.1359375 0.2421875
1 0.815625 0.775 0.090625 0.091015625
0 0.4375 0.503125 0.14375 0.1435546875
3 0.7390625 0.6390625 0.121875 0.2158203125
3 0.1265625 0.08359375 0.12734375 0.12734375
0 0.9515625 0.36328125 0.096875 0.1234375
3 0.35 0.771875 0.1015625 0.1017578125
2 0.278125 0.75546875 0.1 0.3609375
3 0.8203125 0.2140625 0.26875 0.26875
0 0.1125 0.225 0.134375 0.134375
1 0.821875 0.61953125 0.09140625 0.0912109375
3 0.5171875 0.19140625 0.140625 0.2548828125
1 0.00234375 0.61953125 0.0046875 0.1548828125
2 0.353125 0.228125 0.2953125 0.2953125