0 0.75625 0.19140625 0.0875 0.155078125
2 0.3640625 0.2 0.26875 0.2685546875
1 0.9734375 0.075 0.053125 0.1439453125
0 0.7578125 0.48046875 0.178125 0.178125
2 0.94296875 0.62421875 0.1140625 0.1390625
1 0.9109375 0.475 0.0953125 0.0953125
2 0.6 0.275 0.40625 0.4064453125
2 0.95546875 0.340625 0.0890625 0.15625
1 0.6796875 0.196875 0.1296875 0.1298828125
0 0.284375 0.1109375 0.16875 0.1689453125
3 0.07890625 0.74921875 0.1578125 0.1953125
1 0.3 0.625 0.059375 0.1060546875
3 0.44375 0.9140625 0.134375 0.121875
2 0.60625 0.8859375 0.190625 0.190625
0 0.534375 0.778125 0.1390625 0.1390625
2 0.5234375 0.21953125 0.146875 0.2390625
1 0.3 0.2 0.0875 0.087109375
3 0.05859375 0.490625 0.1171875 0.121875
1 0.303125 0.903125 0.121875 0.1216796875
2 0.20625 0.61640625 0.1375 0.1375