1 0.3484375 0.49453125 0.09375 0.16640625
3 0.1078125 0.20859375 0.128125 0.21640625
1 0.1140625 0.49140625 0.065625 0.11640625
2 0.1921875 0.228125 0.11875 0.45
0 0.65625 0.503125 0.103125 0.18359375
3 0.9484375 0.6390625 0.103125 0.21640625
3 0.3453125 0.08359375 0.09375 0.1609375
1 0.03125 0.775 0.0625 0.14453125
3 0.56875 0.771875 0.0375 0.16640625
2 0.496875 0.75546875 0.1 0.3609375
3 0.97265625 0.2140625 0.0546875 0.35
0 0.33125 0.225 0.096875 0.171875
3 0.7359375 0.19140625 0.140625 0.25546875
1 0.1796875 0.61953125 0.0875 0.15546875
2 0.571875 0.228125 0.140625 0.45