0 0.5359375 0.33359375 0.1953125 0.1953125
0 0.1453125 0.09140625 0.1 0.178125
3 0.3875 0.8859375 0.190625 0.221875
2 0.6109375 0.771875 0.165625 0.1658203125
2 0.3921875 0.478125 0.228125 0.227734375
2 0.8453125 0.503125 0.228125 0.2341796875
2 0.45625 0.76953125 0.16875 0.16875
0 0.378125 0.08359375 0.12578125 0.12578125
3 0.08671875 0.3328125 0.1734375 0.1875
2 0.2984375 0.33046875 0.078125 0.1609375
2 0.0765625 0.6359375 0.13125 0.590234375
3 0.459375 0.20546875 0.15625 0.271875
3 0.2296875 0.771875 0.2625 0.2626953125
0 0.2265625 0.103125 0.15625 0.15625
3 0.1484375 0.6359375 0.05625 0.271875
2 0.96640625 0.34453125 0.0671875 0.371875
3 0.96875 0.478125 0.0625 0.2939453125
0 0.6109375 0.2140625 0.146875 0.259765625
2 0.6203125 0.14140625 0.2375 0.2375
3 0.3046875 0.64140625 0.18515625 0.1849609375
3 0.6953125 0.3390625 0.171875 0.190234375