0 0.8390625 0.76953125 0.12578125 0.12578125
1 0.534375 0.0640625 0.065625 0.1158203125
0 0.140625 0.896875 0.15625 0.15625
0 0.03671875 0.090625 0.0734375 0.109375
0 0.9171875 0.203125 0.165625 0.178125
1 0.4453125 0.896875 0.0953125 0.0953125
0 0.9734375 0.34453125 0.053125 0.2048828125
1 0.303125 0.771875 0.1 0.1
3 0.6171875 0.496875 0.165625 0.16484375
2 0.375 0.775 0.26875 0.26875
3 0.45 0.6140625 0.165625 0.165625
1 0.303125 0.19453125 0.09375 0.166796875
0 0.915625 0.4859375 0.134375 0.134375