3 0.4109375 0.346875 0.14375 0.2939453125
1 0.721875 0.33359375 0.08671875 0.08671875
2 0.1859375 0.3390625 0.128125 0.55
3 0.059375 0.8859375 0.11875 0.153125
1 0.7296875 0.90546875 0.084375 0.15
0 0.0296875 0.34375 0.059375 0.109375
1 0.8921875 0.35546875 0.13046875 0.1302734375
2 0.846875 0.3046875 0.30625 0.375
3 0.1875 0.46953125 0.328125 0.328125
1 0.115625 0.21953125 0.12109375 0.1212890625
3 0.1765625 0.6359375 0.1734375 0.1734375
1 0.0453125 0.62421875 0.090625 0.1171875
2 0.6453125 0.3390625 0.2234375 0.2234375
1 0.340625 0.4890625 0.0859375 0.08671875
0 0.8015625 0.20859375 0.14296875 0.1431640625
2 0.9234375 0.22421875 0.153125 0.2328125
0 0.65 0.2 0.1953125 0.1953125
0 0.0484375 0.34140625 0.096875 0.2330078125
1 0.1140625 0.771875 0.1 0.1