1 0.97734375 0.765625 0.0453125 0.075
2 0.0421875 0.3546875 0.084375 0.128125
2 0.30625 0.478125 0.209375 0.4439453125
2 0.6296875 0.63359375 0.159375 0.394921875
2 0.6328125 0.14453125 0.26328125 0.263671875
2 0.459375 0.775 0.115625 0.221875
1 0.3828125 0.0890625 0.096875 0.171875
2 0.9171875 0.33828125 0.165625 0.2703125
2 0.321875 0.35 0.21875 0.6939453125
3 0.621875 0.7640625 0.109375 0.1841796875
3 0.553125 0.21640625 0.32109375 0.32109375
0 0.3859375 0.75859375 0.20390625 0.20390625
2 0.03046875 0.353125 0.0609375 0.2439453125
2 0.95078125 0.6078125 0.0984375 0.13125
0 0.853125 0.871875 0.140625 0.25
0 0.69375 0.353125 0.1828125 0.182421875
0 0.709375 0.503125 0.16875 0.169140625
3 0.96953125 0.08828125 0.0609375 0.0984375
2 0.8609375 0.67421875 0.278125 0.4015625
0 0.86875 0.60859375 0.146875 0.2609375
2 0.1578125 0.475 0.265625 0.5841796875