0 0.95546875 0.771875 0.0890625 0.2109375
3 0.26875 0.09140625 0.06875 0.178125
1 0.8125 0.34140625 0.08125 0.14453125
0 0.271875 0.75546875 0.115625 0.20546875
1 0.50625 0.91640625 0.06875 0.121875
3 0.01171875 0.34453125 0.0234375 0.221875
1 0.1921875 0.35546875 0.065625 0.11640625
0 0.8984375 0.103125 0.1125 0.2
3 0.1046875 0.64140625 0.071875 0.13359375
2 0.2671875 0.35 0.121875 0.2390625
2 0.1109375 0.153125 0.090625 0.3
0 0.4921875 0.09140625 0.1 0.178125
3 0.496875 0.20546875 0.0625 0.2890625
2 0.01875 0.75859375 0.0375 0.34453125
1 0.0328125 0.903125 0.065625 0.15
0 0.346875 0.203125 0.1375 0.24453125
2 0.86796875 0.71640625 0.2640625 0.5609375
0 0.58125 0.21640625 0.096875 0.171875
0 0.8171875 0.0890625 0.096875 0.171875
2 0.93671875 0.2140625 0.1265625 0.3109375
1 0.1171875 0.2109375 0.084375 0.15
1 0.74375 0.2 0.084375 0.15