2 0.1875 0.503125 0.1890625 0.1890625
3 0.575 0.09140625 0.1234375 0.1234375
3 0.1078125 0.215625 0.215625 0.225
0 0.578125 0.75546875 0.115625 0.2048828125
1 0.8125 0.91640625 0.0953125 0.0953125
3 0.0984375 0.46953125 0.10390625 0.104296875
1 0.18125 0.078125 0.084375 0.15
3 0.184375 0.34453125 0.25625 0.25625
1 0.4984375 0.35546875 0.09140625 0.0912109375
3 0.4109375 0.64140625 0.10234375 0.102734375
2 0.5734375 0.35 0.1796875 0.180078125
2 0.4171875 0.153125 0.1953125 0.1953125
0 0.7984375 0.09140625 0.1 0.178125
3 0.803125 0.20546875 0.17578125 0.17578125
2 0.25625 0.75859375 0.26015625 0.259765625
1 0.3296875 0.903125 0.1171875 0.1171875
0 0.653125 0.203125 0.190625 0.1908203125
0 0.8875 0.21640625 0.134375 0.134375
1 0.4234375 0.2109375 0.084375 0.15