2 0.9890625 0.1109375 0.021875 0.21640625
2 0.11328125 0.78046875 0.2265625 0.26640625
3 0.559375 0.75 0.084375 0.171875
3 0.003125 0.78046875 0.00625 0.20546875
1 0.996875 0.496875 0.00625 0.121875
3 0.86875 0.46953125 0.071875 0.18359375
1 0.4921875 0.6140625 0.084375 0.15
1 0.3234375 0.63046875 0.078125 0.1390625
0 0.7140625 0.621875 0.109375 0.19453125
1 0.8828125 0.63046875 0.084375 0.15
1 0.790625 0.3609375 0.096875 0.171875
0 0.94375 0.8890625 0.1125 0.21640625
1 0.7984375 0.19140625 0.075 0.13359375
1 0.5578125 0.4890625 0.096875 0.171875
2 0.490625 0.103125 0.128125 0.2
3 0.721875 0.35546875 0.19375 0.36640625
0 0.334375 0.49140625 0.146875 0.2609375
1 0.09375 0.35546875 0.0625 0.1109375