0 0.0359375 0.340625 0.071875 0.103125
1 0.865625 0.621875 0.1046875 0.104296875
1 0.4 0.20859375 0.0625 0.1109375
2 0.228125 0.61953125 0.19375 0.271875
1 0.8625 0.0859375 0.059375 0.105859375
2 0.7015625 0.6140625 0.1609375 0.1607421875
0 0.9328125 0.196875 0.109375 0.194140625
1 0.97109375 0.215625 0.0578125 0.0875
2 0.303125 0.771875 0.121875 0.1220703125
2 0.540625 0.6140625 0.2125 0.212109375
0 0.0328125 0.2046875 0.065625 0.096875
3 0.93125 0.3328125 0.1375 0.15625
0 0.384375 0.75 0.134375 0.237890625
0 0.15 0.3640625 0.1828125 0.1826171875
0 0.621875 0.3640625 0.090625 0.159765625
0 0.9359375 0.625 0.1125 0.2
1 0.775 0.8859375 0.109375 0.10859375