2 0.9203125 0.61328125 0.159375 0.1734375
2 0.7046875 0.496875 0.1796875 0.1798828125
1 0.03203125 0.2078125 0.0640625 0.0875
1 0.5453125 0.46953125 0.065625 0.1169921875
3 0.034375 0.903125 0.06875 0.109375
1 0.621875 0.19140625 0.08125 0.1451171875
2 0.1671875 0.48359375 0.128125 0.405078125
1 0.54375 0.35546875 0.084375 0.15
1 0.159375 0.2109375 0.109375 0.108984375
1 0.796875 0.3640625 0.109375 0.108984375
0 0.1640625 0.61640625 0.140625 0.25
2 0.9265625 0.09921875 0.146875 0.1640625
3 0.2453125 0.88046875 0.18515625 0.1853515625
3 0.94296875 0.2046875 0.1140625 0.128125
0 0.7796875 0.13046875 0.19921875 0.1994140625
2 0.7109375 0.34453125 0.18515625 0.18515625
1 0.040625 0.08828125 0.08125 0.1109375