3 0.80546875 0.36640625 0.3890625 0.5015625
2 0.4953125 0.225 0.125 0.4439453125
2 0.340625 0.496875 0.303125 0.303125
2 0.01875 0.8 0.0375 0.3939453125
2 0.95546875 0.16875 0.0890625 0.16875
2 0.1859375 0.73359375 0.3453125 0.3453125
2 0.7375 0.76640625 0.25546875 0.25546875
2 0.04453125 0.6140625 0.0890625 0.278125
3 0.6484375 0.46953125 0.25 0.333203125
1 0.04609375 0.4796875 0.0921875 0.115625
0 0.3421875 0.746875 0.1375 0.2439453125
0 0.5671875 0.20546875 0.12109375 0.121484375
3 0.18125 0.4890625 0.078125 0.1658203125
0 0.5734375 0.3359375 0.1828125 0.1826171875
0 0.1046875 0.34453125 0.12109375 0.1212890625
0 0.1921875 0.621875 0.090625 0.162109375
0 0.2671875 0.0859375 0.1296875 0.1298828125
1 0.1109375 0.75 0.121875 0.1216796875
1 0.8140625 0.21640625 0.11328125 0.1130859375
3 0.49375 0.61953125 0.140625 0.1
3 0.3390625 0.1359375 0.1703125 0.170703125
3 0.653125 0.18046875 0.27734375 0.2775390625
3 0.25625 0.4859375 0.153125 0.140234375
1 0.890625 0.475 0.0953125 0.0953125
2 0.94921875 0.2140625 0.1015625 0.294140625
2 0.1859375 0.34453125 0.153125 0.153125
3 0.2640625 0.6359375 0.121875 0.12265625
0 0.49375 0.0890625 0.096875 0.171875
2 0.5734375 0.8859375 0.1671875 0.167578125