3 0.0578125 0.5 0.115625 0.24453125
0 0.0359375 0.35859375 0.071875 0.19453125
2 0.8015625 0.225 0.125 0.44453125
2 0.646875 0.496875 0.278125 0.328125
2 0.25 0.8 0.1875 0.39453125
2 0.4921875 0.73359375 0.1625 0.528125
2 0.99140625 0.76640625 0.0171875 0.3890625
2 0.2625 0.6140625 0.265625 0.278125
3 0.91484375 0.46953125 0.1703125 0.33359375
1 0.3265625 0.48046875 0.09375 0.16640625
0 0.6484375 0.746875 0.1375 0.24453125
3 0.00703125 0.33359375 0.0140625 0.15
0 0.8734375 0.20546875 0.0875 0.15546875
3 0.4875 0.4890625 0.078125 0.16640625
0 0.8796875 0.3359375 0.13125 0.23359375
0 0.4109375 0.34453125 0.0875 0.15546875
3 0.0921875 0.1390625 0.09375 0.271875
0 0.4984375 0.621875 0.090625 0.1609375
0 0.5734375 0.0859375 0.09375 0.16640625
1 0.4171875 0.75 0.0875 0.15546875
3 0.8 0.61953125 0.140625 0.1
3 0.6453125 0.1359375 0.075 0.26640625
3 0.9296875 0.18046875 0.140625 0.35546875
3 0.5625 0.4859375 0.153125 0.1390625
2 0.4921875 0.34453125 0.128125 0.178125
3 0.5703125 0.6359375 0.084375 0.1609375
0 0.8 0.0890625 0.096875 0.171875
2 0.8796875 0.8859375 0.125 0.2109375