2 0.109375 0.625 0.1609375 0.160546875
2 0.4375 0.753125 0.25 0.2498046875
0 0.04296875 0.60859375 0.0859375 0.1830078125
1 0.5140625 0.0890625 0.134375 0.134375
0 0.04140625 0.61015625 0.0828125 0.1328125
0 0.125 0.125 0.190625 0.1908203125
2 0.03828125 0.3640625 0.0765625 0.721875
2 0.05390625 0.82734375 0.1078125 0.1859375
0 0.2703125 0.76640625 0.134375 0.134375
0 0.909375 0.10859375 0.16484375 0.16484375
3 0.590625 0.90859375 0.1171875 0.1171875
1 0.4359375 0.35859375 0.13046875 0.130078125