1 0.0484375 0.50234375 0.096875 0.1234375
0 0.74375 0.875 0.190625 0.1908203125
0 0.9453125 0.34453125 0.109375 0.2609375
0 0.7359375 0.08359375 0.12578125 0.12578125
1 0.578125 0.475 0.1046875 0.1044921875
2 0.16171875 0.49609375 0.3234375 0.5453125
2 0.053125 0.36015625 0.10625 0.1890625
0 0.8109375 0.353125 0.1125 0.2
0 0.6609375 0.771875 0.1375 0.2439453125
3 0.0734375 0.84921875 0.146875 0.1953125
2 0.1171875 0.740625 0.234375 0.328125
1 0.7265625 0.61640625 0.09140625 0.091015625
3 0.18359375 0.8546875 0.3140625 0.290625