0 0.3984375 0.75546875 0.146875 0.2609375
3 0.9328125 0.5 0.134375 0.24453125
0 0.9359375 0.35859375 0.109375 0.19453125
1 0.24375 0.3390625 0.090625 0.1609375
0 0.61875 0.8859375 0.125 0.221875
2 0.70625 0.203125 0.171875 0.4
0 0.1578125 0.13046875 0.14375 0.25546875
3 0.2328125 0.2359375 0.246875 0.46640625
3 0.8546875 0.33359375 0.15625 0.15
1 0.159375 0.76640625 0.0875 0.15546875
2 0.390625 0.46953125 0.1125 0.4
0 0.703125 0.8890625 0.121875 0.21640625
1 0.48125 0.0859375 0.059375 0.10546875
3 0.98203125 0.1390625 0.0359375 0.271875
0 0.315625 0.75 0.09375 0.16640625
2 0.7828125 0.503125 0.146875 0.25
0 0.4015625 0.203125 0.109375 0.19453125
3 0.028125 0.4890625 0.05625 0.1890625
2 0.3234375 0.84140625 0.246875 0.3109375
3 0.1546875 0.9 0.090625 0.1609375
1 0.859375 0.91640625 0.059375 0.10546875