0 0.753125 0.896875 0.15625 0.15625
0 0.6015625 0.09140625 0.1390625 0.1390625
0 0.275 0.103125 0.15625 0.15625
2 0.2140625 0.221875 0.203125 0.437890625
1 0.915625 0.771875 0.071875 0.128125
2 0.43125 0.503125 0.2421875 0.2423828125
3 0.025 0.340625 0.05 0.084375
1 0.3625 0.89140625 0.10390625 0.1041015625
3 0.2015625 0.84140625 0.1375 0.3109375
2 0.14140625 0.47109375 0.2828125 0.2859375
3 0.3625 0.2109375 0.153125 0.15
2 0.9140625 0.77421875 0.171875 0.2203125
3 0.971875 0.61328125 0.05625 0.0953125
3 0.2046875 0.75546875 0.17890625 0.179296875
2 0.434375 0.61640625 0.26328125 0.263671875
1 0.915625 0.19453125 0.13046875 0.1302734375
3 0.121875 0.34453125 0.1765625 0.1765625
3 0.071875 0.12734375 0.14375 0.1796875
1 0.28125 0.76953125 0.13046875 0.1302734375
2 0.278125 0.8390625 0.221875 0.2220703125
3 0.1234375 0.15859375 0.23828125 0.23828125