1 0.40625 0.225 0.075 0.1341796875
3 0.175 0.20859375 0.290625 0.221875
0 0.7296875 0.353125 0.134375 0.134375
2 0.00078125 0.84453125 0.0015625 0.3048828125
0 0.04921875 0.33359375 0.0984375 0.244921875
1 0.04453125 0.91875 0.0890625 0.1125
0 0.1078125 0.496875 0.14375 0.2560546875
1 0.04296875 0.21953125 0.0859375 0.1109375
3 0.96875 0.19921875 0.0625 0.0796875
0 0.03046875 0.48828125 0.0609375 0.1140625
3 0.80625 0.896875 0.121875 0.121484375
2 0.11328125 0.165625 0.2265625 0.234375
1 0.18125 0.35 0.0953125 0.0953125
1 0.02265625 0.4859375 0.0453125 0.1060546875
2 0.725 0.503125 0.20625 0.20546875
2 0.265625 0.4859375 0.3546875 0.3546875
3 0.93828125 0.75234375 0.1234375 0.1828125