2 0.4609375 0.19140625 0.203125 0.28359375
0 0.140625 0.6109375 0.14375 0.25546875
3 0.97734375 0.771875 0.0453125 0.19453125
2 0.8609375 0.61640625 0.1375 0.21640625
1 0.6171875 0.628125 0.09375 0.16640625
3 0.2359375 0.75859375 0.096875 0.178125
0 0.4609375 0.63046875 0.115625 0.20546875
1 0.9875 0.621875 0.025 0.1390625
0 0.4671875 0.09140625 0.1 0.178125
3 0.146875 0.19453125 0.209375 0.38359375
1 0.85 0.771875 0.096875 0.171875
3 0.7 0.796875 0.215625 0.4
1 0.2296875 0.33046875 0.065625 0.11640625
2 0.971875 0.1 0.05625 0.19453125
2 0.3765625 0.3609375 0.096875 0.3109375
3 0.375 0.88046875 0.121875 0.23359375
1 0.9359375 0.3640625 0.075 0.13359375
2 0.97890625 0.296875 0.0421875 0.5890625