0 0.9625 0.76953125 0.075 0.1609375
1 0.665625 0.0640625 0.065625 0.11640625
0 0.271875 0.896875 0.1125 0.2
0 0.1203125 0.09140625 0.1 0.178125
0 0.9953125 0.203125 0.009375 0.228125
1 0.5765625 0.896875 0.06875 0.121875
1 0.434375 0.771875 0.071875 0.128125
3 0.7484375 0.496875 0.11875 0.2109375
2 0.0296875 0.503125 0.059375 0.26640625
2 0.50625 0.775 0.215625 0.321875
3 0.58125 0.6140625 0.153125 0.178125
2 0.025 0.61640625 0.05 0.33359375
1 0.434375 0.19453125 0.09375 0.16640625
0 0.99921875 0.4859375 0.0015625 0.171875