1 0.321875 0.76640625 0.075 0.13359375
1 0.778125 0.35 0.059375 0.10546875
2 0.0046875 0.63359375 0.009375 0.39453125
2 0.02734375 0.14453125 0.0546875 0.28359375
2 0.3078125 0.3390625 0.134375 0.48359375
0 0.8640625 0.471875 0.14375 0.25546875
2 0.859375 0.771875 0.146875 0.3
3 0.96640625 0.7609375 0.0671875 0.1
0 0.9484375 0.903125 0.096875 0.171875
0 0.471875 0.196875 0.11875 0.2109375
0 0.4796875 0.9 0.1 0.178125
2 0.3125 0.60859375 0.15625 0.19453125
0 0.8703125 0.61640625 0.1 0.178125
3 0.92265625 0.503125 0.1546875 0.328125
3 0.540625 0.46953125 0.215625 0.35546875
0 0.153125 0.871875 0.140625 0.25
3 0.54375 0.153125 0.2125 0.3
0 0.0296875 0.353125 0.059375 0.23359375
0 0.03515625 0.503125 0.0703125 0.21640625
0 0.70625 0.90546875 0.103125 0.18359375
3 0.3140625 0.0890625 0.075 0.171875
2 0.3984375 0.19453125 0.1 0.38359375
3 0.7796875 0.1359375 0.1625 0.26640625
2 0.228125 0.675 0.16875 0.64453125
0 0.16875 0.60859375 0.146875 0.2609375