2 0.31875 0.503125 0.10625 0.271875
3 0.70625 0.09140625 0.06875 0.178125
3 0.234375 0.21640625 0.1625 0.2890625
0 0.709375 0.75546875 0.115625 0.20546875
1 0.94375 0.91640625 0.06875 0.121875
1 0.01640625 0.64140625 0.0328125 0.13359375
2 0.0453125 0.196875 0.090625 0.3890625
1 0.06875 0.4890625 0.065625 0.11640625
3 0.2296875 0.46953125 0.075 0.13359375
1 0.3125 0.078125 0.084375 0.15
3 0.315625 0.34453125 0.290625 0.221875
1 0.6296875 0.35546875 0.065625 0.11640625
2 0.0359375 0.35 0.071875 0.4390625
3 0.5421875 0.64140625 0.071875 0.13359375
2 0.7046875 0.35 0.121875 0.2390625
2 0.5484375 0.153125 0.090625 0.3
0 0.9296875 0.09140625 0.1 0.178125
3 0.934375 0.20546875 0.0625 0.2890625
2 0.3875 0.75859375 0.175 0.34453125
2 0.025 0.221875 0.05 0.24453125
1 0.4609375 0.903125 0.084375 0.15
0 0.784375 0.203125 0.1375 0.24453125
0 0.98515625 0.21640625 0.0296875 0.171875
1 0.5546875 0.2109375 0.084375 0.15