0 0.95546875 0.88359375 0.0890625 0.228125
1 0.1875 0.75859375 0.08125 0.14453125
3 0.1109375 0.20546875 0.109375 0.121875
3 0.0515625 0.75859375 0.103125 0.128125
3 0.5796875 0.4859375 0.265625 0.18359375
1 0.4984375 0.903125 0.084375 0.15
1 0.3453125 0.478125 0.078125 0.1390625
2 0.5875 0.20859375 0.0875 0.228125
0 0.95390625 0.1140625 0.0921875 0.221875
3 0.8234375 0.9 0.1 0.028125
1 0.00078125 0.76953125 0.0015625 0.14453125
1 0.1171875 0.89453125 0.078125 0.1390625
3 0.196875 0.63359375 0.225 0.14453125
3 0.1234375 0.6140625 0.246875 0.171875
3 0.8109375 0.60859375 0.175 0.1109375
1 0.1046875 0.35 0.084375 0.15
3 0.4234375 0.34140625 0.084375 0.1390625