0 0.5625 0.34140625 0.09375 0.1669921875
0 0.3328125 0.9140625 0.1296875 0.1298828125
1 0.96875 0.20859375 0.0625 0.1109375
2 0.796875 0.61953125 0.2328125 0.2328125
1 0.3328125 0.35546875 0.12109375 0.121484375
3 0.2578125 0.06953125 0.115625 0.0890625
2 0.871875 0.771875 0.121875 0.1220703125
0 0.2515625 0.60859375 0.1734375 0.1734375
0 0.5625 0.20546875 0.12109375 0.1212890625
0 0.415625 0.48046875 0.14296875 0.1431640625
0 0.92734375 0.74921875 0.1453125 0.1765625
0 0.71875 0.3640625 0.1828125 0.1826171875
2 0.2609375 0.246875 0.309375 0.309765625
3 0.48125 0.625 0.1359375 0.1359375
1 0.48125 0.34140625 0.11328125 0.1130859375
3 0.03125 0.2078125 0.0625 0.0625