3 0.390625 0.503125 0.08125 0.14453125
0 0.4765625 0.503125 0.09375 0.16640625
2 0.915625 0.2 0.16875 0.33359375
3 0.30625 0.353125 0.196875 0.36640625
0 0.853125 0.1109375 0.121875 0.21640625
0 0.325 0.20546875 0.121875 0.21640625
3 0.3859375 0.90546875 0.084375 0.13359375
0 0.2359375 0.7609375 0.1125 0.2
3 0.625 0.75 0.128125 0.271875
2 0.03984375 0.34453125 0.0796875 0.371875
1 0.86875 0.625 0.059375 0.10546875
3 0.0453125 0.478125 0.090625 0.29453125
3 0.97265625 0.9140625 0.0546875 0.121875
1 0.86875 0.2 0.0625 0.1109375
0 0.2453125 0.89453125 0.115625 0.20546875
3 0.6265625 0.49140625 0.0875 0.15546875
1 0.871875 0.903125 0.0875 0.15546875
2 0.775 0.61640625 0.125 0.15