1 0.15625 0.503125 0.096875 0.171875
0 0.875 0.875 0.190625 0.1908203125
0 0.00078125 0.7609375 0.0015625 0.2341796875
0 0.8671875 0.08359375 0.12578125 0.12578125
1 0.709375 0.475 0.1046875 0.1044921875
2 0.2109375 0.49609375 0.421875 0.6109375
2 0.08125 0.3609375 0.146875 0.3560546875
0 0.9421875 0.353125 0.1125 0.2
0 0.06015625 0.490625 0.1203125 0.16875
0 0.7921875 0.771875 0.190625 0.1908203125
3 0.1703125 0.85 0.20625 0.2064453125
2 0.17265625 0.740625 0.3453125 0.36875
1 0.8578125 0.61640625 0.09140625 0.0912109375
3 0.3109375 0.86640625 0.375 0.2609375