0 0.9140625 0.115625 0.171875 0.178125
0 0.1296875 0.13046875 0.19921875 0.1994140625
2 0.525 0.471875 0.1125 0.3939453125
0 0.371875 0.353125 0.103125 0.183984375
3 0.53125 0.19140625 0.13125 0.1048828125
2 0.9390625 0.49921875 0.121875 0.1859375
1 0.96875 0.75546875 0.0625 0.171875
2 0.821875 0.46875 0.35625 0.40625
3 0.7515625 0.8890625 0.1796875 0.180078125
1 0.5296875 0.8890625 0.09375 0.1658203125
2 0.140625 0.61953125 0.246875 0.246875
2 0.3609375 0.18359375 0.1875 0.3609375
2 0.53125 0.33359375 0.29921875 0.29921875