3 0.3578125 0.753125 0.1125 0.28359375
1 0.2046875 0.21640625 0.090625 0.1609375
3 0.2046875 0.746875 0.078125 0.2
2 0.6703125 0.78046875 0.25 0.26640625
1 0.5078125 0.4859375 0.071875 0.128125
3 0.5171875 0.78046875 0.115625 0.20546875
0 0.015625 0.34453125 0.03125 0.2609375
3 0.125 0.89453125 0.0875 0.15546875
1 0.8921875 0.63046875 0.078125 0.1390625
1 0.421875 0.496875 0.084375 0.15
2 0.2734375 0.75 0.190625 0.3
2 0.99765625 0.103125 0.0046875 0.2
0 0.903125 0.49140625 0.146875 0.2609375
3 0.12734375 0.346875 0.2546875 0.1890625
1 0.040625 0.61953125 0.0625 0.1109375
1 0.6625 0.35546875 0.0625 0.1109375