0 0.7515625 0.771875 0.11875 0.2109375
3 0.05 0.09140625 0.06875 0.178125
1 0.59375 0.34140625 0.08125 0.14453125
0 0.05546875 0.75546875 0.1109375 0.20546875
1 0.2875 0.91640625 0.06875 0.121875
1 0.9703125 0.90546875 0.059375 0.16640625
1 0.003125 0.35546875 0.00625 0.11640625
0 0.6796875 0.103125 0.1125 0.2
2 0.94375 0.48046875 0.1125 0.48359375
2 0.9328125 0.1109375 0.134375 0.21640625
2 0.9109375 0.61640625 0.171875 0.228125
2 0.0546875 0.35 0.109375 0.2390625
0 0.2734375 0.09140625 0.1 0.178125
3 0.278125 0.20546875 0.0625 0.2890625
0 0.9625 0.196875 0.075 0.24453125
0 0.128125 0.203125 0.1375 0.24453125
2 0.671875 0.71640625 0.309375 0.5609375
0 0.3625 0.21640625 0.096875 0.171875
0 0.5984375 0.0890625 0.096875 0.171875
2 0.74375 0.2140625 0.178125 0.3109375
1 0.525 0.2 0.084375 0.15