2 0.5109375 0.496875 0.29375 0.378125
2 0.753125 0.2 0.165625 0.2390625
3 0.9078125 0.2140625 0.0875 0.228125
2 0.4375 0.88046875 0.10625 0.23359375
2 0.521875 0.35 0.25 0.478125
0 0.04609375 0.8859375 0.0921875 0.171875
2 0.00625 0.1109375 0.0125 0.21640625
2 0.75625 0.80546875 0.1375 0.38359375
2 0.4421875 0.36953125 0.175 0.73359375
3 0.96328125 0.0859375 0.0734375 0.1609375
0 0.828125 0.35 0.128125 0.228125
0 0.1171875 0.8890625 0.11875 0.2109375
3 0.1265625 0.34453125 0.053125 0.14453125
3 0.06953125 0.775 0.1390625 0.3390625
2 0.2875 0.49140625 0.11875 0.4109375
3 0.74375 0.48046875 0.159375 0.271875
2 0.5171875 0.64140625 0.128125 0.3390625
3 0.4375 0.75546875 0.13125 0.14453125