3 0.0796875 0.9109375 0.134375 0.134375
0 0.05546875 0.87734375 0.1109375 0.1546875
1 0.97421875 0.33828125 0.0515625 0.0859375
0 0.93671875 0.13046875 0.1265625 0.2548828125
0 0.0796875 0.49453125 0.14765625 0.14765625
3 0.903125 0.23515625 0.19375 0.2859375
1 0.94296875 0.765625 0.1140625 0.121875
2 0.1125 0.14140625 0.225 0.278125
3 0.1640625 0.11640625 0.1375 0.228125
1 0.159375 0.4890625 0.1 0.1
3 0.7890625 0.4890625 0.109375 0.190234375
0 0.025 0.35546875 0.05 0.1669921875
2 0.95625 0.840625 0.0875 0.1625
3 0.9390625 0.89921875 0.121875 0.1265625