0 0.8828125 0.76953125 0.090625 0.1609375
1 0.578125 0.0640625 0.065625 0.11640625
0 0.184375 0.896875 0.1125 0.2
0 0.04140625 0.09140625 0.0828125 0.178125
0 0.9515625 0.203125 0.096875 0.228125
1 0.4890625 0.896875 0.06875 0.121875
0 0.9953125 0.34453125 0.009375 0.20546875
1 0.346875 0.771875 0.071875 0.128125
3 0.6609375 0.496875 0.11875 0.2109375
2 0.41875 0.775 0.215625 0.321875
3 0.49375 0.6140625 0.153125 0.178125
1 0.346875 0.19453125 0.09375 0.16640625
0 0.95546875 0.4859375 0.0890625 0.171875