2 0.2921875 0.496875 0.29375 0.378125
2 0.534375 0.2 0.165625 0.2390625
3 0.6890625 0.2140625 0.0875 0.228125
2 0.21875 0.88046875 0.10625 0.23359375
3 0.928125 0.503125 0.06875 0.321875
2 0.303125 0.35 0.25 0.478125
2 0.5375 0.80546875 0.1375 0.38359375
2 0.2234375 0.36953125 0.175 0.73359375
3 0.759375 0.0859375 0.103125 0.1609375
0 0.609375 0.35 0.128125 0.228125
2 0.06875 0.49140625 0.11875 0.4109375
3 0.525 0.48046875 0.159375 0.271875
2 0.2984375 0.64140625 0.128125 0.3390625
3 0.21875 0.75546875 0.13125 0.14453125