1 0.41875 0.503125 0.134375 0.134375
0 0.1984375 0.7609375 0.13125 0.2341796875
1 0.95859375 0.47421875 0.0828125 0.0984375
2 0.3375 0.496875 0.653125 0.653515625
2 0.046875 0.36328125 0.09375 0.1546875
2 0.34375 0.3609375 0.146875 0.3560546875
0 0.2640625 0.49140625 0.146875 0.2609375
0 0.9640625 0.77109375 0.071875 0.1296875
0 0.1078125 0.353125 0.146875 0.14765625
3 0.4328125 0.85 0.20625 0.2064453125
2 0.4234375 0.74140625 0.36953125 0.36953125
2 0.009375 0.18046875 0.01875 0.3548828125
2 0.11875 0.63359375 0.115625 0.2
3 0.57265625 0.853125 0.3171875 0.29375