1 0.02265625 0.49453125 0.0453125 0.16640625
1 0.684375 0.775 0.065625 0.11640625
0 0.30625 0.503125 0.103125 0.18359375
3 0.6078125 0.6390625 0.121875 0.21640625
3 0.02109375 0.08359375 0.0421875 0.1609375
0 0.85 0.3640625 0.1 0.178125
3 0.21875 0.771875 0.0375 0.16640625
2 0.146875 0.75546875 0.1 0.3609375
3 0.6890625 0.2140625 0.1875 0.35
0 0.01484375 0.225 0.0296875 0.171875
1 0.690625 0.61953125 0.065625 0.11640625
3 0.3859375 0.19140625 0.140625 0.25546875
2 0.221875 0.228125 0.140625 0.45