1 0.065625 0.33359375 0.08671875 0.08671875
0 0.7703125 0.128125 0.1953125 0.1953125
1 0.0734375 0.90546875 0.1171875 0.1171875
3 0.63125 0.1109375 0.190625 0.1908203125
1 0.2359375 0.35546875 0.13046875 0.130078125
2 0.2265625 0.30546875 0.146875 0.6048828125
1 0.4671875 0.7640625 0.090625 0.16015625
3 0.534375 0.35859375 0.08203125 0.0822265625
2 0.87265625 0.62421875 0.2546875 0.3328125
2 0.0640625 0.3390625 0.128125 0.16875
0 0.853125 0.21953125 0.15625 0.15625
0 0.1453125 0.20859375 0.14296875 0.143359375
2 0.39375 0.225 0.31875 0.3189453125
3 0.9390625 0.2046875 0.121875 0.215625
3 0.70625 0.09453125 0.13359375 0.1337890625
0 0.03203125 0.2 0.0640625 0.25
1 0.78125 0.63359375 0.12578125 0.12578125
1 0.8484375 0.896875 0.1125 0.1126953125