2 0.3828125 0.75 0.146875 0.1470703125
3 0.6921875 0.9109375 0.134375 0.134375
0 0.615625 0.878125 0.1859375 0.186328125
2 0.4625 0.196875 0.084375 0.387890625
2 0.0875 0.7578125 0.175 0.253125
3 0.02421875 0.6296875 0.0484375 0.075
0 0.6921875 0.49453125 0.10625 0.1890625
3 0.040625 0.2078125 0.08125 0.153125
2 0.6953125 0.14140625 0.28125 0.28125
3 0.7765625 0.11640625 0.1828125 0.1828125
2 0.0640625 0.48828125 0.128125 0.1796875
1 0.771875 0.4890625 0.1 0.1
0 0.615625 0.35546875 0.13046875 0.1302734375
2 0.0828125 0.61328125 0.165625 0.1828125
3 0.3890625 0.61953125 0.17265625 0.17265625