2 0.7234375 0.19140625 0.24296875 0.2431640625
3 0.1015625 0.128125 0.15 0.15
0 0.403125 0.6109375 0.14375 0.2560546875
1 0.046875 0.62734375 0.09375 0.1171875
1 0.8796875 0.628125 0.1296875 0.1298828125
3 0.4984375 0.75859375 0.096875 0.178125
0 0.7234375 0.63046875 0.16015625 0.1603515625
0 0.7296875 0.09140625 0.1390625 0.1390625
0 0.06328125 0.1296875 0.1265625 0.16875
3 0.409375 0.19453125 0.29609375 0.2962890625
3 0.92734375 0.796875 0.1453125 0.4
2 0.08359375 0.83828125 0.1671875 0.2171875
1 0.4921875 0.33046875 0.09140625 0.091015625
2 0.6390625 0.3609375 0.203125 0.203515625
3 0.6375 0.88046875 0.121875 0.233203125
1 0.02734375 0.35859375 0.0546875 0.1169921875