1 0.01640625 0.2140625 0.0328125 0.1390625
0 0.9234375 0.76640625 0.090625 0.1609375
2 0.10390625 0.70546875 0.2078125 0.58359375
3 0.1359375 0.221875 0.10625 0.4390625
2 0.2265625 0.60859375 0.3 0.228125
1 0.3703125 0.60859375 0.06875 0.121875
3 0.9265625 0.63046875 0.075 0.16640625
3 0.984375 0.33359375 0.03125 0.2109375
3 0.384375 0.21640625 0.109375 0.171875
3 0.1390625 0.48359375 0.121875 0.2
2 0.609375 0.2140625 0.1375 0.421875
0 0.0203125 0.7609375 0.040625 0.221875
1 0.053125 0.05859375 0.0625 0.1109375