1 0.3171875 0.35859375 0.13046875 0.1302734375
0 0.93984375 0.91328125 0.1203125 0.1296875
1 0.5546875 0.346875 0.06875 0.121875
3 0.484375 0.821875 0.26875 0.26875
1 0.3921875 0.6109375 0.125 0.125390625
2 0.3953125 0.24453125 0.36953125 0.3697265625
1 0.1703125 0.90859375 0.12109375 0.1212890625
1 0.9453125 0.35546875 0.0875 0.1548828125
3 0.8703125 0.06953125 0.10234375 0.10234375
0 0.8640625 0.60859375 0.1734375 0.1734375
1 0.409375 0.76640625 0.084375 0.15
0 0.96796875 0.4796875 0.0640625 0.103125
2 0.2421875 0.7609375 0.3296875 0.3296875
2 0.8734375 0.246875 0.13125 0.487890625
3 0.6328125 0.20859375 0.07421875 0.0740234375