3 0.4546875 0.346875 0.14375 0.29453125
1 0.765625 0.33359375 0.0625 0.1109375
2 0.2296875 0.3390625 0.128125 0.55
3 0.0734375 0.8859375 0.109375 0.221875
1 0.7734375 0.90546875 0.084375 0.15
0 0.028125 0.34453125 0.05625 0.20546875
1 0.9359375 0.35546875 0.09375 0.16640625
2 0.9265625 0.30546875 0.146875 0.60546875
3 0.23125 0.46953125 0.234375 0.421875
1 0.159375 0.21953125 0.0875 0.15546875
3 0.2203125 0.6359375 0.146875 0.2
1 0.0640625 0.625 0.09375 0.16640625
2 0.6890625 0.3390625 0.196875 0.25
1 0.384375 0.4890625 0.0625 0.1109375
0 0.8453125 0.20859375 0.103125 0.18359375
2 0.9859375 0.225 0.028125 0.39453125
0 0.69375 0.2 0.140625 0.25
0 0.075 0.34140625 0.13125 0.23359375
1 0.1578125 0.771875 0.071875 0.128125