0 0.51875 0.34140625 0.09375 0.1669921875
0 0.2890625 0.9140625 0.09375 0.1658203125
1 0.925 0.20859375 0.08671875 0.08671875
2 0.753125 0.61953125 0.19375 0.271875
1 0.2890625 0.35546875 0.0875 0.1548828125
3 0.2140625 0.06953125 0.115625 0.0890625
2 0.828125 0.771875 0.121875 0.1220703125
2 0.99921875 0.6140625 0.0015625 0.290234375
0 0.2078125 0.60859375 0.125 0.221875
0 0.51875 0.20546875 0.12109375 0.1212890625
0 0.371875 0.48046875 0.103125 0.1830078125
0 0.9078125 0.74921875 0.184375 0.1859375
0 0.675 0.3640625 0.1828125 0.182421875
2 0.2171875 0.246875 0.13125 0.487890625
3 0.4375 0.625 0.1359375 0.1359375
1 0.4375 0.34140625 0.08125 0.144921875
3 0.00859375 0.20859375 0.0171875 0.0669921875