1 0.190625 0.76640625 0.10390625 0.104296875
1 0.646875 0.35 0.059375 0.1060546875
2 0.1765625 0.3390625 0.309375 0.308984375
0 0.7328125 0.471875 0.2 0.1998046875
2 0.728125 0.771875 0.2234375 0.2234375
3 0.890625 0.7609375 0.1390625 0.1390625
0 0.8171875 0.903125 0.134375 0.134375
0 0.340625 0.196875 0.11875 0.212109375
0 0.3484375 0.9 0.1390625 0.1390625
2 0.18125 0.60859375 0.17578125 0.1755859375
0 0.7390625 0.61640625 0.1390625 0.1390625
3 0.80625 0.503125 0.25625 0.25625
3 0.409375 0.46953125 0.28515625 0.2853515625
0 0.065625 0.87109375 0.13125 0.1703125
3 0.4125 0.153125 0.2125 0.3
0 0.575 0.90546875 0.14296875 0.1431640625
3 0.1828125 0.0890625 0.1234375 0.1234375
2 0.2671875 0.19453125 0.24140625 0.2416015625
3 0.6484375 0.1359375 0.2140625 0.2142578125
2 0.15 0.67421875 0.3 0.4078125
0 0.07421875 0.60859375 0.1484375 0.1859375