3 0.390625 0.503125 0.1125 0.112890625
0 0.4765625 0.503125 0.1296875 0.1298828125
2 0.915625 0.2 0.16875 0.3341796875
3 0.30625 0.353125 0.196875 0.3658203125
0 0.853125 0.1109375 0.16875 0.169140625
0 0.325 0.20546875 0.16953125 0.1693359375
3 0.3859375 0.90546875 0.10859375 0.1087890625
0 0.2359375 0.7609375 0.15625 0.15625
3 0.625 0.75 0.2 0.2
2 0.07578125 0.34375 0.1515625 0.225
1 0.86875 0.625 0.0828125 0.0826171875
3 0.0703125 0.47734375 0.140625 0.1921875
3 0.97265625 0.9140625 0.0546875 0.121875
1 0.86875 0.2 0.0625 0.112109375
0 0.2453125 0.89453125 0.16015625 0.160546875
3 0.6265625 0.49140625 0.12109375 0.1212890625
1 0.871875 0.903125 0.121875 0.1216796875
2 0.775 0.61640625 0.1375 0.1375