3 0.346875 0.20546875 0.2 0.2
1 0.1125 0.075 0.1125 0.1126953125
1 0.5046875 0.503125 0.1265625 0.12578125
2 0.115625 0.625 0.1734375 0.17421875
1 0.04140625 0.47421875 0.0828125 0.0953125
2 0.2078125 0.34140625 0.24921875 0.248828125
2 0.3640625 0.3359375 0.2984375 0.298046875
2 0.5109375 0.25546875 0.33203125 0.3322265625
3 0.6609375 0.153125 0.171875 0.3
2 0.89140625 0.765625 0.2171875 0.221875
0 0.19375 0.20546875 0.10625 0.1890625
3 0.2734375 0.76640625 0.2125 0.15
3 0.9703125 0.36328125 0.059375 0.1109375
0 0.4390625 0.10546875 0.16015625 0.160546875
3 0.896875 0.478125 0.115625 0.1158203125
2 0.90703125 0.265625 0.1859375 0.3
1 0.953125 0.19375 0.09375 0.11875
1 0.7421875 0.08359375 0.090625 0.1609375
1 0.4328125 0.33046875 0.065625 0.1169921875
2 0.5984375 0.3359375 0.2890625 0.2892578125
3 0.7453125 0.90859375 0.14609375 0.146484375
3 0.590625 0.6359375 0.071875 0.2158203125