1 0.253125 0.621875 0.075 0.13359375
1 0.25 0.0859375 0.059375 0.10546875
0 0.559375 0.88046875 0.13125 0.23359375
3 0.634375 0.49453125 0.1125 0.20546875
2 0.0890625 0.6140625 0.115625 0.20546875
0 0.3203125 0.196875 0.109375 0.19453125
3 0.7890625 0.11953125 0.171875 0.23359375
1 0.4 0.21640625 0.08125 0.14453125
3 0.94375 0.746875 0.1125 0.2
3 0.3296875 0.33359375 0.11875 0.19453125
3 0.64375 0.753125 0.08125 0.1390625
0 0.02734375 0.3640625 0.0546875 0.1609375
2 0.7234375 0.803125 0.146875 0.3890625
0 0.3234375 0.625 0.1125 0.2
1 0.1625 0.8859375 0.078125 0.1390625