0 0.7515625 0.771875 0.165625 0.16484375
3 0.05546875 0.09140625 0.1109375 0.1234375
1 0.59375 0.34140625 0.08125 0.1451171875
0 0.0671875 0.7546875 0.134375 0.159375
1 0.2875 0.91640625 0.0953125 0.0953125
1 0.95625 0.9046875 0.0875 0.1125
1 0.01640625 0.3546875 0.0328125 0.0625
0 0.6796875 0.103125 0.15625 0.15625
2 0.94375 0.48046875 0.1125 0.483203125
2 0.9328125 0.1109375 0.134375 0.2158203125
2 0.90546875 0.615625 0.1890625 0.2
2 0.0546875 0.35 0.109375 0.237890625
0 0.2734375 0.09140625 0.1 0.178125
3 0.278125 0.20546875 0.17578125 0.17578125
0 0.94140625 0.19609375 0.1171875 0.1609375
0 0.128125 0.203125 0.190625 0.1908203125
2 0.671875 0.71640625 0.43515625 0.43515625
0 0.3625 0.21640625 0.134375 0.134375
0 0.5984375 0.0890625 0.134375 0.134375
2 0.74375 0.2140625 0.24375 0.244140625
1 0.525 0.2 0.1171875 0.1171875