2 0.759375 0.6140625 0.1796875 0.179296875
2 0.5296875 0.496875 0.1796875 0.1798828125
1 0.3703125 0.46953125 0.09140625 0.0912109375
3 0.89140625 0.1796875 0.2171875 0.2625
1 0.446875 0.19140625 0.08125 0.1451171875
2 0.07109375 0.4828125 0.1421875 0.23125
3 0.99921875 0.225 0.0015625 0.33828125
1 0.36875 0.35546875 0.1171875 0.1171875
1 0.01171875 0.2109375 0.0234375 0.13984375
1 0.621875 0.3640625 0.078125 0.140234375
0 0.053125 0.61640625 0.10625 0.1546875
2 0.76875 0.1 0.171875 0.1720703125
3 0.08125 0.8796875 0.1625 0.184375
3 0.85 0.20546875 0.20234375 0.20234375
0 0.6046875 0.13046875 0.19921875 0.1994140625
2 0.5359375 0.34453125 0.13125 0.2390625