1 0.2609375 0.49453125 0.13046875 0.1302734375
3 0.05859375 0.2078125 0.1171875 0.15
1 0.0296875 0.49140625 0.059375 0.116796875
2 0.1234375 0.228125 0.246875 0.284375
1 0.946875 0.775 0.090625 0.0908203125
0 0.56875 0.503125 0.14375 0.1435546875
3 0.8703125 0.6390625 0.121875 0.216015625
3 0.2578125 0.08359375 0.12734375 0.12734375
3 0.48125 0.771875 0.1015625 0.101953125
2 0.409375 0.75546875 0.1 0.3609375
3 0.92890625 0.2140625 0.1421875 0.35
0 0.24375 0.225 0.134375 0.134375
1 0.953125 0.61953125 0.065625 0.1169921875
3 0.6484375 0.19140625 0.19765625 0.1978515625
1 0.0921875 0.61953125 0.12109375 0.1212890625
2 0.484375 0.228125 0.2953125 0.2953125