0 0.7046875 0.76640625 0.12578125 0.12578125
0 0.93125 0.09140625 0.1375 0.1390625
2 0.07890625 0.60859375 0.1578125 0.228125
1 0.1515625 0.60859375 0.0953125 0.0953125
3 0.7078125 0.63046875 0.12109375 0.1208984375
3 0.85 0.33359375 0.20546875 0.20546875
3 0.165625 0.21640625 0.109375 0.171875
2 0.84140625 0.63515625 0.3171875 0.3609375
3 0.92578125 0.77109375 0.1484375 0.1953125
0 0.95859375 0.10234375 0.0828125 0.1203125
3 0.9359375 0.6359375 0.05625 0.271875
2 0.390625 0.2140625 0.1375 0.421875