3 0.490625 0.36640625 0.31875 0.728125
2 0.121875 0.22421875 0.24375 0.2859375
2 0.04296875 0.496875 0.0859375 0.328125
2 0.7234375 0.16953125 0.246875 0.333203125
2 0.34375 0.76640625 0.121875 0.3890625
3 0.2546875 0.46953125 0.29140625 0.2916015625
0 0.03671875 0.74609375 0.0734375 0.1296875
0 0.1734375 0.20546875 0.12109375 0.1212890625
0 0.1796875 0.3359375 0.1828125 0.1826171875
1 0.4203125 0.21640625 0.11328125 0.1130859375
3 0.1 0.61953125 0.140625 0.1
3 0.259375 0.18046875 0.27734375 0.2775390625
1 0.496875 0.475 0.06875 0.121875
2 0.5765625 0.2140625 0.21875 0.2189453125
0 0.1 0.0890625 0.134375 0.134375
2 0.1796875 0.8859375 0.125 0.209765625
2 0.928125 0.34140625 0.140625 0.478125