0 0.1828125 0.196875 0.13125 0.233984375
3 0.271875 0.2 0.225 0.3939453125
2 0.6609375 0.49453125 0.31328125 0.3134765625
0 0.7390625 0.8859375 0.0875 0.1560546875
2 0.6515625 0.778125 0.171875 0.2560546875
3 0.73125 0.771875 0.1984375 0.1986328125
2 0.1984375 0.85 0.203125 0.2939453125
1 0.7328125 0.0859375 0.1296875 0.1298828125
3 0.03828125 0.6359375 0.0765625 0.3658203125
2 0.346875 0.2140625 0.240625 0.190234375
3 0.0390625 0.35546875 0.078125 0.0984375
0 0.8875 0.621875 0.2046875 0.204296875
0 0.809375 0.3359375 0.1609375 0.1607421875
0 0.428125 0.6390625 0.134375 0.134375
2 0.4953125 0.6359375 0.43125 0.43125
3 0.8140625 0.746875 0.1453125 0.1453125
2 0.03984375 0.865625 0.0796875 0.140625
1 0.1875 0.35 0.0875 0.087109375
0 0.946875 0.9078125 0.10625 0.128125
2 0.07265625 0.26640625 0.1453125 0.2734375
1 0.65625 0.625 0.134375 0.134375
2 0.6546875 0.7890625 0.196875 0.4158203125
2 0.43125 0.803125 0.346875 0.34765625
0 0.8078125 0.2109375 0.15625 0.15625
3 0.94375 0.11328125 0.1125 0.1484375