1 0.109375 0.33359375 0.0625 0.1109375
0 0.8140625 0.128125 0.140625 0.25
1 0.1171875 0.90546875 0.084375 0.15
3 0.675 0.1109375 0.190625 0.191015625
1 0.2796875 0.35546875 0.13046875 0.1302734375
2 0.2703125 0.30546875 0.146875 0.6048828125
1 0.5109375 0.7640625 0.125 0.125390625
3 0.578125 0.35859375 0.059375 0.105078125
2 0.93515625 0.625 0.1296875 0.4939453125
2 0.08046875 0.3390625 0.1609375 0.190625
0 0.896875 0.21953125 0.15625 0.15625
0 0.1890625 0.20859375 0.103125 0.1830078125
2 0.4375 0.225 0.24375 0.3939453125
3 0.75 0.09453125 0.13359375 0.133984375
0 0.05390625 0.2 0.1078125 0.25
1 0.825 0.63359375 0.12578125 0.12578125
1 0.8921875 0.896875 0.08125 0.1439453125