0 0.265625 0.0859375 0.1296875 0.1298828125
1 0.6609375 0.20859375 0.10390625 0.1041015625
0 0.5875 0.61640625 0.1390625 0.1390625
3 0.66875 0.903125 0.034375 0.18828125
3 0.5765625 0.8859375 0.1765625 0.1765625
0 0.2625 0.871875 0.1953125 0.1953125
0 0.3546875 0.771875 0.165625 0.16484375
2 0.8234375 0.48359375 0.128125 0.4048828125
1 0.815625 0.2109375 0.078125 0.140234375
0 0.8203125 0.61640625 0.1953125 0.1953125
3 0.9015625 0.88046875 0.1375 0.2330078125
3 0.1140625 0.19453125 0.20234375 0.2025390625
0 0.04375 0.9 0.0875 0.162109375
1 0.659375 0.0890625 0.134375 0.134375