1 0.03359375 0.3328125 0.0671875 0.08125
0 0.99140625 0.621875 0.0171875 0.2341796875
0 0.7265625 0.128125 0.1953125 0.1953125
1 0.0359375 0.90546875 0.071875 0.15
0 0.978125 0.36015625 0.04375 0.0828125
3 0.5875 0.1109375 0.190625 0.1908203125
1 0.1921875 0.35546875 0.13046875 0.130078125
2 0.18515625 0.3046875 0.3703125 0.375
1 0.4234375 0.7640625 0.090625 0.16015625
3 0.490625 0.35859375 0.08203125 0.0822265625
2 0.85625 0.62421875 0.2875 0.3546875
2 0.04765625 0.3390625 0.0953125 0.146875
0 0.809375 0.21953125 0.1125 0.2
0 0.1015625 0.20859375 0.14296875 0.143359375
2 0.35 0.225 0.31875 0.3189453125
3 0.92265625 0.2046875 0.1546875 0.2375
3 0.6625 0.09453125 0.084375 0.1830078125
0 0.03828125 0.19921875 0.0765625 0.1359375
1 0.7375 0.63359375 0.12578125 0.12578125
1 0.8046875 0.896875 0.1125 0.1126953125