0 0.1796875 0.75546875 0.146875 0.2609375
3 0.73125 0.5 0.16875 0.24453125
0 0.7171875 0.35859375 0.109375 0.19453125
1 0.03515625 0.3390625 0.0703125 0.1609375
2 0.928125 0.8 0.14375 0.39453125
0 0.4 0.8859375 0.125 0.221875
2 0.91484375 0.6140625 0.1703125 0.278125
2 0.4875 0.203125 0.171875 0.4
1 0.98984375 0.48046875 0.0203125 0.16640625
0 0.00546875 0.13046875 0.0109375 0.25546875
3 0.06875 0.2359375 0.1375 0.46640625
3 0.6359375 0.33359375 0.15625 0.15
2 0.171875 0.46953125 0.1125 0.4
0 0.484375 0.8890625 0.121875 0.21640625
1 0.2625 0.0859375 0.059375 0.10546875
3 0.7921875 0.1390625 0.09375 0.271875
0 0.096875 0.75 0.09375 0.16640625
2 0.5640625 0.503125 0.146875 0.25
0 0.1828125 0.203125 0.109375 0.19453125
2 0.1140625 0.84140625 0.228125 0.3109375
1 0.640625 0.91640625 0.059375 0.10546875