0 0.1828125 0.196875 0.1828125 0.1826171875
3 0.271875 0.2 0.225 0.3939453125
2 0.6609375 0.49453125 0.31328125 0.313671875
0 0.7390625 0.8859375 0.121875 0.1216796875
2 0.6515625 0.778125 0.2140625 0.2138671875
3 0.73125 0.771875 0.1984375 0.198828125
2 0.1984375 0.85 0.2484375 0.2486328125
1 0.7328125 0.0859375 0.1296875 0.1298828125
3 0.07421875 0.63515625 0.1484375 0.2203125
2 0.346875 0.2140625 0.215625 0.21484375
3 0.0390625 0.35546875 0.078125 0.0984375
0 0.8875 0.621875 0.146875 0.262109375
0 0.809375 0.3359375 0.1609375 0.1607421875
0 0.428125 0.6390625 0.134375 0.134375
2 0.4953125 0.6359375 0.43125 0.43125
3 0.8140625 0.746875 0.1453125 0.1453125
2 0.01015625 0.86640625 0.0203125 0.2609375
1 0.1875 0.35 0.0625 0.11171875
0 0.946875 0.9078125 0.10625 0.128125
2 0.009375 0.26640625 0.01875 0.528125
1 0.65625 0.625 0.134375 0.134375
2 0.6546875 0.7890625 0.30625 0.3064453125
2 0.43125 0.803125 0.346875 0.347265625
0 0.8078125 0.2109375 0.15625 0.15625
3 0.94375 0.11328125 0.1125 0.1484375