1 0.6375 0.503125 0.096875 0.171875
3 0.053125 0.9046875 0.10625 0.13125
0 0.4171875 0.7609375 0.13125 0.2341796875
2 0.55625 0.496875 0.653125 0.653515625
2 0.178125 0.3640625 0.2125 0.2125
2 0.5625 0.3609375 0.146875 0.3560546875
0 0.4828125 0.49140625 0.20390625 0.20390625
0 0.3265625 0.353125 0.10625 0.187890625
3 0.6515625 0.85 0.11875 0.2939453125
2 0.6421875 0.74140625 0.228125 0.5109375
2 0.1328125 0.1796875 0.265625 0.296875
2 0.3375 0.63359375 0.1578125 0.1578125
3 0.79140625 0.853125 0.3171875 0.29375