0 0.625 0.19140625 0.0875 0.1548828125
2 0.2328125 0.2 0.203125 0.333984375
1 0.85625 0.075 0.1125 0.1126953125
0 0.6265625 0.48046875 0.178125 0.178125
2 0.859375 0.625 0.1734375 0.173828125
1 0.7796875 0.475 0.0953125 0.0953125
2 0.46875 0.275 0.26875 0.544140625
2 0.90625 0.340625 0.1875 0.221875
1 0.5484375 0.196875 0.1296875 0.1298828125
0 0.153125 0.1109375 0.16875 0.1689453125
0 0.93125 0.2046875 0.1375 0.146875
3 0.94765625 0.765625 0.1046875 0.11875
1 0.16875 0.625 0.0828125 0.082421875
3 0.3125 0.9140625 0.128125 0.128125
2 0.475 0.8859375 0.190625 0.190625
0 0.403125 0.778125 0.1 0.178125
2 0.3921875 0.21953125 0.19296875 0.19296875
1 0.16875 0.2 0.0625 0.112109375
1 0.171875 0.903125 0.121875 0.1216796875
2 0.075 0.61640625 0.125 0.15