0 0.6296875 0.20859375 0.103125 0.18359375
0 0.03203125 0.621875 0.0640625 0.23359375
2 0.7828125 0.625 0.10625 0.3
3 0.6953125 0.753125 0.128125 0.21640625
3 0.6984375 0.203125 0.084375 0.1609375
0 0.01796875 0.3609375 0.0359375 0.1609375
2 0.990625 0.75859375 0.01875 0.40546875
0 0.70625 0.878125 0.134375 0.2390625
0 0.2375 0.33046875 0.134375 0.2390625
3 0.95234375 0.20859375 0.0953125 0.29453125
0 0.0765625 0.10859375 0.11875 0.2109375
2 0.309375 0.3640625 0.253125 0.228125
1 0.853125 0.61640625 0.090625 0.1609375
0 0.63125 0.09453125 0.103125 0.18359375
2 0.378125 0.346875 0.1375 0.48359375
3 0.61875 0.34453125 0.08125 0.19453125
1 0.775 0.075 0.08125 0.14453125