0 0.01171875 0.771875 0.0234375 0.2109375
2 0.8171875 0.496875 0.29375 0.378125
2 0.98828125 0.2 0.0234375 0.2390625
2 0.74375 0.88046875 0.10625 0.23359375
2 0.828125 0.35 0.25 0.478125
1 0.2 0.90546875 0.09375 0.16640625
0 0.35 0.8859375 0.096875 0.171875
2 0.2015625 0.48046875 0.203125 0.48359375
2 0.1984375 0.1109375 0.240625 0.21640625
2 0.1234375 0.61640625 0.171875 0.228125
2 0.996875 0.80546875 0.00625 0.38359375
2 0.7484375 0.36953125 0.175 0.73359375
0 0.20625 0.196875 0.1375 0.24453125
0 0.4234375 0.8890625 0.11875 0.2109375
3 0.4328125 0.34453125 0.053125 0.14453125
2 0.01953125 0.71640625 0.0390625 0.5609375
2 0.02265625 0.2140625 0.0453125 0.3109375
3 0.35 0.775 0.190625 0.3390625
2 0.59375 0.49140625 0.11875 0.4109375
3 0.98515625 0.48046875 0.0296875 0.271875
2 0.8234375 0.64140625 0.128125 0.3390625
3 0.74375 0.75546875 0.13125 0.14453125