1 0.928125 0.0640625 0.090625 0.0908203125
0 0.534375 0.896875 0.15625 0.15625
0 0.3828125 0.09140625 0.1 0.178125
0 0.0671875 0.103125 0.134375 0.15625
1 0.8390625 0.896875 0.06875 0.121875
2 0.0484375 0.221875 0.096875 0.437890625
1 0.696875 0.771875 0.071875 0.128125
3 0.9546875 0.49609375 0.090625 0.1296875
2 0.2125 0.503125 0.2421875 0.2423828125
1 0.14375 0.89140625 0.10390625 0.1041015625
3 0.0578125 0.840625 0.115625 0.18125
2 0.059375 0.47109375 0.11875 0.1765625
3 0.14375 0.2109375 0.1515625 0.1515625
2 0.76875 0.775 0.215625 0.321875
3 0.84375 0.6140625 0.165625 0.165625
3 0.02421875 0.75546875 0.0484375 0.2330078125
2 0.215625 0.61640625 0.19375 0.333203125
1 0.696875 0.19453125 0.13046875 0.1302734375
1 0.06328125 0.76875 0.1265625 0.13125
2 0.08515625 0.83828125 0.1703125 0.2203125