0 0.8921875 0.20859375 0.103125 0.18359375
0 0.2609375 0.621875 0.13125 0.23359375
2 0.99609375 0.625 0.0078125 0.3
0 0.0046875 0.128125 0.009375 0.25
3 0.946875 0.753125 0.10625 0.21640625
3 0.959375 0.203125 0.08125 0.1609375
0 0.253125 0.3609375 0.090625 0.1609375
0 0.95078125 0.878125 0.0984375 0.2390625
0 0.5 0.33046875 0.134375 0.2390625
0 0.3390625 0.10859375 0.11875 0.2109375
2 0.571875 0.3640625 0.253125 0.228125
2 0.10390625 0.625 0.2078125 0.49453125
0 0.0390625 0.21953125 0.078125 0.2
0 0.89375 0.09453125 0.103125 0.18359375
3 0.178125 0.20546875 0.071875 0.40546875
2 0.640625 0.346875 0.1375 0.48359375
1 0.02890625 0.896875 0.0578125 0.14453125
3 0.88125 0.34453125 0.08125 0.19453125
1 0.9984375 0.075 0.003125 0.14453125