3 0.9390625 0.75234375 0.121875 0.1578125
3 0.0171875 0.49453125 0.034375 0.2048828125
3 0.6015625 0.63359375 0.26328125 0.2634765625
3 0.1328125 0.11953125 0.171875 0.2330078125
2 0.8953125 0.24609375 0.209375 0.3015625
2 0.9390625 0.8859375 0.121875 0.221875
3 0.2875 0.746875 0.15625 0.15625
3 0.02734375 0.75234375 0.0546875 0.0828125
1 0.6765625 0.221875 0.0828125 0.082421875
2 0.0703125 0.803125 0.140625 0.387890625
1 0.840625 0.91953125 0.10859375 0.10859375
3 0.615625 0.20546875 0.15078125 0.1505859375