0 0.528125 0.0859375 0.09375 0.16640625
1 0.9234375 0.20859375 0.075 0.13359375
0 0.85 0.61640625 0.1 0.178125
0 0.03046875 0.471875 0.0609375 0.25546875
2 0.02890625 0.771875 0.0578125 0.3
3 0.146875 0.7609375 0.178125 0.1
3 0.93125 0.903125 0.034375 0.1890625
3 0.8390625 0.8859375 0.13125 0.221875
0 0.525 0.871875 0.140625 0.25
0 0.0734375 0.903125 0.096875 0.171875
0 0.6171875 0.771875 0.11875 0.2109375
0 0.02265625 0.61640625 0.0453125 0.178125
3 0.07734375 0.503125 0.1546875 0.328125
3 0.3765625 0.19453125 0.15 0.25546875
0 0.3046875 0.9 0.090625 0.1609375
1 0.921875 0.0890625 0.096875 0.171875