3 0.303125 0.503125 0.08125 0.1439453125
0 0.3890625 0.503125 0.09375 0.1658203125
2 0.8453125 0.2 0.26875 0.2685546875
3 0.21875 0.353125 0.28125 0.2814453125
2 0.9734375 0.275 0.053125 0.5439453125
0 0.765625 0.1109375 0.121875 0.2158203125
0 0.2375 0.20546875 0.16953125 0.1693359375
3 0.2984375 0.90546875 0.10859375 0.1087890625
0 0.1484375 0.7609375 0.15625 0.15625
3 0.5375 0.75 0.128125 0.271875
1 0.78125 0.625 0.059375 0.1060546875
3 0.0015625 0.478125 0.003125 0.2939453125
3 0.925 0.9140625 0.134375 0.121875
2 0.9703125 0.88515625 0.059375 0.0890625
0 0.96484375 0.778125 0.0703125 0.10625
2 0.94375 0.21875 0.1125 0.153125
1 0.78125 0.2 0.0875 0.087109375
0 0.1578125 0.89453125 0.16015625 0.160546875
3 0.5390625 0.49140625 0.12109375 0.1212890625
1 0.784375 0.903125 0.121875 0.1216796875
2 0.6875 0.61640625 0.125 0.15