1 0.3625 0.225 0.1046875 0.104296875
3 0.13828125 0.20859375 0.24921875 0.24921875
0 0.6859375 0.353125 0.134375 0.134375
0 0.02734375 0.33359375 0.0546875 0.2451171875
1 0.028125 0.91875 0.05625 0.090625
0 0.06796875 0.496875 0.1359375 0.2560546875
1 0.00859375 0.21953125 0.0171875 0.1609375
3 0.95234375 0.19921875 0.0953125 0.1015625
3 0.7625 0.896875 0.121875 0.12109375
2 0.06796875 0.16640625 0.1359375 0.328125
1 0.1375 0.35 0.0953125 0.0953125
1 0.01328125 0.48515625 0.0265625 0.0546875
2 0.68125 0.503125 0.2 0.212109375
2 0.221875 0.4859375 0.3546875 0.3546875
3 0.921875 0.75234375 0.15625 0.2046875