2 0.2421875 0.19140625 0.24296875 0.2431640625
3 0.95703125 0.9046875 0.0859375 0.11875
3 0.790625 0.771875 0.1515625 0.1517578125
2 0.6421875 0.61640625 0.1375 0.216796875
1 0.3984375 0.628125 0.09375 0.1658203125
3 0.0328125 0.75859375 0.065625 0.178125
0 0.865625 0.49140625 0.1953125 0.1953125
0 0.2421875 0.63046875 0.16015625 0.160546875
1 0.7953125 0.621875 0.1078125 0.108203125
0 0.2484375 0.09140625 0.1390625 0.1390625
2 0.94609375 0.1796875 0.1078125 0.190625
3 0.06015625 0.19375 0.1203125 0.209375
1 0.63125 0.771875 0.096875 0.171875
3 0.48125 0.796875 0.215625 0.4
1 0.03046875 0.3296875 0.0609375 0.08125
2 0.7828125 0.1 0.1546875 0.1548828125
2 0.1578125 0.3609375 0.203125 0.203515625
3 0.15625 0.88046875 0.17734375 0.177734375
1 0.9484375 0.6390625 0.08125 0.1439453125
1 0.7171875 0.3640625 0.1046875 0.1044921875
2 0.828125 0.29609375 0.34375 0.4234375