2 0.5375 0.503125 0.1890625 0.1890625
3 0.925 0.09140625 0.06875 0.178125
3 0.453125 0.21640625 0.22578125 0.22578125
0 0.9234375 0.7546875 0.153125 0.159375
1 0.2140625 0.64140625 0.10390625 0.1041015625
2 0.2265625 0.196875 0.2765625 0.276953125
1 0.2875 0.4890625 0.065625 0.1158203125
1 0.1390625 0.3390625 0.059375 0.1060546875
3 0.4484375 0.46953125 0.10390625 0.1041015625
1 0.53125 0.078125 0.1171875 0.1171875
3 0.534375 0.34453125 0.290625 0.221875
1 0.8484375 0.35546875 0.09140625 0.0912109375
2 0.16328125 0.34921875 0.3265625 0.3640625
3 0.7609375 0.64140625 0.10234375 0.1025390625
2 0.91640625 0.34921875 0.1671875 0.1796875
2 0.7671875 0.153125 0.090625 0.3
2 0.60625 0.75859375 0.26015625 0.259765625
2 0.134375 0.221875 0.25625 0.256640625
1 0.6796875 0.903125 0.1171875 0.1171875
0 0.9671875 0.203125 0.065625 0.244140625
1 0.7734375 0.2109375 0.1171875 0.1171875