0 0.4015625 0.196875 0.1828125 0.1826171875
3 0.490625 0.2 0.309375 0.3095703125
1 0.090625 0.471875 0.1 0.1
2 0.859375 0.49375 0.28125 0.30625
0 0.95703125 0.8859375 0.0859375 0.1560546875
2 0.8703125 0.778125 0.2140625 0.213671875
3 0.921875 0.77109375 0.15625 0.1859375
2 0.4171875 0.85 0.2484375 0.2486328125
1 0.94296875 0.08515625 0.1140625 0.1296875
3 0.175 0.6359375 0.240625 0.3658203125
2 0.565625 0.2140625 0.215625 0.215234375
3 0.24375 0.35546875 0.10234375 0.10234375
0 0.98515625 0.3359375 0.0296875 0.2060546875
0 0.646875 0.6390625 0.096875 0.171875
2 0.7140625 0.6359375 0.43125 0.43125
3 0.96875 0.74609375 0.0625 0.1015625
3 0.1 0.3640625 0.14375 0.209765625
2 0.175 0.86640625 0.128125 0.2609375
1 0.40625 0.35 0.0625 0.112109375
2 0.1546875 0.26640625 0.309375 0.3828125
1 0.1828125 0.771875 0.0953125 0.0953125
1 0.03359375 0.19453125 0.0671875 0.171875
1 0.875 0.625 0.134375 0.134375
2 0.8734375 0.7890625 0.196875 0.4158203125
2 0.65 0.803125 0.30625 0.387890625
0 0.96328125 0.21015625 0.0734375 0.1140625