1 0.5796875 0.35859375 0.09375 0.16640625
1 0.8171875 0.346875 0.06875 0.121875
3 0.746875 0.821875 0.1875 0.35
1 0.03046875 0.775 0.0609375 0.11640625
3 0.00625 0.6390625 0.0125 0.21640625
1 0.6546875 0.6109375 0.090625 0.1609375
0 0.19375 0.3640625 0.1 0.178125
2 0.6578125 0.24453125 0.25625 0.48359375
1 0.4328125 0.90859375 0.0875 0.15546875
3 0.06328125 0.2140625 0.1265625 0.35
1 0.034375 0.61953125 0.065625 0.11640625
1 0.671875 0.76640625 0.084375 0.15
2 0.5046875 0.7609375 0.1875 0.471875
3 0.8953125 0.20859375 0.08125 0.06640625