2 0.7703125 0.1109375 0.1625 0.1626953125
3 0.296875 0.75 0.084375 0.171875
2 0.93984375 0.63359375 0.1203125 0.1765625
3 0.9265625 0.346875 0.11875 0.11875
1 0.765625 0.496875 0.0953125 0.0953125
0 0.859375 0.3359375 0.125 0.12578125
3 0.60625 0.46953125 0.12734375 0.127734375
1 0.2296875 0.6140625 0.1171875 0.1171875
1 0.0609375 0.63046875 0.10859375 0.10859375
0 0.4515625 0.621875 0.1515625 0.1517578125
1 0.6203125 0.63046875 0.1171875 0.1171875
1 0.528125 0.3609375 0.134375 0.134375
0 0.6859375 0.8890625 0.121875 0.2158203125
1 0.5359375 0.19140625 0.075 0.1330078125
1 0.2953125 0.4890625 0.134375 0.134375
2 0.228125 0.103125 0.1640625 0.1640625
3 0.459375 0.35546875 0.28046875 0.2802734375
0 0.08671875 0.490625 0.1734375 0.203125
2 0.953125 0.8546875 0.09375 0.15625