0 0.2671875 0.75546875 0.20390625 0.20390625
3 0.81875 0.5 0.16875 0.244140625
0 0.8046875 0.35859375 0.15234375 0.151953125
1 0.1125 0.3390625 0.125 0.125390625
2 0.971875 0.8 0.05625 0.3939453125
0 0.4875 0.8859375 0.1734375 0.1734375
2 0.93359375 0.61328125 0.1328125 0.1796875
2 0.575 0.203125 0.2859375 0.2859375
0 0.06875 0.1296875 0.1375 0.178125
3 0.1421875 0.23515625 0.284375 0.3453125
3 0.7234375 0.33359375 0.153125 0.153125
1 0.0359375 0.76640625 0.071875 0.1548828125
2 0.259375 0.46953125 0.1125 0.4
0 0.571875 0.8890625 0.16875 0.169140625
1 0.35 0.0859375 0.0828125 0.0826171875
3 0.8796875 0.1390625 0.1828125 0.1828125
0 0.184375 0.75 0.1296875 0.130078125
2 0.6515625 0.503125 0.1984375 0.1984375
0 0.2703125 0.203125 0.1515625 0.1517578125
2 0.1921875 0.84140625 0.246875 0.3109375
3 0.034375 0.9 0.06875 0.162109375
1 0.728125 0.91640625 0.059375 0.1048828125