0 0.7984375 0.33359375 0.1953125 0.1953125
0 0.1796875 0.76640625 0.12578125 0.12578125
0 0.4078125 0.09140625 0.1390625 0.1390625
3 0.65 0.8859375 0.190625 0.221875
2 0.8734375 0.771875 0.0875 0.2439453125
2 0.6546875 0.478125 0.228125 0.227734375
3 0.1828125 0.63046875 0.12109375 0.120703125
2 0.96796875 0.50234375 0.0640625 0.1203125
2 0.71875 0.76953125 0.109375 0.228125
0 0.640625 0.08359375 0.12578125 0.12578125
3 0.325 0.33359375 0.20546875 0.20546875
2 0.5609375 0.33046875 0.078125 0.1609375
2 0.3390625 0.6359375 0.3609375 0.360546875
3 0.721875 0.20546875 0.2140625 0.2140625
3 0.4921875 0.771875 0.23125 0.2939453125
0 0.4890625 0.103125 0.15625 0.15625
3 0.4109375 0.6359375 0.05625 0.271875
0 0.8734375 0.2140625 0.203125 0.203515625
2 0.88203125 0.140625 0.2359375 0.2375
3 0.5671875 0.64140625 0.125 0.2451171875
3 0.928125 0.33828125 0.14375 0.1578125