0 0.6109375 0.11640625 0.128125 0.228125
0 0.9171875 0.3640625 0.13125 0.23359375
2 0.21875 0.471875 0.1125 0.39453125
0 0.065625 0.353125 0.103125 0.18359375
3 0.225 0.19140625 0.13125 0.10546875
2 0.6828125 0.5 0.09375 0.3109375
1 0.6796875 0.75546875 0.096875 0.171875
3 0.91875 0.7640625 0.13125 0.2390625
2 0.540625 0.46953125 0.221875 0.5890625
3 0.4453125 0.8890625 0.14375 0.21640625
2 0.88515625 0.49453125 0.2296875 0.3890625
2 0.953125 0.1859375 0.09375 0.36640625
0 0.84375 0.13046875 0.14375 0.25546875
3 0.96953125 0.3609375 0.0609375 0.21640625
1 0.2234375 0.8890625 0.09375 0.16640625
2 0.07421875 0.18359375 0.1484375 0.3609375
2 0.225 0.33359375 0.209375 0.3890625