0 0.1828125 0.771875 0.11875 0.2109375
2 0.94453125 0.496875 0.1109375 0.378125
1 0.0328125 0.34140625 0.065625 0.14453125
2 0.9546875 0.88046875 0.090625 0.23359375
2 0.9609375 0.35 0.078125 0.478125
1 0.41875 0.90546875 0.09375 0.16640625
0 0.56875 0.8859375 0.096875 0.171875
0 0.1109375 0.103125 0.1125 0.2
2 0.4203125 0.48046875 0.203125 0.48359375
2 0.4171875 0.1109375 0.240625 0.21640625
2 0.3421875 0.61640625 0.171875 0.228125
2 0.93984375 0.36953125 0.1203125 0.73359375
0 0.425 0.196875 0.1375 0.24453125
0 0.6421875 0.8890625 0.11875 0.2109375
3 0.6515625 0.34453125 0.053125 0.14453125
2 0.12890625 0.71640625 0.2578125 0.5609375
0 0.0390625 0.0890625 0.078125 0.171875
2 0.175 0.2140625 0.178125 0.3109375
3 0.56875 0.775 0.190625 0.3390625
2 0.8125 0.49140625 0.11875 0.4109375
2 0.9890625 0.64140625 0.021875 0.3390625
3 0.9484375 0.75546875 0.103125 0.14453125