0 0.5671875 0.11640625 0.128125 0.228125
0 0.8734375 0.3640625 0.1828125 0.182421875
2 0.175 0.471875 0.253125 0.2533203125
0 0.05 0.35234375 0.1 0.1296875
3 0.18125 0.19140625 0.13125 0.1048828125
2 0.6390625 0.5 0.203125 0.202734375
1 0.6359375 0.75546875 0.134375 0.134375
3 0.875 0.7640625 0.13125 0.23984375
2 0.496875 0.46953125 0.40546875 0.40546875
3 0.4015625 0.8890625 0.1796875 0.1798828125
2 0.8484375 0.49375 0.303125 0.33125
2 0.90234375 0.18515625 0.1953125 0.2515625
0 0.8 0.13046875 0.14375 0.2548828125
3 0.93359375 0.36015625 0.1328125 0.1609375
1 0.1796875 0.8890625 0.1296875 0.1298828125
2 0.05234375 0.18359375 0.1046875 0.3609375
2 0.18125 0.33359375 0.29921875 0.29921875