3 0.8953125 0.20859375 0.17265625 0.1724609375
1 0.9015625 0.49140625 0.065625 0.1169921875
0 0.425 0.8859375 0.121875 0.2158203125
2 0.96015625 0.228125 0.0796875 0.45
2 0.425 0.496875 0.1796875 0.1794921875
3 0.3390625 0.49453125 0.12890625 0.129296875
3 0.10546875 0.81328125 0.2109375 0.2640625
1 0.809375 0.775 0.1125 0.1126953125
2 0.12734375 0.76015625 0.2546875 0.2734375
1 0.96171875 0.61953125 0.0765625 0.1548828125
0 0.659375 0.3609375 0.140625 0.25
3 0.50625 0.76953125 0.20546875 0.20546875
1 0.2625 0.35 0.134375 0.134375
0 0.7296875 0.503125 0.146875 0.14765625