2 0.6421875 0.496875 0.29375 0.378125
2 0.884375 0.2 0.2015625 0.201953125
3 0.96953125 0.21328125 0.0609375 0.1171875
2 0.56875 0.88046875 0.16953125 0.1697265625
2 0.653125 0.35 0.25 0.478125
1 0.04765625 0.9046875 0.0953125 0.11875
0 0.175 0.8859375 0.134375 0.134375
2 0.0640625 0.48046875 0.128125 0.483203125
2 0.071875 0.1109375 0.14375 0.2158203125
2 0.04140625 0.615625 0.0828125 0.13125
2 0.878125 0.8046875 0.24375 0.259375
2 0.5734375 0.36953125 0.45390625 0.454296875
0 0.05 0.196875 0.1 0.244140625
0 0.93203125 0.34921875 0.1359375 0.1671875
0 0.2484375 0.8890625 0.11875 0.209765625
3 0.2578125 0.34453125 0.09921875 0.098828125
3 0.175 0.775 0.2640625 0.264453125
2 0.41875 0.49140625 0.26484375 0.26484375
3 0.875 0.48046875 0.215625 0.215625
2 0.6484375 0.64140625 0.128125 0.3390625
3 0.56875 0.75546875 0.13828125 0.1380859375