0 0.2125 0.34140625 0.13046875 0.1302734375
0 0.01484375 0.9140625 0.0296875 0.1658203125
1 0.61875 0.20859375 0.0625 0.1109375
2 0.446875 0.61953125 0.2328125 0.2328125
2 0.91953125 0.61328125 0.1609375 0.1609375
1 0.01328125 0.35546875 0.0265625 0.155078125
2 0.521875 0.771875 0.121875 0.1220703125
2 0.759375 0.6140625 0.2125 0.212109375
0 0.2125 0.20546875 0.0875 0.155078125
0 0.065625 0.48046875 0.103125 0.1830078125
0 0.603125 0.75 0.1859375 0.18671875
0 0.36875 0.3640625 0.1828125 0.1826171875
3 0.13125 0.625 0.09375 0.178125
0 0.840625 0.3640625 0.090625 0.159765625
1 0.13125 0.34140625 0.08125 0.144921875
1 0.97734375 0.8859375 0.0453125 0.13984375