2 0.8578125 0.1109375 0.109375 0.21640625
2 0.02578125 0.78046875 0.0515625 0.26640625
3 0.384375 0.75 0.084375 0.171875
3 0.98515625 0.346875 0.0296875 0.15
1 0.853125 0.496875 0.06875 0.121875
0 0.946875 0.3359375 0.090625 0.1609375
3 0.69375 0.46953125 0.071875 0.18359375
1 0.3171875 0.6140625 0.084375 0.15
1 0.1484375 0.63046875 0.078125 0.1390625
0 0.5390625 0.621875 0.109375 0.19453125
1 0.7078125 0.63046875 0.084375 0.15
1 0.615625 0.3609375 0.096875 0.171875
0 0.7734375 0.8890625 0.121875 0.21640625
1 0.6234375 0.19140625 0.075 0.13359375
1 0.3828125 0.4890625 0.096875 0.171875
2 0.315625 0.103125 0.128125 0.2
3 0.546875 0.35546875 0.19375 0.36640625
0 0.159375 0.49140625 0.146875 0.2609375