2 0.4609375 0.19140625 0.203125 0.2830078125
0 0.140625 0.6109375 0.2 0.1998046875
3 0.95859375 0.77109375 0.0828125 0.1203125
2 0.8609375 0.61640625 0.1375 0.2169921875
1 0.6171875 0.628125 0.1296875 0.1298828125
3 0.2359375 0.75859375 0.096875 0.178125
0 0.4609375 0.63046875 0.16015625 0.1603515625
1 0.9734375 0.62109375 0.053125 0.0828125
0 0.4671875 0.09140625 0.1390625 0.1390625
3 0.146875 0.19375 0.29375 0.296875
1 0.85 0.771875 0.134375 0.134375
3 0.7 0.796875 0.3078125 0.3078125
1 0.2296875 0.33046875 0.065625 0.1169921875
2 0.971875 0.1 0.05625 0.1939453125
2 0.3765625 0.3609375 0.203125 0.20390625
3 0.375 0.88046875 0.17734375 0.1775390625
1 0.9359375 0.3640625 0.1046875 0.1044921875
2 0.91015625 0.296875 0.1796875 0.315625