2 0.4234375 0.496875 0.29375 0.378125
2 0.665625 0.2 0.165625 0.2390625
3 0.8203125 0.2140625 0.0875 0.228125
2 0.35 0.88046875 0.10625 0.23359375
2 0.434375 0.35 0.25 0.478125
0 0.00234375 0.8859375 0.0046875 0.171875
2 0.66875 0.80546875 0.1375 0.38359375
2 0.3546875 0.36953125 0.175 0.73359375
3 0.890625 0.0859375 0.103125 0.1609375
0 0.740625 0.35 0.128125 0.228125
0 0.04453125 0.8890625 0.0890625 0.2109375
3 0.0390625 0.34453125 0.053125 0.14453125
3 0.02578125 0.775 0.0515625 0.3390625
2 0.2 0.49140625 0.11875 0.4109375
3 0.65625 0.48046875 0.159375 0.271875
2 0.4296875 0.64140625 0.128125 0.3390625
3 0.35 0.75546875 0.13125 0.14453125