2 0.2890625 0.1109375 0.109375 0.216015625
3 0.596875 0.478125 0.1390625 0.1390625
2 0.59375 0.771875 0.103125 0.33828125
2 0.6015625 0.63359375 0.29140625 0.29140625
2 0.9078125 0.22109375 0.184375 0.2703125
3 0.4453125 0.346875 0.11875 0.11875
1 0.284375 0.496875 0.06875 0.121875
0 0.378125 0.3359375 0.090625 0.159765625
3 0.7609375 0.34140625 0.0875 0.15
3 0.125 0.46953125 0.12734375 0.1275390625
3 0.96015625 0.84140625 0.0796875 0.3109375
2 0.878125 0.471875 0.24375 0.287890625
3 0.96484375 0.75546875 0.0703125 0.2330078125
0 0.03359375 0.62109375 0.0671875 0.1109375
1 0.1390625 0.63046875 0.084375 0.15
1 0.05703125 0.36015625 0.1140625 0.1328125
0 0.2046875 0.8890625 0.16875 0.1689453125
1 0.0546875 0.19140625 0.075 0.133203125
3 0.909375 0.34453125 0.1765625 0.1765625
3 0.8328125 0.128125 0.128125 0.25
3 0.0734375 0.3546875 0.146875 0.221875
2 0.596875 0.85546875 0.24921875 0.2494140625
3 0.8953125 0.1578125 0.209375 0.2375