3 0.4453125 0.753125 0.1125 0.28359375
1 0.2921875 0.21640625 0.090625 0.1609375
3 0.2921875 0.746875 0.078125 0.2
2 0.7578125 0.78046875 0.25 0.26640625
1 0.5953125 0.4859375 0.071875 0.128125
3 0.6046875 0.78046875 0.115625 0.20546875
0 0.059375 0.34453125 0.11875 0.2609375
3 0.2125 0.89453125 0.0875 0.15546875
1 0.9703125 0.63046875 0.059375 0.1390625
1 0.509375 0.496875 0.084375 0.15
2 0.3609375 0.75 0.190625 0.3
0 0.95859375 0.49140625 0.0828125 0.2609375
3 0.2125 0.346875 0.259375 0.1890625
1 0.128125 0.61953125 0.0625 0.1109375
1 0.75 0.35546875 0.0625 0.1109375