3 0.959375 0.503125 0.08125 0.14453125
0 0.0984375 0.33359375 0.140625 0.25
0 0.99921875 0.503125 0.0015625 0.16640625
3 0.875 0.353125 0.196875 0.36640625
3 0.02265625 0.8859375 0.0453125 0.221875
2 0.1734375 0.771875 0.0875 0.24453125
2 0.02734375 0.478125 0.0546875 0.25546875
2 0.4078125 0.503125 0.228125 0.23359375
2 0.03671875 0.76953125 0.0734375 0.228125
0 0.89375 0.20546875 0.121875 0.21640625
3 0.05 0.20546875 0.1 0.271875
3 0.9546875 0.90546875 0.084375 0.13359375
0 0.8046875 0.7609375 0.1125 0.2
2 0.571875 0.34453125 0.153125 0.371875
3 0.5796875 0.478125 0.159375 0.29453125
0 0.1734375 0.2140625 0.146875 0.2609375
2 0.1828125 0.14140625 0.196875 0.278125
0 0.8140625 0.89453125 0.115625 0.20546875
3 0.2578125 0.3390625 0.171875 0.1890625