2 0.4234375 0.496875 0.29375 0.378125
2 0.665625 0.2 0.2015625 0.201953125
3 0.8203125 0.2140625 0.0875 0.228125
2 0.35 0.88046875 0.10625 0.2330078125
2 0.434375 0.35 0.3640625 0.3640625
0 0.00234375 0.8859375 0.0046875 0.171875
2 0.66875 0.80546875 0.26015625 0.2603515625
2 0.3546875 0.36953125 0.45390625 0.4541015625
3 0.890625 0.0859375 0.13125 0.131640625
0 0.740625 0.35 0.178125 0.178125
0 0.059375 0.88828125 0.11875 0.1484375
3 0.04375 0.34375 0.0875 0.1
3 0.02578125 0.775 0.0515625 0.337890625
2 0.2 0.49140625 0.26484375 0.26484375
3 0.65625 0.48046875 0.215625 0.215625
2 0.4296875 0.64140625 0.23359375 0.23359375
3 0.35 0.75546875 0.13828125 0.137890625