2 0.5953125 0.1109375 0.1625 0.1626953125
3 0.903125 0.478125 0.1390625 0.1390625
2 0.9 0.771875 0.103125 0.337890625
3 0.121875 0.75 0.128125 0.128125
2 0.87421875 0.63359375 0.2515625 0.2640625
3 0.7515625 0.346875 0.11875 0.11875
1 0.590625 0.496875 0.06875 0.121875
0 0.684375 0.3359375 0.125 0.125390625
3 0.43125 0.46953125 0.12734375 0.127734375
1 0.05625 0.61328125 0.1125 0.1171875
0 0.2765625 0.621875 0.109375 0.194140625
1 0.4453125 0.63046875 0.1171875 0.1171875
1 0.353125 0.3609375 0.096875 0.171875
0 0.5109375 0.8890625 0.121875 0.216015625
1 0.3609375 0.19140625 0.075 0.1330078125
1 0.1203125 0.4890625 0.134375 0.134375
2 0.06875 0.10234375 0.1375 0.1578125
3 0.284375 0.35546875 0.28046875 0.2802734375
2 0.8875 0.8546875 0.225 0.24375