1 0.66875 0.225 0.1046875 0.1044921875
3 0.4375 0.20859375 0.25625 0.25625
0 0.95703125 0.35234375 0.0859375 0.1140625
2 0.203125 0.84453125 0.21328125 0.2134765625
0 0.2921875 0.33359375 0.19140625 0.1912109375
1 0.2875 0.91953125 0.12109375 0.121484375
0 0.0484375 0.62109375 0.096875 0.1515625
0 0.3703125 0.496875 0.2 0.1998046875
1 0.278125 0.21953125 0.090625 0.1609375
0 0.2109375 0.4890625 0.16875 0.169140625
2 0.371875 0.16640625 0.140625 0.328125
0 0.05703125 0.9078125 0.1140625 0.134375
1 0.44375 0.35 0.06875 0.121875
1 0.1359375 0.6109375 0.075 0.1341796875
1 0.278125 0.4859375 0.0828125 0.0826171875
3 0.0515625 0.1140625 0.090625 0.221875
2 0.93125 0.50234375 0.1375 0.1609375
2 0.528125 0.4859375 0.1875 0.521875