3 0.50625 0.2109375 0.2640625 0.2642578125
2 0.87578125 0.19921875 0.2484375 0.2640625
1 0.3625 0.76640625 0.11328125 0.1130859375
3 0.95546875 0.2140625 0.0890625 0.190234375
3 0.278125 0.3609375 0.090625 0.1560546875
2 0.95859375 0.25 0.0828125 0.4939453125
0 0.5890625 0.196875 0.165625 0.165234375
3 0.1171875 0.2 0.159375 0.1158203125
0 0.94453125 0.61328125 0.1109375 0.1421875
1 0.971875 0.34453125 0.05625 0.1390625
0 0.5953125 0.49453125 0.18203125 0.1822265625
3 0.2734375 0.6140625 0.1859375 0.185546875
0 0.828125 0.9109375 0.134375 0.134375
0 0.815625 0.64140625 0.09375 0.166796875
3 0.4421875 0.2109375 0.3296875 0.3298828125
1 0.5953125 0.078125 0.1171875 0.1171875
3 0.11875 0.753125 0.196875 0.3060546875