3 0.390625 0.20546875 0.2 0.2
1 0.15625 0.075 0.1125 0.1126953125
1 0.5484375 0.503125 0.1265625 0.126171875
2 0.159375 0.625 0.1734375 0.173828125
1 0.0796875 0.475 0.0953125 0.0953125
2 0.2515625 0.34140625 0.24921875 0.248828125
2 0.4078125 0.3359375 0.2984375 0.2982421875
2 0.5546875 0.25546875 0.159375 0.5048828125
3 0.7046875 0.153125 0.2359375 0.2359375
2 0.9125 0.765625 0.175 0.21875
0 0.2375 0.20546875 0.14765625 0.14765625
3 0.3171875 0.76640625 0.2125 0.15
0 0.4828125 0.10546875 0.16015625 0.1603515625
3 0.940625 0.478125 0.115625 0.1158203125
2 0.9234375 0.265625 0.153125 0.278125
1 0.96953125 0.19375 0.0609375 0.096875
1 0.7859375 0.08359375 0.12578125 0.12578125
1 0.4765625 0.33046875 0.065625 0.116796875
2 0.6421875 0.3359375 0.2890625 0.289453125
3 0.7890625 0.90859375 0.14609375 0.146484375
3 0.634375 0.6359375 0.071875 0.2158203125