3 0.171875 0.503125 0.08125 0.1439453125
0 0.2578125 0.503125 0.1296875 0.1298828125
2 0.7140625 0.2 0.26875 0.2685546875
3 0.09296875 0.353125 0.1859375 0.3658203125
2 0.8625 0.27421875 0.275 0.3640625
1 0.97265625 0.19609375 0.0546875 0.0921875
0 0.634375 0.1109375 0.121875 0.2158203125
0 0.10625 0.20546875 0.16953125 0.1693359375
3 0.1671875 0.90546875 0.10859375 0.108984375
0 0.05234375 0.76015625 0.1046875 0.1359375
3 0.40625 0.75 0.2 0.2
1 0.65 0.625 0.0828125 0.0826171875
3 0.79375 0.9140625 0.128125 0.128125
2 0.9203125 0.8859375 0.159375 0.15
0 0.884375 0.778125 0.1 0.178125
2 0.8734375 0.21953125 0.146875 0.2390625
1 0.65 0.2 0.0875 0.087109375
0 0.05703125 0.89375 0.1140625 0.14375
3 0.4078125 0.49140625 0.12109375 0.1212890625
1 0.653125 0.903125 0.121875 0.1216796875
2 0.55625 0.61640625 0.1375 0.1375