3 0.92578125 0.2109375 0.1484375 0.3439453125
1 0.8 0.76640625 0.11328125 0.1130859375
0 0.2484375 0.353125 0.096875 0.171875
3 0.715625 0.3609375 0.090625 0.155859375
0 0.9609375 0.19609375 0.078125 0.1234375
3 0.5546875 0.2 0.159375 0.116015625
3 0.325 0.896875 0.121875 0.121484375
0 0.98359375 0.49453125 0.0328125 0.2330078125
3 0.7109375 0.6140625 0.13125 0.240234375
3 0.85703125 0.21015625 0.2859375 0.3296875
2 0.24375 0.503125 0.2 0.212109375
1 0.97734375 0.07734375 0.0453125 0.0796875
3 0.55625 0.753125 0.2515625 0.2513671875