0 0.3671875 0.20859375 0.103125 0.18359375
2 0.5203125 0.625 0.10625 0.3
3 0.4328125 0.753125 0.128125 0.21640625
3 0.4359375 0.203125 0.084375 0.1609375
2 0.825 0.75859375 0.2125 0.40546875
3 0.81875 0.63046875 0.06875 0.128125
0 0.44375 0.878125 0.134375 0.2390625
0 0.02109375 0.33046875 0.0421875 0.2390625
3 0.7421875 0.20859375 0.2 0.29453125
2 0.08671875 0.3640625 0.1734375 0.228125
1 0.590625 0.61640625 0.090625 0.1609375
2 0.8375 0.4890625 0.140625 0.28359375
0 0.36875 0.09453125 0.103125 0.18359375
2 0.9015625 0.6140625 0.159375 0.21640625
2 0.115625 0.346875 0.1375 0.48359375
3 0.35625 0.34453125 0.08125 0.19453125
1 0.5125 0.075 0.08125 0.14453125