0 0.6640625 0.76953125 0.12578125 0.12578125
1 0.359375 0.0640625 0.090625 0.0908203125
0 0.0328125 0.89609375 0.065625 0.1109375
2 0.9296875 0.33828125 0.140625 0.2765625
0 0.7484375 0.203125 0.128125 0.228125
3 0.9046875 0.8859375 0.165625 0.165625
1 0.2703125 0.896875 0.06875 0.121875
0 0.8296875 0.34453125 0.16015625 0.1603515625
1 0.128125 0.771875 0.1 0.1
3 0.97265625 0.46953125 0.0546875 0.421875
1 0.9734375 0.21953125 0.053125 0.1548828125
3 0.4421875 0.496875 0.165625 0.165234375
3 0.96640625 0.63515625 0.0671875 0.1109375
1 0.8953125 0.625 0.1296875 0.130078125
2 0.2 0.775 0.215625 0.321875
3 0.275 0.6140625 0.165625 0.165625
1 0.128125 0.19453125 0.13046875 0.130078125
0 0.740625 0.4859375 0.096875 0.171875
0 0.90625 0.34140625 0.18203125 0.1822265625
1 0.96640625 0.771875 0.0671875 0.0875