0 0.1921875 0.20859375 0.103125 0.1830078125
2 0.96953125 0.74921875 0.0609375 0.0953125
2 0.3453125 0.625 0.203125 0.203125
3 0.2578125 0.753125 0.171875 0.1720703125
3 0.2609375 0.203125 0.084375 0.162109375
2 0.65 0.75859375 0.30859375 0.3087890625
3 0.64375 0.63046875 0.0984375 0.0984375
0 0.26875 0.878125 0.1859375 0.186328125
3 0.5671875 0.20859375 0.2 0.294921875
1 0.415625 0.61640625 0.12578125 0.12578125
2 0.6625 0.4890625 0.140625 0.2841796875
0 0.19375 0.09453125 0.14296875 0.143359375
2 0.7265625 0.6140625 0.1875 0.187890625
2 0.0640625 0.34609375 0.128125 0.2453125
3 0.9890625 0.61953125 0.021875 0.2109375
3 0.18125 0.34453125 0.13828125 0.1380859375
1 0.3375 0.075 0.1125 0.1126953125