3 0.440625 0.178125 0.21875 0.35
1 0.5203125 0.0890625 0.096875 0.171875
0 0.0234375 0.33046875 0.046875 0.228125
3 0.0421875 0.203125 0.084375 0.3609375
2 0.3640625 0.24453125 0.234375 0.48359375
3 0.6015625 0.14453125 0.15625 0.28359375
0 0.065625 0.4859375 0.103125 0.18359375
1 0.7546875 0.20546875 0.0875 0.15546875
3 0.6125 0.8609375 0.109375 0.271875
2 0.99453125 0.2359375 0.0109375 0.46640625
1 0.146875 0.75546875 0.078125 0.1390625
3 0.3015625 0.121875 0.121875 0.2390625
0 0.603125 0.48359375 0.11875 0.2109375