1 0.796875 0.0640625 0.065625 0.116015625
0 0.403125 0.896875 0.15625 0.15625
0 0.2515625 0.09140625 0.1390625 0.1390625
1 0.7078125 0.896875 0.0953125 0.0953125
1 0.565625 0.771875 0.1 0.1
3 0.8796875 0.496875 0.165625 0.165234375
2 0.0953125 0.503125 0.190625 0.266015625
1 0.03515625 0.890625 0.0703125 0.090625
3 0.0515625 0.21015625 0.103125 0.1203125
2 0.6375 0.775 0.26875 0.26875
3 0.7125 0.6140625 0.153125 0.178125
2 0.109375 0.615625 0.21875 0.25625
1 0.565625 0.19453125 0.13046875 0.1302734375