2 0.2859375 0.19140625 0.203125 0.28359375
3 0.9953125 0.90546875 0.009375 0.18359375
0 0.01875 0.6109375 0.0375 0.25546875
3 0.834375 0.771875 0.109375 0.19453125
2 0.6859375 0.61640625 0.1375 0.21640625
1 0.4421875 0.628125 0.09375 0.16640625
3 0.0609375 0.75859375 0.096875 0.178125
0 0.909375 0.49140625 0.140625 0.25
0 0.2859375 0.63046875 0.115625 0.20546875
1 0.8390625 0.621875 0.078125 0.1390625
0 0.2921875 0.09140625 0.1 0.178125
3 0.03828125 0.19453125 0.0765625 0.38359375
1 0.675 0.771875 0.096875 0.171875
3 0.525 0.796875 0.215625 0.4
1 0.0546875 0.33046875 0.065625 0.11640625
2 0.8265625 0.1 0.115625 0.19453125
2 0.2015625 0.3609375 0.096875 0.3109375
3 0.2 0.88046875 0.121875 0.23359375
1 0.97578125 0.6390625 0.0484375 0.14453125
1 0.7609375 0.3640625 0.075 0.13359375
2 0.89140625 0.296875 0.2171875 0.5890625