0 0.1359375 0.75546875 0.146875 0.2609375
3 0.6875 0.5 0.16875 0.24453125
0 0.6734375 0.35859375 0.109375 0.19453125
1 0.01328125 0.3390625 0.0265625 0.1609375
2 0.90625 0.8 0.1875 0.39453125
0 0.35625 0.8859375 0.125 0.221875
2 0.89296875 0.6140625 0.2140625 0.278125
2 0.44375 0.203125 0.171875 0.4
1 0.96796875 0.48046875 0.0640625 0.16640625
3 0.046875 0.2359375 0.09375 0.46640625
3 0.5921875 0.33359375 0.15625 0.15
2 0.128125 0.46953125 0.1125 0.4
0 0.440625 0.8890625 0.121875 0.21640625
1 0.21875 0.0859375 0.059375 0.10546875
3 0.7484375 0.1390625 0.09375 0.271875
0 0.053125 0.75 0.09375 0.16640625
2 0.5203125 0.503125 0.146875 0.25
0 0.1390625 0.203125 0.109375 0.19453125
2 0.0921875 0.84140625 0.184375 0.3109375
1 0.596875 0.91640625 0.059375 0.10546875