2 0.8140625 0.1109375 0.1625 0.1626953125
2 0.0359375 0.7796875 0.071875 0.1375
3 0.340625 0.75 0.084375 0.171875
2 0.95625 0.63359375 0.0875 0.1546875
3 0.953125 0.34609375 0.09375 0.1109375
1 0.809375 0.496875 0.06875 0.121875
0 0.903125 0.3359375 0.125 0.125390625
3 0.65 0.46953125 0.12734375 0.127734375
1 0.2734375 0.6140625 0.1171875 0.1171875
1 0.1046875 0.63046875 0.10859375 0.10859375
0 0.4953125 0.621875 0.109375 0.1939453125
1 0.6640625 0.63046875 0.1171875 0.1171875
1 0.571875 0.3609375 0.134375 0.134375
0 0.7296875 0.8890625 0.16875 0.1689453125
1 0.5796875 0.19140625 0.075 0.1330078125
1 0.3390625 0.4890625 0.134375 0.134375
2 0.271875 0.103125 0.1640625 0.1640625
3 0.503125 0.35546875 0.28046875 0.2802734375
0 0.115625 0.49140625 0.146875 0.2609375