0 0.65 0.34140625 0.09375 0.1669921875
0 0.4203125 0.9140625 0.09375 0.1658203125
1 0.03203125 0.346875 0.0640625 0.121875
3 0.0265625 0.821875 0.053125 0.35
2 0.88359375 0.61953125 0.2328125 0.2328125
1 0.4203125 0.35546875 0.12109375 0.1212890625
3 0.3453125 0.06953125 0.10234375 0.10234375
2 0.94921875 0.77109375 0.1015625 0.1234375
0 0.3390625 0.60859375 0.1734375 0.1734375
0 0.65 0.20546875 0.0875 0.1548828125
0 0.503125 0.48046875 0.103125 0.1830078125
0 0.98671875 0.75 0.0265625 0.237890625
0 0.80625 0.3640625 0.1828125 0.1826171875
2 0.3484375 0.246875 0.309375 0.309765625
3 0.56875 0.625 0.09375 0.178125
1 0.56875 0.34140625 0.08125 0.1451171875
3 0.1078125 0.20859375 0.07421875 0.0740234375