3 0.2703125 0.753125 0.1984375 0.1982421875
1 0.1171875 0.21640625 0.12578125 0.12578125
3 0.1171875 0.746875 0.1390625 0.1390625
2 0.5828125 0.78046875 0.25859375 0.2583984375
3 0.97734375 0.74921875 0.0453125 0.0859375
1 0.4203125 0.4859375 0.071875 0.128125
3 0.4296875 0.78046875 0.16015625 0.1603515625
1 0.95546875 0.6140625 0.0890625 0.109375
3 0.04921875 0.89375 0.0984375 0.11875
1 0.8046875 0.63046875 0.10859375 0.10859375
1 0.334375 0.496875 0.1171875 0.1171875
1 0.9953125 0.4890625 0.009375 0.171875
2 0.1859375 0.75 0.2453125 0.2453125
2 0.93984375 0.10234375 0.1203125 0.1453125
0 0.815625 0.49140625 0.20390625 0.20390625
3 0.0859375 0.346875 0.171875 0.178125
1 0.575 0.35546875 0.08671875 0.08671875