3 0.5359375 0.90546875 0.16171875 0.1619140625
3 0.309375 0.771875 0.1515625 0.1517578125
0 0.93828125 0.7609375 0.1234375 0.2341796875
2 0.1609375 0.61640625 0.17734375 0.1771484375
2 0.846875 0.49609375 0.30625 0.5328125
2 0.703125 0.3640625 0.2125 0.2125
0 0.9421875 0.490625 0.115625 0.1625
0 0.384375 0.49140625 0.140625 0.25
1 0.3140625 0.621875 0.1078125 0.10859375
0 0.8515625 0.353125 0.146875 0.147265625
2 0.628125 0.18046875 0.31171875 0.3119140625
2 0.8625 0.63359375 0.1578125 0.1578125
1 0.15 0.771875 0.134375 0.134375
3 0.08984375 0.79609375 0.1796875 0.2546875
2 0.3015625 0.1 0.1546875 0.1548828125
1 0.4671875 0.6390625 0.1125 0.1126953125
1 0.2359375 0.3640625 0.1046875 0.1044921875
2 0.3890625 0.296875 0.425 0.425390625