3 0.696875 0.503125 0.08125 0.14453125
0 0.7828125 0.503125 0.09375 0.16640625
3 0.6125 0.353125 0.196875 0.36640625
2 0.1453125 0.503125 0.228125 0.23359375
0 0.63125 0.20546875 0.121875 0.21640625
3 0.6921875 0.90546875 0.084375 0.13359375
0 0.5421875 0.7609375 0.1125 0.2
3 0.93125 0.75 0.128125 0.271875
2 0.309375 0.34453125 0.153125 0.371875
3 0.3171875 0.478125 0.159375 0.29453125
2 0.009375 0.14140625 0.01875 0.278125
0 0.5515625 0.89453125 0.115625 0.20546875
3 0.9328125 0.49140625 0.0875 0.15546875
3 0.040625 0.3390625 0.08125 0.1890625