1 0.5234375 0.49453125 0.09375 0.1669921875
3 0.2828125 0.20859375 0.17265625 0.172265625
1 0.2890625 0.49140625 0.09140625 0.091015625
2 0.3671875 0.228125 0.11875 0.45
0 0.83125 0.503125 0.14375 0.1435546875
3 0.5203125 0.08359375 0.12734375 0.12734375
1 0.196875 0.775 0.1125 0.1126953125
3 0.74375 0.771875 0.1015625 0.1017578125
2 0.671875 0.75546875 0.1 0.3609375
0 0.50625 0.225 0.134375 0.134375
3 0.9109375 0.19140625 0.140625 0.2548828125
1 0.3546875 0.61953125 0.12109375 0.1212890625
0 0.075 0.36015625 0.15 0.1828125
2 0.746875 0.228125 0.140625 0.45
0 0.1171875 0.503125 0.146875 0.14765625