3 0.353125 0.178125 0.284375 0.284375
1 0.4328125 0.0890625 0.096875 0.171875
2 0.2765625 0.24453125 0.234375 0.4830078125
3 0.5140625 0.14453125 0.15625 0.283203125
0 0.03359375 0.48515625 0.0671875 0.1078125
1 0.6671875 0.20546875 0.12109375 0.1212890625
3 0.525 0.8609375 0.190625 0.190625
2 0.9046875 0.23515625 0.190625 0.2828125
1 0.059375 0.75546875 0.10859375 0.10859375
3 0.2140625 0.121875 0.121875 0.237890625
1 0.97109375 0.91640625 0.0578125 0.1390625
0 0.515625 0.48359375 0.16484375 0.16484375