3 0.0171875 0.2 0.034375 0.39453125
2 0.3109375 0.49453125 0.271875 0.35546875
0 0.3890625 0.8859375 0.0875 0.15546875
2 0.3015625 0.778125 0.171875 0.25546875
3 0.38125 0.771875 0.153125 0.24453125
3 0.93046875 0.20859375 0.1390625 0.221875
1 0.3828125 0.0859375 0.09375 0.16640625
2 0.771875 0.84453125 0.121875 0.30546875
0 0.8609375 0.33359375 0.1375 0.24453125
1 0.85625 0.91953125 0.0875 0.15546875
2 0.05859375 0.2140625 0.1171875 0.1890625
0 0.5375 0.621875 0.146875 0.2609375
0 0.93359375 0.496875 0.1328125 0.25546875
1 0.846875 0.21953125 0.090625 0.1609375
0 0.459375 0.3359375 0.115625 0.20546875
0 0.078125 0.6390625 0.096875 0.171875
2 0.1453125 0.6359375 0.290625 0.571875
3 0.4640625 0.746875 0.1125 0.178125
0 0.7796875 0.4890625 0.121875 0.21640625
2 0.93515625 0.16640625 0.1296875 0.328125
0 0.615625 0.90859375 0.096875 0.171875
1 0.9890625 0.35 0.021875 0.121875
1 0.30625 0.625 0.096875 0.171875
1 0.7046875 0.6109375 0.075 0.13359375
1 0.846875 0.4859375 0.059375 0.10546875
2 0.3046875 0.7890625 0.196875 0.41640625
2 0.1171875 0.803125 0.234375 0.3890625
0 0.4578125 0.2109375 0.1125 0.2
3 0.6203125 0.1140625 0.090625 0.221875