0 0.475 0.34140625 0.09375 0.16640625
0 0.2453125 0.9140625 0.09375 0.16640625
1 0.88125 0.20859375 0.0625 0.1109375
2 0.709375 0.61953125 0.19375 0.271875
1 0.2453125 0.35546875 0.0875 0.15546875
3 0.1703125 0.06953125 0.115625 0.0890625
2 0.784375 0.771875 0.078125 0.16640625
2 0.97734375 0.6140625 0.0453125 0.2890625
0 0.1640625 0.60859375 0.125 0.221875
0 0.475 0.20546875 0.0875 0.15546875
0 0.328125 0.48046875 0.103125 0.18359375
0 0.865625 0.75 0.134375 0.2390625
0 0.63125 0.3640625 0.13125 0.23359375
2 0.1734375 0.246875 0.13125 0.4890625
3 0.39375 0.625 0.09375 0.178125
1 0.39375 0.34140625 0.08125 0.14453125