0 0.3140625 0.771875 0.11875 0.2109375
1 0.15625 0.34140625 0.08125 0.14453125
1 0.55 0.90546875 0.09375 0.16640625
0 0.7 0.8859375 0.096875 0.171875
0 0.2421875 0.103125 0.1125 0.2
2 0.5515625 0.48046875 0.203125 0.48359375
2 0.5484375 0.1109375 0.240625 0.21640625
2 0.4734375 0.61640625 0.171875 0.228125
0 0.55625 0.196875 0.1375 0.24453125
0 0.7734375 0.8890625 0.11875 0.2109375
3 0.7828125 0.34453125 0.053125 0.14453125
2 0.234375 0.71640625 0.309375 0.5609375
0 0.1609375 0.0890625 0.096875 0.171875
2 0.30625 0.2140625 0.178125 0.3109375
1 0.0875 0.2 0.084375 0.15
3 0.7 0.775 0.190625 0.3390625
2 0.9421875 0.49140625 0.115625 0.4109375