1 0.6375 0.503125 0.096875 0.171875
3 0.040625 0.90546875 0.08125 0.18359375
0 0.4171875 0.7609375 0.13125 0.23359375
2 0.55625 0.496875 0.31875 0.9890625
2 0.178125 0.3640625 0.153125 0.271875
2 0.5625 0.3609375 0.146875 0.35546875
0 0.4828125 0.49140625 0.146875 0.2609375
0 0.3265625 0.353125 0.10625 0.1890625
3 0.6515625 0.85 0.11875 0.29453125
2 0.6421875 0.74140625 0.228125 0.5109375
2 0.11875 0.18046875 0.2375 0.35546875
2 0.3375 0.63359375 0.115625 0.2
3 0.7921875 0.86640625 0.375 0.2609375