0 0.5515625 0.871875 0.140625 0.25
2 0.04609375 0.2 0.0921875 0.2390625
3 0.1640625 0.2140625 0.0875 0.228125
2 0.7171875 0.35546875 0.228125 0.2109375
2 0.99453125 0.478125 0.0109375 0.44453125
3 0.403125 0.503125 0.06875 0.321875
2 0.040625 0.80546875 0.08125 0.38359375
2 0.7796875 0.353125 0.1375 0.24453125
1 0.5578125 0.3640625 0.071875 0.128125
1 0.5546875 0.225 0.06875 0.121875
3 0.234375 0.0859375 0.103125 0.1609375
0 0.084375 0.35 0.128125 0.228125
1 0.6234375 0.08359375 0.0875 0.15546875
0 0.7140625 0.76640625 0.096875 0.171875
3 0.03984375 0.48046875 0.0796875 0.271875
2 0.90625 0.475 0.1875 0.58359375