3 0.478125 0.503125 0.08125 0.1439453125
0 0.5640625 0.503125 0.1296875 0.1298828125
2 0.959375 0.2 0.08125 0.3341796875
3 0.39375 0.353125 0.28125 0.2814453125
2 0.04453125 0.50234375 0.0890625 0.1359375
0 0.92734375 0.11015625 0.1453125 0.1671875
0 0.4125 0.20546875 0.16953125 0.169140625
3 0.4734375 0.90546875 0.10859375 0.108984375
0 0.3234375 0.7609375 0.15625 0.15625
3 0.7125 0.75 0.128125 0.271875
2 0.090625 0.34453125 0.153125 0.371875
1 0.95625 0.625 0.059375 0.1060546875
3 0.10546875 0.47734375 0.2109375 0.2265625
1 0.95625 0.2 0.0875 0.08671875
0 0.3328125 0.89453125 0.16015625 0.1603515625
3 0.7140625 0.49140625 0.12109375 0.1212890625
1 0.9484375 0.90234375 0.103125 0.1203125
2 0.8625 0.61640625 0.1375 0.1375