0 0.5671875 0.11640625 0.178125 0.178125
0 0.8734375 0.3640625 0.1828125 0.1826171875
2 0.175 0.471875 0.1125 0.3939453125
0 0.05 0.35234375 0.1 0.1296875
3 0.18125 0.19140625 0.13125 0.1048828125
2 0.6390625 0.5 0.09375 0.312109375
1 0.6359375 0.75546875 0.134375 0.134375
3 0.875 0.7640625 0.1859375 0.185546875
2 0.496875 0.46953125 0.40546875 0.40546875
3 0.4015625 0.8890625 0.1796875 0.180078125
2 0.86328125 0.49453125 0.2734375 0.3890625
2 0.90234375 0.18515625 0.1953125 0.2515625
0 0.8 0.13046875 0.19921875 0.199609375
3 0.93359375 0.36015625 0.1328125 0.1609375
1 0.1796875 0.8890625 0.09375 0.1658203125
2 0.084375 0.18359375 0.16875 0.2328125
2 0.18125 0.33359375 0.209375 0.3890625