3 0.709375 0.36640625 0.31875 0.728125
2 0.3203125 0.225 0.125 0.4439453125
2 0.165625 0.496875 0.303125 0.303125
2 0.909375 0.16953125 0.18125 0.3330078125
2 0.1 0.7328125 0.2 0.309375
2 0.5625 0.76640625 0.25546875 0.25546875
3 0.4734375 0.46953125 0.29140625 0.2916015625
0 0.1671875 0.746875 0.190625 0.1908203125
0 0.3921875 0.20546875 0.0875 0.1548828125
3 0.0375 0.48828125 0.075 0.1046875
0 0.3984375 0.3359375 0.13125 0.2341796875
0 0.04375 0.62109375 0.0875 0.1109375
0 0.0921875 0.0859375 0.09375 0.166015625
1 0.6390625 0.21640625 0.11328125 0.112890625
3 0.31875 0.61953125 0.140625 0.1
3 0.1640625 0.1359375 0.1703125 0.1705078125
3 0.478125 0.18046875 0.2 0.355078125
3 0.08125 0.4859375 0.146875 0.146484375
1 0.715625 0.475 0.0953125 0.0953125
2 0.7953125 0.2140625 0.21875 0.2189453125
2 0.05 0.34453125 0.1 0.1265625
3 0.0890625 0.6359375 0.084375 0.16015625
0 0.31875 0.0890625 0.134375 0.134375
2 0.3984375 0.8859375 0.125 0.21015625