2 0.97890625 0.19453125 0.0421875 0.3830078125
0 0.05390625 0.3640625 0.1078125 0.2341796875
3 0.903125 0.475 0.1328125 0.1326171875
0 0.525 0.346875 0.115625 0.205859375
0 0.6734375 0.4859375 0.11875 0.21015625
0 0.94609375 0.10234375 0.1078125 0.1390625
3 0.0546875 0.7640625 0.109375 0.240234375
2 0.17578125 0.49453125 0.3515625 0.3640625
2 0.11875 0.1859375 0.175 0.3658203125
0 0.0203125 0.13046875 0.040625 0.2548828125
3 0.125 0.3609375 0.16875 0.1689453125
2 0.88515625 0.3390625 0.2296875 0.366015625