0 0.275 0.19140625 0.0875 0.15546875
3 0.740625 0.20546875 0.15 0.25
1 0.50625 0.075 0.08125 0.14453125
1 0.8984375 0.503125 0.090625 0.1609375
0 0.2765625 0.48046875 0.128125 0.228125
2 0.509375 0.625 0.159375 0.1890625
1 0.4296875 0.475 0.06875 0.121875
2 0.1265625 0.275 0.253125 0.54453125
2 0.6015625 0.34140625 0.203125 0.29453125
2 0.7578125 0.3359375 0.140625 0.45546875
1 0.1984375 0.196875 0.09375 0.16640625
2 0.9046875 0.25546875 0.159375 0.50546875
3 0.984375 0.153125 0.03125 0.3
0 0.5875 0.20546875 0.10625 0.1890625
3 0.6671875 0.76640625 0.2125 0.15
0 0.8328125 0.10546875 0.115625 0.20546875
3 0.01484375 0.9140625 0.0296875 0.121875
2 0.125 0.8859375 0.23125 0.15
0 0.053125 0.778125 0.1 0.178125
2 0.0578125 0.21953125 0.115625 0.2390625
1 0.8265625 0.33046875 0.065625 0.11640625
2 0.9625 0.3359375 0.075 0.44453125
3 0.97421875 0.6359375 0.0515625 0.21640625