1 0.3625 0.225 0.075 0.13359375
3 0.13828125 0.20859375 0.2765625 0.221875
0 0.6859375 0.353125 0.096875 0.171875
0 0.02734375 0.33359375 0.0546875 0.24453125
1 0.0125 0.91953125 0.025 0.15546875
0 0.06796875 0.496875 0.1359375 0.25546875
1 0.00859375 0.21953125 0.0171875 0.1609375
3 0.95625 0.2 0.0875 0.11640625
3 0.7625 0.896875 0.08125 0.1609375
2 0.06796875 0.16640625 0.1359375 0.328125
1 0.1375 0.35 0.06875 0.121875
1 0.00078125 0.4859375 0.0015625 0.10546875
2 0.68125 0.503125 0.2 0.2109375
2 0.221875 0.4859375 0.1875 0.521875
3 0.94765625 0.753125 0.1046875 0.30546875