2 0.5921875 0.19140625 0.203125 0.28359375
0 0.271875 0.6109375 0.14375 0.25546875
2 0.96171875 0.61640625 0.0765625 0.21640625
1 0.7484375 0.628125 0.09375 0.16640625
3 0.3671875 0.75859375 0.096875 0.178125
0 0.5921875 0.63046875 0.115625 0.20546875
0 0.5984375 0.09140625 0.1 0.178125
3 0.278125 0.19453125 0.209375 0.38359375
1 0.96640625 0.771875 0.0671875 0.171875
3 0.83125 0.796875 0.215625 0.4
1 0.3609375 0.33046875 0.065625 0.11640625
2 0.5078125 0.3609375 0.096875 0.3109375
3 0.50625 0.88046875 0.121875 0.23359375