1 0.1296875 0.49453125 0.13046875 0.1302734375
2 0.01640625 0.228125 0.0328125 0.45
1 0.815625 0.775 0.065625 0.1158203125
0 0.4375 0.503125 0.14375 0.1435546875
3 0.7390625 0.6390625 0.16875 0.1689453125
3 0.1265625 0.08359375 0.09375 0.1609375
0 0.9515625 0.36328125 0.096875 0.1234375
3 0.35 0.771875 0.0375 0.1658203125
2 0.278125 0.75546875 0.1 0.3609375
3 0.8203125 0.2140625 0.26875 0.26875
0 0.1125 0.225 0.134375 0.134375
1 0.821875 0.61953125 0.09140625 0.0912109375
3 0.5171875 0.19140625 0.19765625 0.1978515625
1 0.02109375 0.61875 0.0421875 0.08125
2 0.353125 0.228125 0.140625 0.45