0 0.7515625 0.196875 0.13125 0.233984375
3 0.840625 0.2 0.225 0.3939453125
1 0.440625 0.471875 0.071875 0.128125
2 0.7671875 0.85 0.2484375 0.2486328125
3 0.525 0.6359375 0.240625 0.3658203125
2 0.89765625 0.2140625 0.2046875 0.18984375
3 0.59375 0.35546875 0.10234375 0.10234375
0 0.95859375 0.63828125 0.0828125 0.1109375
2 0.959375 0.6359375 0.08125 0.571875
3 0.0671875 0.153125 0.134375 0.3
2 0.2828125 0.76640625 0.134375 0.3109375
3 0.45 0.3640625 0.1765625 0.176953125
2 0.525 0.86640625 0.19453125 0.19453125
3 0.284375 0.478125 0.115625 0.1158203125
1 0.75625 0.35 0.0875 0.087109375
2 0.4515625 0.26640625 0.4 0.4
1 0.5328125 0.771875 0.0953125 0.0953125
1 0.36875 0.19453125 0.096875 0.171875
1 0.1296875 0.08359375 0.12578125 0.12578125
2 0.0265625 0.3359375 0.053125 0.444140625
2 0.89375 0.80234375 0.2125 0.2703125
3 0.1328125 0.90859375 0.14609375 0.1462890625
3 0.00703125 0.6359375 0.0140625 0.216015625