2 0.759375 0.6140625 0.153125 0.20546875
2 0.5296875 0.496875 0.115625 0.24453125
1 0.3703125 0.46953125 0.065625 0.11640625
3 0.91484375 0.18046875 0.1703125 0.35546875
1 0.446875 0.19140625 0.08125 0.14453125
2 0.028125 0.48359375 0.05625 0.40546875
3 0.99921875 0.225 0.0015625 0.3390625
1 0.36875 0.35546875 0.084375 0.15
1 0.01171875 0.2109375 0.0234375 0.1390625
1 0.621875 0.3640625 0.078125 0.1390625
0 0.0296875 0.61640625 0.059375 0.25
2 0.76875 0.1 0.15 0.19453125
3 0.0703125 0.88046875 0.1375 0.23359375
3 0.85 0.20546875 0.24375 0.1609375
0 0.6046875 0.13046875 0.14375 0.25546875
2 0.5359375 0.34453125 0.13125 0.2390625