0 0.9875 0.19140625 0.025 0.1548828125
3 0.084375 0.503125 0.1125 0.1126953125
0 0.1703125 0.503125 0.1296875 0.1298828125
2 0.6265625 0.2 0.26875 0.2685546875
0 0.978125 0.48046875 0.04375 0.228125
3 0.08203125 0.35234375 0.1640625 0.2328125
2 0.8625 0.275 0.26875 0.5439453125
1 0.93828125 0.19609375 0.1234375 0.1296875
0 0.546875 0.1109375 0.16875 0.1689453125
0 0.05703125 0.2046875 0.1140625 0.146875
3 0.0796875 0.90546875 0.10859375 0.1087890625
3 0.31875 0.75 0.2 0.2
1 0.5625 0.625 0.0828125 0.0826171875
3 0.70625 0.9140625 0.128125 0.128125
2 0.86875 0.8859375 0.190625 0.190625
0 0.796875 0.778125 0.1390625 0.1390625
2 0.7859375 0.21953125 0.19296875 0.19296875
1 0.5625 0.2 0.0875 0.08671875
3 0.3203125 0.49140625 0.0875 0.1548828125
1 0.565625 0.903125 0.0875 0.1560546875
2 0.46875 0.61640625 0.1375 0.1375