3 0.659375 0.178125 0.284375 0.284375
1 0.7390625 0.0890625 0.096875 0.171875
0 0.2015625 0.33046875 0.178125 0.178125
3 0.1953125 0.203125 0.2890625 0.288671875
2 0.5828125 0.24453125 0.35859375 0.358984375
3 0.8203125 0.14453125 0.21953125 0.2197265625
1 0.1171875 0.771875 0.090625 0.0908203125
0 0.284375 0.4859375 0.14375 0.1435546875
1 0.95390625 0.2046875 0.0921875 0.1125
3 0.83125 0.8609375 0.109375 0.271875
1 0.365625 0.75546875 0.078125 0.1390625
3 0.5203125 0.121875 0.1796875 0.180078125
0 0.821875 0.48359375 0.11875 0.2109375