0 0.1921875 0.20859375 0.103125 0.18359375
2 0.9875 0.75 0.025 0.16640625
2 0.3453125 0.625 0.10625 0.3
3 0.2578125 0.753125 0.128125 0.21640625
3 0.2609375 0.203125 0.084375 0.1609375
2 0.65 0.75859375 0.2125 0.40546875
3 0.64375 0.63046875 0.06875 0.128125
0 0.26875 0.878125 0.134375 0.2390625
3 0.5671875 0.20859375 0.2 0.29453125
1 0.415625 0.61640625 0.090625 0.1609375
2 0.6625 0.4890625 0.140625 0.28359375
0 0.19375 0.09453125 0.103125 0.18359375
2 0.7265625 0.6140625 0.159375 0.21640625
2 0.0046875 0.346875 0.009375 0.48359375
3 0.9890625 0.61953125 0.021875 0.2109375
3 0.18125 0.34453125 0.08125 0.19453125
1 0.3375 0.075 0.08125 0.14453125