1 0.34375 0.2140625 0.109375 0.108984375
1 0.03828125 0.7578125 0.0765625 0.1
2 0.40625 0.70546875 0.44296875 0.4431640625
3 0.4859375 0.221875 0.271875 0.272265625
2 0.5765625 0.60859375 0.2640625 0.2640625
0 0.246875 0.88046875 0.18203125 0.1822265625
1 0.7203125 0.60859375 0.0953125 0.0953125
3 0.734375 0.21640625 0.109375 0.171875
3 0.4890625 0.48359375 0.1609375 0.1609375
3 0.01484375 0.225 0.0296875 0.337890625
2 0.90625 0.2140625 0.1875 0.265625
1 0.1859375 0.6359375 0.071875 0.128125
0 0.1078125 0.46953125 0.125 0.221875
0 0.328125 0.7609375 0.1734375 0.1734375
3 0.253125 0.7609375 0.1875 0.1658203125
0 0.2625 0.48046875 0.14765625 0.14765625
3 0.06171875 0.153125 0.1234375 0.3
1 0.403125 0.05859375 0.08671875 0.08671875