0 0.6734375 0.20859375 0.14296875 0.143359375
0 0.06953125 0.62109375 0.1390625 0.1703125
2 0.8265625 0.625 0.203125 0.203125
3 0.7390625 0.753125 0.128125 0.2158203125
3 0.7421875 0.203125 0.1234375 0.12265625
0 0.04921875 0.36015625 0.0984375 0.1203125
0 0.75 0.878125 0.134375 0.237890625
0 0.28125 0.33046875 0.18671875 0.18671875
3 0.97421875 0.20859375 0.0515625 0.2951171875
0 0.1203125 0.10859375 0.16484375 0.16484375
2 0.353125 0.3640625 0.240625 0.240625
1 0.896875 0.61640625 0.12578125 0.12578125
0 0.675 0.09453125 0.14296875 0.1431640625
2 0.421875 0.346875 0.3109375 0.3107421875
3 0.6625 0.34453125 0.13828125 0.1380859375
1 0.81875 0.075 0.08125 0.144140625