3 0.9375 0.20859375 0.125 0.21640625
1 0.9453125 0.49140625 0.065625 0.11640625
0 0.46875 0.8859375 0.121875 0.21640625
2 0.98203125 0.228125 0.0359375 0.45
2 0.46875 0.496875 0.175 0.18359375
3 0.3828125 0.49453125 0.075 0.18359375
3 0.10234375 0.8140625 0.2046875 0.36640625
1 0.853125 0.775 0.08125 0.14453125
2 0.1625 0.7609375 0.16875 0.378125
1 0.98359375 0.61953125 0.0328125 0.15546875
0 0.703125 0.3609375 0.140625 0.25
3 0.55 0.76953125 0.15 0.2609375
1 0.30625 0.35 0.096875 0.171875
0 0.7734375 0.503125 0.10625 0.1890625