1 0.97890625 0.49453125 0.0421875 0.16640625
3 0.7640625 0.20859375 0.128125 0.21640625
1 0.7703125 0.49140625 0.065625 0.11640625
0 0.29375 0.8859375 0.121875 0.21640625
2 0.8484375 0.228125 0.11875 0.45
2 0.29375 0.496875 0.175 0.18359375
3 0.97734375 0.08359375 0.0453125 0.1609375
3 0.2078125 0.49453125 0.075 0.18359375
3 0.01484375 0.8140625 0.0296875 0.36640625
1 0.678125 0.775 0.08125 0.14453125
2 0.0359375 0.7609375 0.071875 0.378125
0 0.96953125 0.225 0.0609375 0.171875
1 0.8359375 0.61953125 0.0875 0.15546875
0 0.528125 0.3609375 0.140625 0.25
3 0.375 0.76953125 0.15 0.2609375
1 0.13125 0.35 0.096875 0.171875
0 0.5984375 0.503125 0.10625 0.1890625