2 0.5046875 0.19140625 0.203125 0.28359375
0 0.184375 0.6109375 0.14375 0.25546875
3 0.99921875 0.771875 0.0015625 0.19453125
2 0.9046875 0.61640625 0.1375 0.21640625
1 0.6609375 0.628125 0.09375 0.16640625
3 0.2796875 0.75859375 0.096875 0.178125
0 0.5046875 0.63046875 0.115625 0.20546875
0 0.5109375 0.09140625 0.1 0.178125
3 0.190625 0.19453125 0.209375 0.38359375
1 0.89375 0.771875 0.096875 0.171875
3 0.74375 0.796875 0.215625 0.4
1 0.2734375 0.33046875 0.065625 0.11640625
2 0.99375 0.1 0.0125 0.19453125
2 0.4203125 0.3609375 0.096875 0.3109375
3 0.41875 0.88046875 0.121875 0.23359375
1 0.97109375 0.3640625 0.0578125 0.13359375