0 0.2015625 0.871875 0.140625 0.25
2 0.3671875 0.35546875 0.228125 0.2109375
2 0.74375 0.478125 0.209375 0.44453125
2 0.99375 0.63359375 0.0125 0.39453125
3 0.053125 0.503125 0.06875 0.321875
2 0.97421875 0.14453125 0.0515625 0.28359375
2 0.896875 0.775 0.115625 0.221875
1 0.8203125 0.0890625 0.096875 0.171875
2 0.759375 0.35 0.21875 0.69453125
3 0.9375 0.21640625 0.125 0.4109375
0 0.8234375 0.75859375 0.146875 0.2609375
2 0.4296875 0.353125 0.1375 0.24453125
1 0.2078125 0.3640625 0.071875 0.128125
1 0.2046875 0.225 0.06875 0.121875
1 0.2734375 0.08359375 0.0875 0.15546875
0 0.3640625 0.76640625 0.096875 0.171875
2 0.5953125 0.475 0.265625 0.58359375