0 0.01171875 0.771875 0.0234375 0.212109375
2 0.8171875 0.496875 0.3359375 0.3359375
2 0.98828125 0.2 0.0234375 0.237890625
2 0.74375 0.88046875 0.16953125 0.169921875
2 0.82265625 0.34921875 0.3546875 0.3640625
1 0.2 0.90546875 0.13046875 0.130078125
0 0.35 0.8859375 0.134375 0.134375
2 0.2015625 0.48046875 0.34296875 0.3431640625
2 0.1984375 0.1125 0.228125 0.225
2 0.1234375 0.61640625 0.2 0.2
2 0.94921875 0.8046875 0.1015625 0.19375
2 0.7484375 0.36953125 0.45390625 0.4541015625
0 0.20625 0.196875 0.1375 0.2439453125
0 0.4234375 0.8890625 0.11875 0.209765625
3 0.4328125 0.34453125 0.09921875 0.098828125
2 0.084375 0.715625 0.16875 0.3
2 0.05546875 0.21328125 0.1109375 0.1765625
3 0.35 0.775 0.2640625 0.26484375
2 0.59375 0.49140625 0.26484375 0.26484375
3 0.9546875 0.4796875 0.090625 0.15
2 0.8234375 0.64140625 0.23359375 0.23359375
3 0.74375 0.75546875 0.13828125 0.137890625