0 0.7125 0.19140625 0.12109375 0.1212890625
2 0.3203125 0.2 0.26875 0.2685546875
1 0.94375 0.075 0.08125 0.1439453125
0 0.7140625 0.48046875 0.178125 0.178125
2 0.9265625 0.62421875 0.146875 0.1609375
1 0.8671875 0.475 0.0953125 0.0953125
2 0.55625 0.275 0.40625 0.406640625
2 0.9390625 0.340625 0.121875 0.178125
1 0.6359375 0.196875 0.09375 0.166015625
0 0.240625 0.1109375 0.121875 0.2158203125
0 0.965625 0.2046875 0.06875 0.109375
3 0.99921875 0.76640625 0.0015625 0.15
3 0.0625 0.74921875 0.125 0.1734375
1 0.25625 0.625 0.0828125 0.082421875
3 0.4 0.9140625 0.128125 0.128125
2 0.5625 0.8859375 0.23125 0.15
0 0.490625 0.778125 0.1390625 0.1390625
2 0.4796875 0.21953125 0.19296875 0.19296875
1 0.25625 0.2 0.0875 0.087109375
3 0.040625 0.490625 0.08125 0.10625
1 0.259375 0.903125 0.121875 0.1216796875
2 0.1625 0.61640625 0.1375 0.1375