1 0.278125 0.76640625 0.075 0.13359375
1 0.734375 0.35 0.059375 0.10546875
2 0.00546875 0.14453125 0.0109375 0.28359375
2 0.2640625 0.3390625 0.134375 0.48359375
0 0.8203125 0.471875 0.14375 0.25546875
2 0.815625 0.771875 0.146875 0.3
3 0.94453125 0.7609375 0.1109375 0.1
0 0.9046875 0.903125 0.096875 0.171875
0 0.428125 0.196875 0.11875 0.2109375
0 0.4359375 0.9 0.1 0.178125
2 0.26875 0.60859375 0.15625 0.19453125
0 0.8265625 0.61640625 0.1 0.178125
3 0.89375 0.503125 0.184375 0.328125
3 0.496875 0.46953125 0.215625 0.35546875
0 0.109375 0.871875 0.140625 0.25
3 0.5 0.153125 0.2125 0.3
0 0.0078125 0.353125 0.015625 0.23359375
0 0.01328125 0.503125 0.0265625 0.21640625
0 0.6625 0.90546875 0.103125 0.18359375
3 0.2703125 0.0890625 0.075 0.171875
2 0.3546875 0.19453125 0.1 0.38359375
3 0.7359375 0.1359375 0.1625 0.26640625
2 0.184375 0.675 0.16875 0.64453125
0 0.125 0.60859375 0.146875 0.2609375