0 0.4453125 0.196875 0.13125 0.23359375
3 0.534375 0.2 0.225 0.39453125
1 0.134375 0.471875 0.071875 0.128125
2 0.89375 0.49453125 0.2125 0.35546875
0 0.97890625 0.8859375 0.0421875 0.15546875
2 0.9140625 0.778125 0.171875 0.25546875
3 0.95859375 0.771875 0.0828125 0.24453125
2 0.4609375 0.85 0.203125 0.29453125
1 0.97421875 0.0859375 0.0515625 0.16640625
3 0.21875 0.6359375 0.240625 0.36640625
2 0.609375 0.2140625 0.240625 0.1890625
3 0.2875 0.35546875 0.065625 0.1390625
0 0.690625 0.6390625 0.096875 0.171875
2 0.7578125 0.6359375 0.290625 0.571875
2 0.021875 0.76640625 0.04375 0.3109375
3 0.14375 0.3640625 0.14375 0.2109375
2 0.21875 0.86640625 0.128125 0.2609375
3 0.0109375 0.478125 0.021875 0.14453125
1 0.45 0.35 0.0625 0.1109375
2 0.1453125 0.26640625 0.271875 0.528125
1 0.2265625 0.771875 0.06875 0.121875
1 0.0625 0.19453125 0.096875 0.171875
1 0.91875 0.625 0.096875 0.171875
2 0.909375 0.7890625 0.18125 0.41640625
2 0.69375 0.803125 0.30625 0.3890625