0 0.6390625 0.871875 0.140625 0.25
2 0.00078125 0.496875 0.0015625 0.378125
2 0.0984375 0.19921875 0.196875 0.2015625
3 0.2515625 0.2140625 0.0875 0.228125
2 0.8046875 0.35546875 0.21953125 0.21953125
3 0.490625 0.503125 0.06875 0.321875
2 0.11484375 0.8046875 0.2296875 0.259375
2 0.8671875 0.353125 0.190625 0.1908203125
1 0.6453125 0.3640625 0.1 0.1
1 0.6421875 0.225 0.0953125 0.0953125
3 0.321875 0.0859375 0.13125 0.13203125
0 0.171875 0.35 0.178125 0.178125
1 0.7109375 0.08359375 0.12109375 0.1212890625
0 0.8015625 0.76640625 0.134375 0.134375
3 0.0875 0.48046875 0.159375 0.271875
2 0.8890625 0.47421875 0.221875 0.3421875