0 0.7484375 0.76640625 0.12578125 0.12578125
0 0.95 0.090625 0.1 0.125
2 0.08515625 0.7046875 0.1703125 0.309375
3 0.00703125 0.221875 0.0140625 0.437890625
2 0.10078125 0.60859375 0.2015625 0.228125
1 0.1953125 0.60859375 0.06875 0.121875
3 0.7515625 0.63046875 0.12109375 0.120703125
3 0.89375 0.33359375 0.20546875 0.20546875
3 0.209375 0.21640625 0.140625 0.140625
2 0.86328125 0.63515625 0.2734375 0.3609375
3 0.9421875 0.77109375 0.115625 0.1734375
3 0.0125 0.48359375 0.025 0.2
3 0.94765625 0.63515625 0.1046875 0.1609375
2 0.434375 0.2140625 0.2796875 0.2796875