1 0.68125 0.503125 0.096875 0.171875
3 0.0625 0.90546875 0.125 0.18359375
0 0.4609375 0.7609375 0.13125 0.23359375
2 0.6 0.496875 0.31875 0.9890625
2 0.221875 0.3640625 0.153125 0.271875
2 0.60625 0.3609375 0.146875 0.35546875
0 0.5265625 0.49140625 0.146875 0.2609375
0 0.3703125 0.353125 0.10625 0.1890625
3 0.6953125 0.85 0.11875 0.29453125
2 0.6859375 0.74140625 0.228125 0.5109375
2 0.146875 0.18046875 0.26875 0.35546875
2 0.38125 0.63359375 0.115625 0.2
3 0.82421875 0.86640625 0.3515625 0.2609375
1 0.01328125 0.6390625 0.0265625 0.14453125
2 0.01953125 0.296875 0.0390625 0.5890625