0 0.6234375 0.33359375 0.1953125 0.1953125
0 0.025 0.76640625 0.05 0.1609375
0 0.2328125 0.09140625 0.1390625 0.1390625
3 0.475 0.8859375 0.20625 0.20625
2 0.6984375 0.771875 0.0875 0.2439453125
2 0.4796875 0.478125 0.228125 0.2279296875
3 0.0375 0.6296875 0.075 0.10625
2 0.90234375 0.50234375 0.1953125 0.2078125
2 0.54375 0.76953125 0.16875 0.16875
0 0.465625 0.08359375 0.12578125 0.12578125
3 0.15 0.33359375 0.20546875 0.20546875
2 0.3859375 0.33046875 0.078125 0.1609375
2 0.171875 0.63515625 0.34375 0.3609375
3 0.546875 0.20546875 0.15625 0.271875
3 0.3171875 0.771875 0.2625 0.2626953125
0 0.3140625 0.103125 0.15625 0.15625
3 0.2359375 0.6359375 0.1640625 0.1640625
0 0.6984375 0.2140625 0.203125 0.203515625
2 0.7078125 0.14140625 0.2375 0.2375
3 0.3921875 0.64140625 0.18515625 0.1849609375
3 0.7828125 0.3390625 0.171875 0.190234375