2 0.9375 0.190625 0.125 0.178125
3 0.4078125 0.128125 0.15 0.15
0 0.709375 0.6109375 0.2 0.1998046875
1 0.3328125 0.628125 0.1265625 0.126171875
3 0.8046875 0.75859375 0.1375 0.1375
0 0.1671875 0.88046875 0.18203125 0.182421875
0 0.9859375 0.63046875 0.028125 0.2048828125
0 0.0875 0.78046875 0.11875 0.2109375
0 0.971875 0.090625 0.05625 0.096875
0 0.31875 0.13046875 0.19921875 0.1994140625
3 0.715625 0.19453125 0.29609375 0.2962890625
2 0.171875 0.64140625 0.24375 0.478125
2 0.3375 0.8390625 0.175 0.3158203125
1 0.7984375 0.33046875 0.065625 0.116796875
2 0.9453125 0.3609375 0.096875 0.31015625
3 0.9265625 0.8796875 0.146875 0.175
0 0.0296875 0.61328125 0.059375 0.1171875
1 0.328125 0.35859375 0.065625 0.1169921875
1 0.0953125 0.08046875 0.0625 0.1109375