3 0.784375 0.503125 0.08125 0.1439453125
0 0.8703125 0.503125 0.09375 0.166015625
3 0.7 0.353125 0.28125 0.2814453125
2 0.04609375 0.77109375 0.0921875 0.1421875
2 0.2328125 0.503125 0.228125 0.2341796875
0 0.71875 0.20546875 0.121875 0.2169921875
3 0.7796875 0.90546875 0.10859375 0.1087890625
0 0.6296875 0.7609375 0.15625 0.15625
3 0.9484375 0.74921875 0.103125 0.1578125
2 0.396875 0.34453125 0.153125 0.371875
3 0.4046875 0.478125 0.2265625 0.2267578125
0 0.059375 0.21328125 0.11875 0.1671875
2 0.07421875 0.14140625 0.1484375 0.1921875
0 0.6390625 0.89453125 0.115625 0.2048828125
3 0.971875 0.490625 0.05625 0.090625
3 0.08671875 0.33828125 0.1734375 0.1796875