0 0.93125 0.88359375 0.128125 0.228125
1 0.14375 0.75859375 0.08125 0.14453125
3 0.0671875 0.20546875 0.109375 0.121875
3 0.0296875 0.75859375 0.059375 0.128125
3 0.5359375 0.4859375 0.265625 0.18359375
1 0.4546875 0.903125 0.084375 0.15
1 0.3015625 0.478125 0.078125 0.1390625
2 0.54375 0.20859375 0.0875 0.228125
0 0.9265625 0.1140625 0.125 0.221875
3 0.7796875 0.9 0.1 0.028125
1 0.0734375 0.89453125 0.078125 0.1390625
3 0.153125 0.63359375 0.225 0.14453125
3 0.1015625 0.6140625 0.203125 0.171875
3 0.7671875 0.60859375 0.175 0.1109375
1 0.0609375 0.35 0.084375 0.15
3 0.3796875 0.34140625 0.084375 0.1390625