1 0.7125 0.225 0.075 0.1341796875
3 0.48125 0.20859375 0.25625 0.25625
0 0.9734375 0.35234375 0.053125 0.0921875
2 0.246875 0.84453125 0.21328125 0.2134765625
0 0.3359375 0.33359375 0.1375 0.244921875
1 0.33125 0.91953125 0.12109375 0.1212890625
0 0.06484375 0.62109375 0.1296875 0.1734375
0 0.4140625 0.496875 0.14375 0.2560546875
1 0.321875 0.21953125 0.12578125 0.12578125
0 0.2546875 0.4890625 0.16875 0.1689453125
2 0.415625 0.16640625 0.234375 0.234375
0 0.090625 0.90859375 0.096875 0.171875
1 0.4875 0.35 0.0953125 0.0953125
1 0.1796875 0.6109375 0.1046875 0.104296875
1 0.321875 0.4859375 0.0828125 0.0826171875
3 0.0953125 0.1140625 0.15625 0.15625
2 0.94765625 0.50234375 0.1046875 0.1390625
2 0.571875 0.4859375 0.3546875 0.3546875