0 0.265625 0.0859375 0.1296875 0.1298828125
1 0.6609375 0.20859375 0.075 0.133203125
0 0.5875 0.61640625 0.1390625 0.1390625
3 0.66875 0.903125 0.1109375 0.11171875
3 0.5765625 0.8859375 0.13125 0.221875
0 0.2625 0.871875 0.140625 0.25
0 0.3546875 0.771875 0.11875 0.212109375
2 0.8234375 0.48359375 0.26640625 0.266796875
1 0.815625 0.2109375 0.109375 0.108984375
0 0.8203125 0.61640625 0.1953125 0.1953125
3 0.9015625 0.88046875 0.18515625 0.1853515625
3 0.1140625 0.19453125 0.20234375 0.2025390625
0 0.053125 0.89921875 0.10625 0.1234375
1 0.659375 0.0890625 0.134375 0.134375