0 0.790625 0.0859375 0.1296875 0.130078125
1 0.165625 0.35 0.0828125 0.0826171875
0 0.2515625 0.471875 0.2 0.1998046875
2 0.246875 0.771875 0.2234375 0.2234375
3 0.409375 0.7609375 0.178125 0.1
0 0.7875 0.871875 0.1953125 0.1953125
0 0.3359375 0.903125 0.134375 0.134375
0 0.8796875 0.771875 0.165625 0.16484375
0 0.2578125 0.61640625 0.1390625 0.1390625
3 0.325 0.503125 0.25625 0.25625
3 0.0578125 0.46875 0.115625 0.196875
3 0.0515625 0.153125 0.103125 0.16875
0 0.09375 0.90546875 0.14296875 0.143359375
3 0.1671875 0.1359375 0.1625 0.2658203125
3 0.6390625 0.19453125 0.20234375 0.202734375
0 0.5671875 0.9 0.1265625 0.126171875