1 0.4359375 0.49453125 0.13046875 0.1302734375
3 0.1953125 0.20859375 0.128125 0.2169921875
1 0.2015625 0.49140625 0.065625 0.1169921875
2 0.2796875 0.228125 0.284375 0.284375
0 0.74375 0.503125 0.14375 0.1435546875
3 0.9921875 0.6390625 0.015625 0.2158203125
3 0.4328125 0.08359375 0.12734375 0.12734375
1 0.109375 0.775 0.08125 0.1439453125
3 0.65625 0.771875 0.1015625 0.101953125
2 0.584375 0.75546875 0.23046875 0.23046875
0 0.41875 0.225 0.096875 0.171875
3 0.8234375 0.19140625 0.140625 0.255078125
1 0.2671875 0.61953125 0.12109375 0.1212890625
0 0.0421875 0.36015625 0.084375 0.1390625
2 0.659375 0.228125 0.2953125 0.2953125
0 0.05390625 0.50234375 0.1078125 0.1359375