0 0.4015625 0.76953125 0.12578125 0.12578125
3 0.94453125 0.34609375 0.1109375 0.1703125
1 0.096875 0.0640625 0.090625 0.0908203125
2 0.7984375 0.3390625 0.128125 0.55
0 0.4859375 0.203125 0.128125 0.228125
3 0.6421875 0.8859375 0.165625 0.165625
1 0.03046875 0.89609375 0.0609375 0.0828125
0 0.5671875 0.34453125 0.115625 0.2048828125
3 0.8 0.46953125 0.328125 0.328125
1 0.728125 0.21953125 0.0875 0.1548828125
3 0.1796875 0.496875 0.11875 0.212109375
3 0.7890625 0.6359375 0.1734375 0.1734375
1 0.6328125 0.625 0.09375 0.1658203125
2 0.05703125 0.77421875 0.1140625 0.1828125
3 0.05546875 0.61328125 0.1109375 0.1328125
1 0.953125 0.4890625 0.0625 0.109765625
0 0.478125 0.4859375 0.134375 0.134375
0 0.64375 0.34140625 0.13125 0.233203125
1 0.7265625 0.771875 0.1 0.1