3 0.434375 0.503125 0.1125 0.1126953125
0 0.5203125 0.503125 0.1296875 0.130078125
2 0.9109375 0.19921875 0.178125 0.2296875
3 0.35 0.353125 0.196875 0.3658203125
0 0.896875 0.1109375 0.121875 0.216015625
0 0.36875 0.20546875 0.16953125 0.169140625
3 0.4296875 0.90546875 0.084375 0.133203125
0 0.2796875 0.7609375 0.1125 0.2
3 0.66875 0.75 0.2 0.2
2 0.0921875 0.34375 0.184375 0.246875
1 0.9125 0.625 0.059375 0.1060546875
3 0.08671875 0.47734375 0.1734375 0.2140625
3 0.98046875 0.91328125 0.0390625 0.0671875
1 0.9125 0.2 0.0625 0.112109375
0 0.2890625 0.89453125 0.115625 0.205078125
3 0.6703125 0.49140625 0.12109375 0.1212890625
1 0.915625 0.903125 0.0875 0.155859375
2 0.81875 0.61640625 0.125 0.15