1 0.4359375 0.49453125 0.09375 0.16640625
3 0.1953125 0.20859375 0.128125 0.21640625
1 0.2015625 0.49140625 0.065625 0.11640625
2 0.2796875 0.228125 0.11875 0.45
0 0.74375 0.503125 0.103125 0.18359375
3 0.9921875 0.6390625 0.015625 0.21640625
3 0.4328125 0.08359375 0.09375 0.1609375
1 0.109375 0.775 0.08125 0.14453125
3 0.65625 0.771875 0.0375 0.16640625
2 0.584375 0.75546875 0.1 0.3609375
0 0.41875 0.225 0.096875 0.171875
3 0.8234375 0.19140625 0.140625 0.25546875
1 0.2671875 0.61953125 0.0875 0.15546875
0 0.01484375 0.3609375 0.0296875 0.25
2 0.659375 0.228125 0.140625 0.45
0 0.04140625 0.503125 0.0828125 0.1890625