1 0.340625 0.621875 0.075 0.13359375
1 0.3375 0.0859375 0.059375 0.10546875
0 0.646875 0.88046875 0.13125 0.23359375
3 0.721875 0.49453125 0.1125 0.20546875
2 0.1765625 0.6140625 0.115625 0.20546875
0 0.4078125 0.196875 0.109375 0.19453125
3 0.8765625 0.11953125 0.171875 0.23359375
1 0.4875 0.21640625 0.08125 0.14453125
2 0.04140625 0.6140625 0.0828125 0.2890625
3 0.9875 0.746875 0.025 0.2
3 0.4171875 0.33359375 0.11875 0.19453125
3 0.73125 0.753125 0.08125 0.1390625
0 0.096875 0.3640625 0.090625 0.1609375
2 0.8109375 0.803125 0.146875 0.3890625
0 0.4109375 0.625 0.1125 0.2
1 0.25 0.8859375 0.078125 0.1390625