2 0.759375 0.6140625 0.1796875 0.179296875
2 0.5296875 0.496875 0.1796875 0.1798828125
1 0.3703125 0.46953125 0.065625 0.1169921875
3 0.89140625 0.1796875 0.2171875 0.2625
1 0.446875 0.19140625 0.11328125 0.1130859375
2 0.07109375 0.4828125 0.1421875 0.23125
3 0.95703125 0.22421875 0.0859375 0.1703125
1 0.36875 0.35546875 0.1171875 0.1171875
1 0.02578125 0.2109375 0.0515625 0.08125
1 0.621875 0.3640625 0.078125 0.140234375
0 0.053125 0.61640625 0.10625 0.1546875
2 0.76875 0.1 0.15 0.1939453125
3 0.0703125 0.88046875 0.1375 0.2330078125
3 0.85 0.20546875 0.20234375 0.20234375
0 0.6046875 0.13046875 0.14375 0.2548828125
2 0.5359375 0.34453125 0.18515625 0.18515625