1 0.078125 0.621875 0.075 0.1341796875
1 0.075 0.0859375 0.0828125 0.0826171875
0 0.384375 0.88046875 0.18203125 0.182421875
3 0.459375 0.49453125 0.15859375 0.158984375
3 0.953125 0.6328125 0.09375 0.175
0 0.1453125 0.196875 0.1515625 0.1517578125
3 0.6140625 0.11953125 0.20234375 0.2025390625
1 0.225 0.21640625 0.08125 0.144921875
3 0.76875 0.746875 0.15625 0.15625
3 0.1546875 0.33359375 0.11875 0.1951171875
3 0.46875 0.753125 0.08125 0.13828125
2 0.5484375 0.803125 0.2671875 0.267578125
0 0.1484375 0.625 0.15625 0.15625
1 0.02734375 0.88515625 0.0546875 0.0828125