3 0.6671875 0.90546875 0.140625 0.18359375
3 0.440625 0.771875 0.109375 0.19453125
2 0.2921875 0.61640625 0.1375 0.21640625
1 0.0484375 0.628125 0.09375 0.16640625
2 0.834375 0.3640625 0.153125 0.271875
0 0.515625 0.49140625 0.140625 0.25
1 0.4453125 0.621875 0.078125 0.1390625
0 0.96484375 0.353125 0.0703125 0.1890625
2 0.759375 0.18046875 0.26875 0.35546875
2 0.96796875 0.63359375 0.0640625 0.2
1 0.28125 0.771875 0.096875 0.171875
3 0.13125 0.796875 0.215625 0.4
2 0.4328125 0.1 0.115625 0.19453125
1 0.5984375 0.6390625 0.08125 0.14453125
1 0.3671875 0.3640625 0.075 0.13359375
2 0.5203125 0.296875 0.2625 0.5890625