1 0.97578125 0.22421875 0.0484375 0.0765625
2 0.1296875 0.49375 0.259375 0.290625
0 0.1703125 0.8859375 0.121875 0.1216796875
2 0.084375 0.778125 0.16875 0.2560546875
3 0.1625 0.771875 0.1984375 0.1986328125
3 0.7875 0.20859375 0.25625 0.25625
1 0.1640625 0.0859375 0.1296875 0.1298828125
2 0.553125 0.84453125 0.21328125 0.2134765625
0 0.6421875 0.33359375 0.19140625 0.1912109375
1 0.6375 0.91953125 0.12109375 0.121484375
0 0.31875 0.621875 0.2046875 0.204296875
0 0.7203125 0.496875 0.14375 0.2560546875
1 0.628125 0.21953125 0.090625 0.1609375
0 0.240625 0.3359375 0.1609375 0.1607421875
2 0.0984375 0.6359375 0.196875 0.321875
3 0.2453125 0.746875 0.1453125 0.1453125
0 0.5609375 0.4890625 0.16875 0.1689453125
2 0.721875 0.16640625 0.140625 0.328125
0 0.396875 0.90859375 0.134375 0.134375
1 0.79375 0.35 0.0953125 0.0953125
1 0.0875 0.625 0.096875 0.171875
1 0.4859375 0.6109375 0.1046875 0.1044921875
1 0.628125 0.4859375 0.0828125 0.0826171875
2 0.0921875 0.7890625 0.184375 0.416015625
2 0.05390625 0.80234375 0.1078125 0.2015625
0 0.2390625 0.2109375 0.15625 0.15625
3 0.4015625 0.1140625 0.15625 0.15625
2 0.85 0.48515625 0.3 0.3546875