0 0.221875 0.0859375 0.09375 0.1658203125
1 0.6171875 0.20859375 0.10390625 0.1041015625
0 0.54375 0.61640625 0.1390625 0.1390625
3 0.625 0.903125 0.1109375 0.111328125
3 0.5328125 0.8859375 0.13125 0.221875
0 0.21875 0.871875 0.1953125 0.1953125
0 0.3109375 0.771875 0.11875 0.212109375
2 0.7796875 0.48359375 0.128125 0.4048828125
1 0.771875 0.2109375 0.109375 0.108984375
0 0.7765625 0.61640625 0.1953125 0.1953125
3 0.8578125 0.88046875 0.1375 0.2330078125
3 0.0859375 0.19375 0.171875 0.2
0 0.03671875 0.89921875 0.0734375 0.1015625
1 0.615625 0.0890625 0.134375 0.134375