1 0.428125 0.621875 0.075 0.133984375
1 0.425 0.0859375 0.0828125 0.0826171875
0 0.734375 0.88046875 0.13125 0.2330078125
3 0.809375 0.49453125 0.15859375 0.1587890625
2 0.2640625 0.6140625 0.1609375 0.1607421875
0 0.4953125 0.196875 0.1515625 0.1517578125
3 0.925 0.11875 0.15 0.178125
1 0.575 0.21640625 0.08125 0.1451171875
2 0.1046875 0.61328125 0.209375 0.2109375
3 0.5046875 0.33359375 0.15703125 0.1568359375
0 0.00703125 0.75 0.0140625 0.237890625
3 0.81875 0.753125 0.109375 0.109765625
0 0.184375 0.3640625 0.090625 0.159765625
2 0.8984375 0.803125 0.146875 0.387890625
0 0.4984375 0.625 0.15625 0.15625
1 0.3375 0.8859375 0.109375 0.10859375