3 0.834375 0.178125 0.21875 0.35
1 0.9140625 0.0890625 0.096875 0.171875
0 0.3765625 0.33046875 0.178125 0.178125
3 0.3703125 0.203125 0.2890625 0.288671875
2 0.7578125 0.24453125 0.35859375 0.3587890625
3 0.93359375 0.14375 0.1328125 0.184375
1 0.2921875 0.771875 0.065625 0.1158203125
0 0.459375 0.4859375 0.14375 0.1435546875
0 0.0484375 0.2078125 0.096875 0.14375
3 0.94765625 0.86015625 0.1046875 0.1609375
1 0.540625 0.75546875 0.078125 0.1390625
3 0.6953125 0.121875 0.1796875 0.180078125
0 0.95 0.4828125 0.1 0.1375