2 0.6015625 0.75 0.128125 0.16640625
3 0.9109375 0.9109375 0.096875 0.171875
0 0.834375 0.878125 0.134375 0.2390625
2 0.68125 0.196875 0.084375 0.3890625
2 0.2125 0.75859375 0.2125 0.40546875
3 0.20625 0.63046875 0.06875 0.128125
0 0.9109375 0.49453125 0.10625 0.1890625
3 0.1296875 0.20859375 0.2 0.29453125
1 0.01171875 0.61640625 0.0234375 0.1609375
2 0.8859375 0.14140625 0.228125 0.278125
3 0.96328125 0.11640625 0.0734375 0.228125
2 0.225 0.4890625 0.140625 0.28359375
1 0.97734375 0.4890625 0.0453125 0.128125
0 0.834375 0.35546875 0.09375 0.16640625
2 0.2890625 0.6140625 0.159375 0.21640625
3 0.6078125 0.61953125 0.134375 0.2109375