3 0.665625 0.36640625 0.31875 0.728125
2 0.2765625 0.225 0.125 0.4439453125
2 0.13046875 0.496875 0.2609375 0.328125
2 0.8734375 0.16875 0.253125 0.278125
2 0.08359375 0.7328125 0.1671875 0.2875
2 0.51875 0.76640625 0.121875 0.3890625
3 0.4296875 0.46953125 0.25 0.3330078125
0 0.1234375 0.746875 0.190625 0.1908203125
0 0.3484375 0.20546875 0.12109375 0.121484375
3 0.00078125 0.4890625 0.0015625 0.166015625
0 0.3546875 0.3359375 0.1828125 0.1826171875
0 0.009375 0.621875 0.01875 0.162109375
0 0.05625 0.08515625 0.1125 0.1296875
1 0.5953125 0.21640625 0.11328125 0.1130859375
3 0.275 0.61953125 0.1203125 0.1203125
3 0.1203125 0.1359375 0.1703125 0.170703125
3 0.434375 0.18046875 0.27734375 0.2775390625
3 0.06015625 0.48515625 0.1203125 0.1265625
1 0.671875 0.475 0.0953125 0.0953125
2 0.7515625 0.2140625 0.21875 0.2189453125
2 0.03359375 0.34453125 0.0671875 0.1046875
3 0.053125 0.63515625 0.10625 0.1234375
0 0.275 0.0890625 0.096875 0.171875
2 0.3546875 0.8859375 0.1671875 0.167578125