3 0.440625 0.178125 0.284375 0.284375
1 0.5203125 0.0890625 0.134375 0.134375
0 0.0234375 0.33046875 0.046875 0.228125
3 0.0765625 0.20234375 0.153125 0.2234375
2 0.3640625 0.24453125 0.35859375 0.358984375
3 0.6015625 0.14453125 0.21953125 0.219921875
0 0.065625 0.4859375 0.103125 0.183984375
1 0.7546875 0.20546875 0.0875 0.155078125
3 0.6125 0.8609375 0.109375 0.271875
2 0.9375 0.23515625 0.125 0.2390625
1 0.146875 0.75546875 0.10859375 0.10859375
3 0.3015625 0.121875 0.1796875 0.180078125
0 0.603125 0.48359375 0.16484375 0.16484375