0 0.2265625 0.771875 0.165625 0.165234375
2 0.96640625 0.496875 0.0671875 0.378125
1 0.06875 0.34140625 0.11328125 0.112890625
2 0.9765625 0.88046875 0.046875 0.233203125
2 0.92734375 0.35 0.1453125 0.25625
1 0.4625 0.90546875 0.09375 0.1669921875
0 0.6125 0.8859375 0.134375 0.134375
0 0.1546875 0.103125 0.15625 0.15625
2 0.4640625 0.48046875 0.34296875 0.343359375
2 0.4609375 0.1109375 0.240625 0.2158203125
2 0.3859375 0.61640625 0.171875 0.228125
2 0.8796875 0.36875 0.240625 0.40625
0 0.46875 0.196875 0.190625 0.1908203125
0 0.6859375 0.8890625 0.11875 0.209765625
3 0.6953125 0.34453125 0.09921875 0.098828125
2 0.15078125 0.71640625 0.3015625 0.5609375
0 0.0734375 0.0890625 0.096875 0.171875
2 0.21875 0.2140625 0.24375 0.244140625
1 0.034375 0.19921875 0.06875 0.0953125
3 0.6125 0.775 0.190625 0.337890625
2 0.85625 0.49140625 0.11875 0.4109375
3 0.9703125 0.75546875 0.059375 0.1451171875