2 0.5375 0.503125 0.10625 0.271875
3 0.925 0.09140625 0.06875 0.178125
3 0.453125 0.21640625 0.1625 0.2890625
0 0.928125 0.75546875 0.115625 0.20546875
1 0.2140625 0.64140625 0.075 0.13359375
2 0.2265625 0.196875 0.165625 0.3890625
1 0.2875 0.4890625 0.065625 0.11640625
1 0.1390625 0.3390625 0.059375 0.10546875
3 0.4484375 0.46953125 0.075 0.13359375
1 0.53125 0.078125 0.084375 0.15
3 0.534375 0.34453125 0.290625 0.221875
1 0.8484375 0.35546875 0.065625 0.11640625
2 0.1453125 0.35 0.290625 0.4390625
3 0.7609375 0.64140625 0.071875 0.13359375
2 0.9234375 0.35 0.121875 0.2390625
2 0.7671875 0.153125 0.090625 0.3
2 0.60625 0.75859375 0.175 0.34453125
2 0.134375 0.221875 0.26875 0.24453125
1 0.6796875 0.903125 0.084375 0.15
0 0.9671875 0.203125 0.065625 0.24453125
1 0.7734375 0.2109375 0.084375 0.15