3 0.06171875 0.19921875 0.1234375 0.2140625
2 0.3109375 0.49453125 0.31328125 0.3134765625
0 0.3890625 0.8859375 0.121875 0.1216796875
2 0.3015625 0.778125 0.171875 0.2560546875
3 0.38125 0.771875 0.153125 0.2439453125
3 0.91953125 0.2078125 0.1609375 0.18125
1 0.3828125 0.0859375 0.1296875 0.1298828125
2 0.771875 0.84453125 0.121875 0.3048828125
0 0.8609375 0.33359375 0.19140625 0.1912109375
1 0.85625 0.91953125 0.12109375 0.121484375
2 0.0671875 0.21328125 0.134375 0.1546875
0 0.5375 0.621875 0.146875 0.26171875
0 0.91796875 0.49609375 0.1640625 0.1953125
1 0.846875 0.21953125 0.12578125 0.12578125
0 0.459375 0.3359375 0.115625 0.205859375
0 0.078125 0.6390625 0.096875 0.171875
2 0.18046875 0.6359375 0.3609375 0.43125
3 0.4640625 0.746875 0.1453125 0.1453125
0 0.7796875 0.4890625 0.16875 0.169140625
2 0.91015625 0.165625 0.1796875 0.228125
0 0.615625 0.90859375 0.134375 0.134375
1 0.9765625 0.35 0.046875 0.071875
1 0.30625 0.625 0.134375 0.134375
1 0.7046875 0.6109375 0.075 0.133984375
1 0.846875 0.4859375 0.059375 0.1060546875
2 0.3046875 0.7890625 0.30625 0.3064453125
2 0.1359375 0.80234375 0.271875 0.3109375
0 0.4578125 0.2109375 0.15625 0.15625
3 0.6203125 0.1140625 0.15625 0.15625