1 0.5625 0.2140625 0.109375 0.108984375
1 0.2328125 0.75859375 0.08125 0.1451171875
2 0.625 0.70546875 0.303125 0.583203125
3 0.7046875 0.221875 0.10625 0.437890625
2 0.7953125 0.60859375 0.2640625 0.2640625
0 0.465625 0.88046875 0.18203125 0.1822265625
1 0.9390625 0.60859375 0.0953125 0.0953125
3 0.08359375 0.1796875 0.1671875 0.23125
3 0.93984375 0.215625 0.1203125 0.1375
3 0.7078125 0.48359375 0.1609375 0.1609375
3 0.1640625 0.225 0.16875 0.337890625
1 0.4046875 0.6359375 0.071875 0.128125
0 0.3265625 0.46953125 0.125 0.221875
1 0.1671875 0.0859375 0.1296875 0.1298828125
0 0.546875 0.7609375 0.1734375 0.1734375
3 0.471875 0.7609375 0.1765625 0.1767578125
0 0.1546875 0.3640625 0.10625 0.18984375
0 0.48125 0.48046875 0.14765625 0.14765625
3 0.2453125 0.153125 0.246875 0.246875
3 0.0265625 0.20546875 0.053125 0.1609375
1 0.621875 0.05859375 0.08671875 0.08671875