0 0.6171875 0.76640625 0.090625 0.1609375
0 0.8453125 0.09140625 0.1 0.178125
2 0.03515625 0.60859375 0.0703125 0.228125
3 0.99609375 0.8859375 0.0078125 0.221875
1 0.0640625 0.60859375 0.06875 0.121875
2 0.99609375 0.478125 0.0078125 0.25546875
3 0.6203125 0.63046875 0.075 0.16640625
3 0.7625 0.33359375 0.2 0.2109375
2 0.9796875 0.33046875 0.040625 0.1609375
3 0.078125 0.21640625 0.109375 0.171875
2 0.7765625 0.6359375 0.13125 0.5890625
3 0.90703125 0.771875 0.1859375 0.29453125
0 0.9265625 0.103125 0.1125 0.2
3 0.8484375 0.6359375 0.05625 0.271875
2 0.303125 0.2140625 0.1375 0.421875
3 0.97109375 0.64140625 0.0578125 0.24453125