0 0.05546875 0.771875 0.1109375 0.2109375
2 0.87890625 0.496875 0.2421875 0.378125
2 0.83125 0.88046875 0.10625 0.23359375
2 0.8953125 0.35 0.209375 0.478125
1 0.2875 0.90546875 0.09375 0.16640625
0 0.4375 0.8859375 0.096875 0.171875
0 0.01796875 0.103125 0.0359375 0.2
2 0.2890625 0.48046875 0.203125 0.48359375
2 0.2859375 0.1109375 0.240625 0.21640625
2 0.2109375 0.61640625 0.171875 0.228125
2 0.8359375 0.36953125 0.175 0.73359375
0 0.29375 0.196875 0.1375 0.24453125
0 0.5109375 0.8890625 0.11875 0.2109375
3 0.5203125 0.34453125 0.053125 0.14453125
2 0.06328125 0.71640625 0.1265625 0.5609375
2 0.06640625 0.2140625 0.1328125 0.3109375
3 0.4375 0.775 0.190625 0.3390625
2 0.68125 0.49140625 0.11875 0.4109375
2 0.9109375 0.64140625 0.128125 0.3390625
3 0.83125 0.75546875 0.13125 0.14453125