3 0.4734375 0.771875 0.1765625 0.1765625
3 0.99765625 0.128125 0.0046875 0.25
0 0.31875 0.88359375 0.178125 0.178125
1 0.940625 0.62734375 0.11875 0.1265625
1 0.4796875 0.475 0.1296875 0.1298828125
0 0.7796875 0.88046875 0.18203125 0.1822265625
3 0.04375 0.48515625 0.0875 0.1203125
1 0.55625 0.4890625 0.109375 0.108984375
0 0.7 0.78046875 0.16484375 0.16484375
0 0.3140625 0.1140625 0.125 0.221875
3 0.1671875 0.9 0.0640625 0.0640625
0 0.9296875 0.13046875 0.140625 0.2548828125
2 0.784375 0.64140625 0.3609375 0.3609375
2 0.90859375 0.83828125 0.1828125 0.2265625
3 0.1546875 0.60859375 0.175 0.1109375
0 0.553125 0.6140625 0.178125 0.178125
1 0.940625 0.35859375 0.09140625 0.091015625
1 0.7078125 0.08046875 0.08671875 0.08671875