0 0.6671875 0.33359375 0.140625 0.25
0 0.05546875 0.765625 0.1109375 0.125
0 0.2765625 0.09140625 0.1390625 0.1390625
3 0.51875 0.8859375 0.20625 0.20625
2 0.7421875 0.771875 0.0875 0.2439453125
2 0.5234375 0.478125 0.2 0.2560546875
3 0.0515625 0.63046875 0.075 0.166796875
2 0.93125 0.503125 0.1375 0.2341796875
2 0.5875 0.76953125 0.16875 0.16875
0 0.509375 0.08359375 0.090625 0.1609375
3 0.19375 0.33359375 0.20546875 0.20546875
2 0.4296875 0.33046875 0.078125 0.1609375
2 0.2078125 0.6359375 0.13125 0.590234375
3 0.590625 0.20546875 0.15625 0.271875
3 0.3609375 0.771875 0.23125 0.294140625
0 0.3578125 0.103125 0.15625 0.15625
3 0.2796875 0.6359375 0.05625 0.271875
0 0.7421875 0.2140625 0.203125 0.203515625
2 0.7515625 0.14140625 0.2375 0.2375
3 0.4359375 0.64140625 0.18515625 0.184765625
3 0.8265625 0.3390625 0.18125 0.180859375