1 0.0046875 0.33359375 0.009375 0.1109375
0 0.94765625 0.62109375 0.1046875 0.1484375
0 0.6828125 0.128125 0.140625 0.25
1 0.02890625 0.90546875 0.0578125 0.0890625
0 0.96171875 0.36015625 0.0765625 0.1046875
3 0.54375 0.1109375 0.190625 0.191015625
1 0.1484375 0.35546875 0.13046875 0.1302734375
2 0.16328125 0.3046875 0.3265625 0.375
1 0.3796875 0.7640625 0.125 0.125390625
3 0.446875 0.35859375 0.08203125 0.0822265625
2 0.834375 0.62421875 0.33125 0.3546875
0 0.765625 0.21953125 0.15625 0.15625
0 0.0640625 0.2078125 0.128125 0.14375
2 0.30625 0.225 0.31875 0.3189453125
3 0.921875 0.20546875 0.071875 0.4048828125
3 0.61875 0.09453125 0.084375 0.183203125
1 0.69375 0.63359375 0.12578125 0.12578125
1 0.7609375 0.896875 0.1125 0.1126953125