2 0.7734375 0.496875 0.3359375 0.3359375
2 0.94453125 0.19921875 0.1109375 0.1515625
2 0.7 0.88046875 0.10625 0.2330078125
2 0.784375 0.35 0.3640625 0.3640625
1 0.15625 0.90546875 0.09375 0.1669921875
0 0.30625 0.8859375 0.134375 0.134375
2 0.1640625 0.4796875 0.328125 0.34375
2 0.1546875 0.1125 0.228125 0.225
2 0.090625 0.615625 0.18125 0.196875
2 0.9328125 0.8046875 0.134375 0.215625
2 0.7046875 0.36953125 0.175 0.7330078125
0 0.1625 0.196875 0.1375 0.244140625
0 0.3796875 0.8890625 0.1640625 0.164453125
3 0.3890625 0.34453125 0.053125 0.144921875
2 0.0390625 0.21328125 0.078125 0.1546875
3 0.30625 0.775 0.190625 0.337890625
2 0.55 0.49140625 0.26484375 0.26484375
3 0.93828125 0.4796875 0.1234375 0.171875
2 0.7796875 0.64140625 0.128125 0.3390625
3 0.7 0.75546875 0.13828125 0.137890625