3 0.534375 0.36640625 0.5234375 0.5234375
2 0.1453125 0.225 0.284375 0.2845703125
2 0.0890625 0.49609375 0.178125 0.2296875
2 0.7671875 0.16953125 0.28984375 0.2900390625
2 0.3875 0.76640625 0.25546875 0.25546875
3 0.2984375 0.46953125 0.25 0.333203125
0 0.053125 0.74609375 0.10625 0.1515625
0 0.2171875 0.20546875 0.12109375 0.121484375
0 0.2234375 0.3359375 0.1828125 0.182421875
1 0.4640625 0.21640625 0.11328125 0.1130859375
3 0.14375 0.61953125 0.1203125 0.1203125
3 0.01328125 0.1359375 0.0265625 0.266015625
3 0.303125 0.18046875 0.2 0.355078125
1 0.540625 0.475 0.0953125 0.0953125
2 0.6203125 0.2140625 0.21875 0.2189453125
0 0.14375 0.0890625 0.096875 0.171875
2 0.2234375 0.8859375 0.1671875 0.167578125
2 0.903125 0.340625 0.19375 0.2875