3 0.4984375 0.346875 0.14375 0.29453125
1 0.809375 0.33359375 0.0625 0.1109375
2 0.2734375 0.3390625 0.128125 0.55
0 0.0125 0.203125 0.025 0.228125
3 0.1171875 0.8859375 0.109375 0.221875
1 0.8171875 0.90546875 0.084375 0.15
0 0.05 0.34453125 0.1 0.20546875
1 0.96640625 0.35546875 0.0671875 0.16640625
2 0.9484375 0.30546875 0.103125 0.60546875
3 0.275 0.46953125 0.234375 0.421875
1 0.203125 0.21953125 0.0875 0.15546875
3 0.2640625 0.6359375 0.146875 0.2
1 0.1078125 0.625 0.09375 0.16640625
2 0.7328125 0.3390625 0.196875 0.25
1 0.428125 0.4890625 0.0625 0.1109375
0 0.8890625 0.20859375 0.103125 0.18359375
0 0.00078125 0.4859375 0.0015625 0.171875
0 0.7375 0.2 0.140625 0.25
0 0.11875 0.34140625 0.13125 0.23359375
1 0.2015625 0.771875 0.071875 0.128125