2 0.58125 0.503125 0.1890625 0.1890625
3 0.953125 0.090625 0.09375 0.121875
3 0.496875 0.21640625 0.22578125 0.22578125
0 0.9421875 0.7546875 0.115625 0.146875
1 0.2578125 0.64140625 0.075 0.1330078125
2 0.2703125 0.196875 0.165625 0.387890625
1 0.33125 0.4890625 0.090625 0.0908203125
1 0.1828125 0.3390625 0.059375 0.1060546875
3 0.4921875 0.46953125 0.075 0.1330078125
1 0.575 0.078125 0.1171875 0.1171875
3 0.578125 0.34453125 0.290625 0.221875
1 0.8921875 0.35546875 0.065625 0.1169921875
2 0.1796875 0.34921875 0.359375 0.3859375
3 0.8046875 0.64140625 0.071875 0.133203125
2 0.953125 0.35 0.09375 0.237890625
2 0.8109375 0.153125 0.1953125 0.1953125
2 0.65 0.75859375 0.175 0.3451171875
2 0.178125 0.221875 0.25625 0.256640625
1 0.7234375 0.903125 0.1171875 0.1171875
0 0.9609375 0.20234375 0.078125 0.1328125
1 0.8171875 0.2109375 0.084375 0.15