2 0.9234375 0.496875 0.115625 0.2439453125
1 0.2234375 0.20859375 0.10390625 0.1041015625
0 0.15 0.61640625 0.1390625 0.1390625
1 0.7640625 0.46953125 0.065625 0.116796875
3 0.23125 0.903125 0.1109375 0.111328125
3 0.1390625 0.8859375 0.13125 0.221875
1 0.840625 0.19140625 0.08125 0.1451171875
2 0.3859375 0.48359375 0.26640625 0.2666015625
1 0.7625 0.35546875 0.1171875 0.1171875
1 0.378125 0.2109375 0.078125 0.140234375
1 0.9734375 0.36328125 0.053125 0.0828125
0 0.3828125 0.61640625 0.1953125 0.1953125
3 0.4640625 0.88046875 0.1375 0.2330078125
0 0.96328125 0.13046875 0.0734375 0.2548828125
2 0.91796875 0.34375 0.1640625 0.184375
1 0.221875 0.0890625 0.096875 0.171875