2 0.0109375 0.503125 0.021875 0.271875
0 0.97265625 0.77109375 0.0546875 0.1078125
3 0.35625 0.09140625 0.1234375 0.1234375
1 0.9 0.34140625 0.08125 0.1451171875
0 0.359375 0.75546875 0.115625 0.2048828125
1 0.59375 0.91640625 0.06875 0.121875
1 0.00234375 0.078125 0.0046875 0.15
3 0.06875 0.34375 0.1375 0.165625
1 0.2796875 0.35546875 0.09140625 0.0912109375
0 0.9484375 0.10234375 0.103125 0.1359375
3 0.1921875 0.64140625 0.10234375 0.1025390625
2 0.3546875 0.35 0.1796875 0.180078125
2 0.1984375 0.153125 0.1953125 0.1953125
0 0.5796875 0.09140625 0.1 0.178125
3 0.584375 0.20546875 0.0625 0.2890625
2 0.0625 0.75859375 0.125 0.344921875
1 0.1109375 0.903125 0.1171875 0.1171875
0 0.434375 0.203125 0.190625 0.1908203125
2 0.91171875 0.71640625 0.1765625 0.5609375
0 0.66875 0.21640625 0.096875 0.171875
0 0.9046875 0.0890625 0.134375 0.134375
2 0.98046875 0.2140625 0.0390625 0.31015625
1 0.2046875 0.2109375 0.084375 0.15
1 0.83125 0.2 0.1171875 0.1171875