1 0.3046875 0.49453125 0.09375 0.16640625
3 0.0640625 0.20859375 0.128125 0.21640625
1 0.0703125 0.49140625 0.065625 0.11640625
2 0.1484375 0.228125 0.11875 0.45
1 0.97890625 0.775 0.0421875 0.11640625
0 0.6125 0.503125 0.103125 0.18359375
3 0.9140625 0.6390625 0.121875 0.21640625
3 0.3015625 0.08359375 0.09375 0.1609375
1 0.009375 0.775 0.01875 0.14453125
3 0.525 0.771875 0.0375 0.16640625
2 0.453125 0.75546875 0.1 0.3609375
3 0.95078125 0.2140625 0.0984375 0.35
0 0.2875 0.225 0.096875 0.171875
1 0.98203125 0.61953125 0.0359375 0.11640625
3 0.6921875 0.19140625 0.140625 0.25546875
1 0.1359375 0.61953125 0.0875 0.15546875
2 0.528125 0.228125 0.140625 0.45