0 0.0953125 0.196875 0.13125 0.23359375
3 0.184375 0.2 0.225 0.39453125
2 0.5734375 0.49453125 0.271875 0.35546875
0 0.6515625 0.8859375 0.0875 0.15546875
2 0.5640625 0.778125 0.171875 0.25546875
3 0.64375 0.771875 0.153125 0.24453125
2 0.1109375 0.85 0.203125 0.29453125
1 0.6453125 0.0859375 0.09375 0.16640625
2 0.98671875 0.84453125 0.0265625 0.30546875
2 0.259375 0.2140625 0.240625 0.1890625
0 0.8 0.621875 0.146875 0.2609375
0 0.721875 0.3359375 0.115625 0.20546875
0 0.340625 0.6390625 0.096875 0.171875
2 0.4078125 0.6359375 0.290625 0.571875
3 0.7265625 0.746875 0.1125 0.178125
0 0.990625 0.4890625 0.01875 0.21640625
1 0.1 0.35 0.0625 0.1109375
0 0.878125 0.90859375 0.096875 0.171875
1 0.56875 0.625 0.096875 0.171875
1 0.96484375 0.6109375 0.0703125 0.13359375
2 0.5671875 0.7890625 0.196875 0.41640625
2 0.34375 0.803125 0.30625 0.3890625
0 0.7203125 0.2109375 0.1125 0.2
3 0.8828125 0.1140625 0.090625 0.221875