3 0.0203125 0.9109375 0.040625 0.171875
1 0.94375 0.3390625 0.090625 0.1609375
0 0.8578125 0.13046875 0.14375 0.25546875
0 0.02265625 0.49453125 0.0453125 0.1890625
3 0.9046875 0.2359375 0.190625 0.46640625
1 0.859375 0.76640625 0.0875 0.15546875
2 0.06875 0.14140625 0.1375 0.278125
3 0.0765625 0.11640625 0.1375 0.228125
0 0.984375 0.75 0.03125 0.16640625
1 0.071875 0.4890625 0.071875 0.128125
3 0.7015625 0.4890625 0.109375 0.1890625
2 0.95 0.84140625 0.1 0.3109375
3 0.8546875 0.9 0.090625 0.1609375