0 0.03359375 0.771875 0.0671875 0.212109375
2 0.8453125 0.49609375 0.309375 0.3328125
2 0.7875 0.88046875 0.10625 0.233203125
2 0.871875 0.35 0.25 0.478125
1 0.24375 0.90546875 0.13046875 0.1302734375
0 0.39375 0.8859375 0.134375 0.134375
2 0.2453125 0.48046875 0.203125 0.4830078125
2 0.2421875 0.1109375 0.240625 0.216015625
2 0.1671875 0.61640625 0.171875 0.228125
2 0.78203125 0.36875 0.4359375 0.453125
0 0.25 0.196875 0.190625 0.1908203125
0 0.4671875 0.8890625 0.11875 0.209765625
3 0.4765625 0.34453125 0.09921875 0.0990234375
2 0.10078125 0.715625 0.2015625 0.321875
2 0.071875 0.21328125 0.14375 0.1984375
3 0.39375 0.775 0.190625 0.337890625
2 0.6375 0.49140625 0.26484375 0.26484375
2 0.8671875 0.64140625 0.23359375 0.23359375
3 0.7875 0.75546875 0.13828125 0.1380859375