2 0.0203125 0.84140625 0.040625 0.3109375
0 0.99921875 0.88359375 0.0015625 0.228125
1 0.275 0.75859375 0.08125 0.14453125
3 0.1984375 0.20546875 0.109375 0.121875
3 0.125 0.75859375 0.13125 0.128125
3 0.6671875 0.4859375 0.265625 0.18359375
1 0.5859375 0.903125 0.084375 0.15
1 0.4328125 0.478125 0.078125 0.1390625
2 0.675 0.20859375 0.0875 0.228125
0 0.99765625 0.1140625 0.0046875 0.221875
3 0.9109375 0.9 0.1 0.028125
1 0.0484375 0.76953125 0.08125 0.14453125
1 0.2046875 0.89453125 0.078125 0.1390625
3 0.284375 0.63359375 0.225 0.14453125
3 0.190625 0.6140625 0.2875 0.171875
0 0.01796875 0.3390625 0.0359375 0.25
3 0.8984375 0.60859375 0.175 0.1109375
1 0.1921875 0.35 0.084375 0.15
3 0.5109375 0.34140625 0.084375 0.1390625