2 0.540625 0.6140625 0.153125 0.20546875
2 0.3109375 0.496875 0.115625 0.24453125
1 0.9328125 0.75859375 0.08125 0.14453125
1 0.1515625 0.46953125 0.065625 0.11640625
3 0.7078125 0.18046875 0.19375 0.35546875
1 0.228125 0.19140625 0.08125 0.14453125
3 0.8640625 0.225 0.16875 0.3390625
1 0.15 0.35546875 0.084375 0.15
0 0.98203125 0.46953125 0.0359375 0.221875
1 0.8671875 0.0859375 0.09375 0.16640625
1 0.403125 0.3640625 0.078125 0.1390625
0 0.8546875 0.3640625 0.10625 0.1890625
2 0.55 0.1 0.15 0.19453125
3 0.92421875 0.153125 0.1515625 0.3
3 0.63125 0.20546875 0.24375 0.1609375
0 0.3859375 0.13046875 0.14375 0.25546875
2 0.3171875 0.34453125 0.13125 0.2390625