3 0.490625 0.36640625 0.31875 0.728125
2 0.1015625 0.225 0.125 0.44453125
2 0.04296875 0.496875 0.0859375 0.328125
2 0.7234375 0.16953125 0.246875 0.33359375
2 0.34375 0.76640625 0.121875 0.3890625
3 0.2546875 0.46953125 0.25 0.33359375
0 0.00859375 0.746875 0.0171875 0.24453125
0 0.1734375 0.20546875 0.0875 0.15546875
0 0.1796875 0.3359375 0.13125 0.23359375
1 0.4203125 0.21640625 0.08125 0.14453125
3 0.1 0.61953125 0.140625 0.1
3 0.259375 0.18046875 0.2 0.35546875
1 0.496875 0.475 0.06875 0.121875
2 0.5765625 0.2140625 0.14375 0.29453125
0 0.1 0.0890625 0.096875 0.171875
2 0.1796875 0.8859375 0.125 0.2109375
2 0.928125 0.34140625 0.140625 0.478125