0 0.3484375 0.11640625 0.178125 0.178125
0 0.6546875 0.3640625 0.1828125 0.1826171875
2 0.05390625 0.47109375 0.1078125 0.2046875
3 0.0140625 0.19140625 0.028125 0.1048828125
2 0.4203125 0.5 0.203125 0.202734375
1 0.4171875 0.75546875 0.134375 0.134375
3 0.65625 0.7640625 0.13125 0.23984375
2 0.278125 0.46953125 0.40546875 0.40546875
3 0.1828125 0.8890625 0.1796875 0.1798828125
2 0.7296875 0.49453125 0.41640625 0.41640625
2 0.73125 0.1859375 0.2703125 0.2705078125
0 0.58125 0.13046875 0.14375 0.2548828125
3 0.7375 0.3609375 0.121875 0.2158203125
1 0.0234375 0.88828125 0.046875 0.0859375
2 0.03359375 0.33359375 0.0671875 0.3890625