0 0.5765625 0.196875 0.1828125 0.1826171875
3 0.665625 0.2 0.225 0.3939453125
1 0.265625 0.471875 0.1 0.1
2 0.959375 0.49453125 0.08125 0.355078125
2 0.9796875 0.778125 0.040625 0.2560546875
2 0.5921875 0.85 0.203125 0.2939453125
3 0.35 0.6359375 0.303125 0.303515625
2 0.740625 0.2140625 0.215625 0.215234375
3 0.41875 0.35546875 0.065625 0.1390625
0 0.821875 0.6390625 0.134375 0.134375
2 0.83203125 0.63515625 0.3359375 0.4140625
2 0.109375 0.765625 0.21875 0.221875
3 0.275 0.3640625 0.1765625 0.17734375
2 0.35 0.86640625 0.19453125 0.19453125
3 0.109375 0.478125 0.0875 0.1439453125
1 0.58125 0.35 0.0875 0.087109375
2 0.2765625 0.26640625 0.4 0.4
1 0.3578125 0.771875 0.0953125 0.0953125
1 0.19375 0.19453125 0.134375 0.134375
2 0.92890625 0.78828125 0.1421875 0.2328125
2 0.825 0.803125 0.346875 0.347265625
3 0.02890625 0.9078125 0.0578125 0.090625