1 0.296875 0.621875 0.075 0.133984375
1 0.29375 0.0859375 0.059375 0.1060546875
0 0.603125 0.88046875 0.18203125 0.182421875
3 0.678125 0.49453125 0.15859375 0.158984375
2 0.1328125 0.6140625 0.1609375 0.1607421875
0 0.3640625 0.196875 0.1515625 0.1517578125
3 0.8328125 0.11953125 0.171875 0.2330078125
1 0.44375 0.21640625 0.11328125 0.1130859375
2 0.01953125 0.6140625 0.0390625 0.290234375
3 0.94921875 0.746875 0.1015625 0.134375
3 0.3734375 0.33359375 0.15703125 0.156640625
3 0.6875 0.753125 0.109375 0.109765625
0 0.0578125 0.36328125 0.115625 0.1265625
2 0.7671875 0.803125 0.2671875 0.267578125
0 0.3671875 0.625 0.15625 0.15625
1 0.20625 0.8859375 0.109375 0.108984375