3 0.5171875 0.771875 0.13125 0.221875
0 0.3625 0.88359375 0.128125 0.228125
1 0.971875 0.628125 0.05625 0.1609375
1 0.5234375 0.475 0.09375 0.16640625
0 0.8234375 0.88046875 0.13125 0.23359375
3 0.05 0.4859375 0.1 0.18359375
1 0.6 0.4890625 0.078125 0.1390625
2 0.009375 0.20859375 0.01875 0.228125
0 0.74375 0.78046875 0.11875 0.2109375
0 0.3578125 0.1140625 0.125 0.221875
3 0.2109375 0.9 0.1 0.028125
0 0.9515625 0.13046875 0.096875 0.25546875
2 0.828125 0.64140625 0.24375 0.478125
2 0.953125 0.8390625 0.09375 0.31640625
3 0.1984375 0.60859375 0.175 0.1109375
0 0.596875 0.6140625 0.128125 0.228125
1 0.97578125 0.35859375 0.0484375 0.11640625
1 0.7515625 0.08046875 0.0625 0.1109375