2 0.5546875 0.496875 0.3359375 0.3359375
2 0.796875 0.2 0.2015625 0.201953125
3 0.9359375 0.21328125 0.128125 0.1578125
2 0.48125 0.88046875 0.16953125 0.1697265625
2 0.565625 0.35 0.3640625 0.3640625
0 0.0875 0.8859375 0.134375 0.134375
2 0.0203125 0.48046875 0.040625 0.4830078125
2 0.028125 0.1109375 0.05625 0.2158203125
2 0.8 0.80546875 0.1375 0.3830078125
2 0.4859375 0.36953125 0.175 0.733203125
3 0.96875 0.08515625 0.0625 0.0953125
0 0.03515625 0.19609375 0.0703125 0.1296875
0 0.871875 0.35 0.178125 0.178125
0 0.1609375 0.8890625 0.1640625 0.16484375
3 0.1703125 0.34453125 0.09921875 0.098828125
3 0.11015625 0.77421875 0.2203125 0.2609375
2 0.33125 0.49140625 0.11875 0.4109375
3 0.7875 0.48046875 0.215625 0.215625
2 0.5609375 0.64140625 0.128125 0.3390625
3 0.48125 0.75546875 0.13828125 0.1380859375