2 0.678125 0.625 0.1609375 0.1607421875
2 0.92421875 0.75234375 0.1515625 0.1859375
0 0.603125 0.60859375 0.14296875 0.1431640625
0 0.0671875 0.49140625 0.12578125 0.12578125
0 0.540625 0.6109375 0.128125 0.228125
0 0.69375 0.125 0.190625 0.1908203125
2 0.084375 0.76953125 0.16875 0.4548828125
2 0.5234375 0.3640625 0.4828125 0.4828125
2 0.2203125 0.5 0.290625 0.4658203125
2 0.53125 0.828125 0.2390625 0.239453125
0 0.8390625 0.76640625 0.134375 0.134375
1 0.01796875 0.34921875 0.0359375 0.0640625
1 0.96328125 0.3578125 0.0734375 0.103125