3 0.4109375 0.346875 0.14375 0.29453125
1 0.721875 0.33359375 0.0625 0.1109375
2 0.1859375 0.3390625 0.128125 0.55
3 0.0421875 0.8859375 0.084375 0.221875
1 0.7296875 0.90546875 0.084375 0.15
0 0.00625 0.34453125 0.0125 0.20546875
1 0.8921875 0.35546875 0.09375 0.16640625
2 0.8828125 0.30546875 0.146875 0.60546875
3 0.1875 0.46953125 0.234375 0.421875
1 0.115625 0.21953125 0.0875 0.15546875
3 0.1765625 0.6359375 0.146875 0.2
1 0.03359375 0.625 0.0671875 0.16640625
2 0.6453125 0.3390625 0.196875 0.25
1 0.340625 0.4890625 0.0625 0.1109375
0 0.8015625 0.20859375 0.103125 0.18359375
2 0.9640625 0.225 0.071875 0.39453125
0 0.65 0.2 0.140625 0.25
0 0.0484375 0.34140625 0.096875 0.23359375
1 0.1140625 0.771875 0.071875 0.128125