2 0.540625 0.6140625 0.1796875 0.1794921875
2 0.3109375 0.496875 0.1796875 0.180078125
1 0.9328125 0.75859375 0.11328125 0.1130859375
1 0.1515625 0.46953125 0.065625 0.116796875
3 0.7078125 0.18046875 0.27421875 0.2744140625
1 0.228125 0.19140625 0.08125 0.1451171875
3 0.8640625 0.225 0.16875 0.337890625
1 0.15 0.35546875 0.084375 0.15
0 0.95859375 0.46875 0.0828125 0.128125
1 0.8671875 0.0859375 0.1296875 0.130078125
1 0.403125 0.3640625 0.109375 0.108984375
0 0.8546875 0.3640625 0.10625 0.190234375
2 0.55 0.1 0.15 0.1939453125
3 0.92421875 0.153125 0.1515625 0.3
3 0.63125 0.20546875 0.24375 0.1609375
0 0.3859375 0.13046875 0.14375 0.2548828125
2 0.3171875 0.34453125 0.13125 0.2390625