0 0.8140625 0.871875 0.1953125 0.1953125
2 0.11328125 0.49609375 0.2265625 0.2765625
2 0.271875 0.2 0.165625 0.237890625
3 0.4265625 0.2140625 0.1578125 0.1578125
2 0.03203125 0.8796875 0.0640625 0.121875
2 0.92265625 0.3546875 0.1546875 0.171875
3 0.665625 0.503125 0.06875 0.321875
2 0.0828125 0.35 0.165625 0.478125
2 0.275 0.80546875 0.26015625 0.2603515625
2 0.959375 0.35234375 0.08125 0.1359375
2 0.02421875 0.36953125 0.0484375 0.7330078125
1 0.8203125 0.3640625 0.071875 0.128125
1 0.8171875 0.225 0.06875 0.121875
3 0.496875 0.0859375 0.13125 0.131640625
0 0.346875 0.35 0.128125 0.228125
1 0.8859375 0.08359375 0.12109375 0.1212890625
0 0.9515625 0.765625 0.096875 0.121875
3 0.2625 0.48046875 0.159375 0.271875
2 0.0796875 0.640625 0.159375 0.21875
3 0.02578125 0.7546875 0.0515625 0.084375