0 0.2296875 0.33359375 0.1953125 0.1953125
3 0.91953125 0.35234375 0.1609375 0.2296875
3 0.09375 0.88515625 0.1875 0.1984375
2 0.3046875 0.771875 0.165625 0.1658203125
2 0.09296875 0.478125 0.1859375 0.2560546875
2 0.5390625 0.503125 0.23125 0.230859375
2 0.15 0.76953125 0.109375 0.228125
0 0.071875 0.08359375 0.12578125 0.12578125
2 0.03125 0.3296875 0.0625 0.096875
0 0.959375 0.2046875 0.08125 0.125
3 0.153125 0.20546875 0.2140625 0.2140625
3 0.05078125 0.77109375 0.1015625 0.1671875
0 0.92890625 0.7609375 0.1421875 0.15625
2 0.703125 0.34453125 0.153125 0.371875
3 0.7109375 0.478125 0.2265625 0.226953125
0 0.3046875 0.2140625 0.203125 0.203515625
2 0.3140625 0.14140625 0.2375 0.2375
3 0.053125 0.640625 0.10625 0.153125
0 0.93203125 0.89375 0.1359375 0.159375
3 0.3890625 0.3390625 0.18125 0.18046875