2 0.95390625 0.190625 0.0921875 0.15625
3 0.4515625 0.128125 0.15 0.15
0 0.753125 0.6109375 0.2 0.1998046875
1 0.3765625 0.628125 0.090625 0.162109375
3 0.8484375 0.75859375 0.1375 0.1375
0 0.2109375 0.88046875 0.18203125 0.182421875
1 0.01328125 0.4890625 0.0265625 0.140234375
0 0.13125 0.78046875 0.16484375 0.16484375
0 0.3625 0.13046875 0.14375 0.2548828125
3 0.759375 0.19453125 0.209375 0.3830078125
2 0.215625 0.64140625 0.3609375 0.3609375
2 0.38125 0.8390625 0.2453125 0.245703125
1 0.8421875 0.33046875 0.09140625 0.0912109375
2 0.9390625 0.36015625 0.121875 0.1859375
3 0.94296875 0.8796875 0.1140625 0.153125
0 0.02421875 0.6140625 0.0484375 0.228125
1 0.371875 0.35859375 0.09140625 0.091015625
1 0.1390625 0.08046875 0.0625 0.1109375