1 0.9625 0.06328125 0.075 0.0890625
0 0.578125 0.896875 0.1125 0.2
0 0.4265625 0.09140625 0.1 0.178125
0 0.1 0.103125 0.15625 0.15625
1 0.8828125 0.896875 0.0953125 0.0953125
2 0.0703125 0.221875 0.140625 0.437890625
1 0.740625 0.771875 0.071875 0.128125
3 0.97109375 0.49609375 0.0578125 0.1078125
2 0.25625 0.503125 0.2421875 0.2423828125
1 0.1875 0.89140625 0.10390625 0.1041015625
3 0.04765625 0.84140625 0.0953125 0.3109375
2 0.053125 0.471875 0.10625 0.287890625
3 0.1875 0.2109375 0.1515625 0.1515625
2 0.8125 0.775 0.26875 0.26875
3 0.8875 0.6140625 0.165625 0.165625
3 0.06328125 0.7546875 0.1265625 0.1625
2 0.259375 0.61640625 0.19375 0.333203125
1 0.740625 0.19453125 0.09375 0.1669921875
3 0.00625 0.34453125 0.0125 0.221875
1 0.10625 0.76953125 0.13046875 0.130078125
2 0.103125 0.8390625 0.128125 0.3158203125
3 0.015625 0.15859375 0.03125 0.3109375