3 0.20625 0.5 0.16875 0.244140625
0 0.1921875 0.35859375 0.109375 0.1951171875
2 0.91171875 0.22421875 0.1765625 0.2640625
2 0.821875 0.496875 0.303125 0.303125
2 0.425 0.8 0.290625 0.2908203125
2 0.6671875 0.73359375 0.1625 0.528125
2 0.4375 0.6140625 0.271875 0.271875
2 0.06796875 0.20234375 0.1359375 0.2234375
1 0.5015625 0.48046875 0.09375 0.1669921875
0 0.8234375 0.746875 0.1375 0.244140625
3 0.1109375 0.33359375 0.153125 0.153125
3 0.6625 0.4890625 0.121875 0.1220703125
0 0.99453125 0.3359375 0.0109375 0.2341796875
0 0.5859375 0.34453125 0.12109375 0.1212890625
0 0.034375 0.88828125 0.06875 0.1171875
3 0.2671875 0.1390625 0.09375 0.271875
0 0.6734375 0.621875 0.1265625 0.126171875
2 0.05625 0.503125 0.1125 0.25
0 0.7484375 0.0859375 0.1296875 0.1298828125
1 0.5921875 0.75 0.121875 0.1216796875
3 0.9515625 0.61875 0.096875 0.096875
3 0.8203125 0.1359375 0.1703125 0.1705078125
3 0.7375 0.4859375 0.153125 0.140234375
2 0.6671875 0.34453125 0.153125 0.153125
1 0.115625 0.91640625 0.08203125 0.0822265625
3 0.7453125 0.6359375 0.084375 0.159765625
0 0.96328125 0.0890625 0.0734375 0.171875
2 0.99609375 0.8859375 0.0078125 0.209765625