2 0.2671875 0.49453125 0.31328125 0.3134765625
0 0.3453125 0.8859375 0.121875 0.1216796875
2 0.2578125 0.778125 0.2140625 0.2138671875
3 0.3375 0.771875 0.1984375 0.1986328125
3 0.903125 0.2078125 0.19375 0.203125
1 0.3390625 0.0859375 0.09375 0.1658203125
2 0.728125 0.84453125 0.21328125 0.2134765625
0 0.8171875 0.33359375 0.1375 0.2451171875
1 0.8125 0.91953125 0.0875 0.1548828125
2 0.05078125 0.2140625 0.1015625 0.13125
0 0.49375 0.621875 0.146875 0.262109375
0 0.8953125 0.496875 0.2 0.199609375
1 0.803125 0.21953125 0.12578125 0.12578125
0 0.415625 0.3359375 0.115625 0.2060546875
0 0.04140625 0.6390625 0.0828125 0.171875
2 0.1234375 0.6359375 0.246875 0.571875
3 0.4203125 0.746875 0.1453125 0.1453125
0 0.7359375 0.4890625 0.16875 0.169140625
2 0.88984375 0.165625 0.2203125 0.234375
0 0.571875 0.90859375 0.096875 0.171875
1 0.96015625 0.35 0.0796875 0.09375
1 0.2625 0.625 0.134375 0.134375
1 0.6609375 0.6109375 0.1046875 0.1044921875
1 0.803125 0.4859375 0.0828125 0.0826171875
2 0.2609375 0.7890625 0.30625 0.3064453125
2 0.11953125 0.80234375 0.2390625 0.2890625
0 0.4140625 0.2109375 0.1125 0.2
3 0.5765625 0.1140625 0.15625 0.15625
2 0.91953125 0.4859375 0.1609375 0.28125