0 0.025 0.0859375 0.05 0.16640625
1 0.3984375 0.20859375 0.075 0.13359375
0 0.325 0.61640625 0.1 0.178125
1 0.9390625 0.46953125 0.065625 0.11640625
3 0.40625 0.903125 0.034375 0.1890625
3 0.3140625 0.8859375 0.13125 0.221875
0 0.03515625 0.871875 0.0703125 0.25
1 0.9875 0.19140625 0.025 0.14453125
0 0.0921875 0.771875 0.11875 0.2109375
2 0.5609375 0.48359375 0.128125 0.40546875
1 0.9375 0.35546875 0.084375 0.15
1 0.553125 0.2109375 0.078125 0.1390625
0 0.5578125 0.61640625 0.140625 0.25
3 0.6390625 0.88046875 0.1375 0.23359375
1 0.396875 0.0890625 0.096875 0.171875