1 0.253125 0.621875 0.075 0.1341796875
1 0.25 0.0859375 0.059375 0.1060546875
0 0.559375 0.88046875 0.13125 0.233203125
3 0.634375 0.49453125 0.15859375 0.1587890625
2 0.0890625 0.6140625 0.1609375 0.160546875
0 0.3203125 0.196875 0.109375 0.1939453125
3 0.7890625 0.11953125 0.20234375 0.202734375
1 0.4 0.21640625 0.11328125 0.112890625
3 0.94375 0.746875 0.1125 0.2
3 0.3296875 0.33359375 0.11875 0.194921875
3 0.64375 0.753125 0.08125 0.13828125
0 0.02734375 0.3640625 0.0546875 0.159765625
2 0.7234375 0.803125 0.2671875 0.26796875
0 0.3234375 0.625 0.15625 0.15625
1 0.1625 0.8859375 0.109375 0.108984375