0 0.396875 0.0859375 0.09375 0.16640625
1 0.7921875 0.20859375 0.075 0.13359375
0 0.71875 0.61640625 0.1 0.178125
3 0.05234375 0.7609375 0.1046875 0.1
3 0.8 0.903125 0.034375 0.1890625
3 0.7078125 0.8859375 0.13125 0.221875
0 0.39375 0.871875 0.140625 0.25
0 0.4859375 0.771875 0.11875 0.2109375
2 0.9453125 0.48359375 0.109375 0.40546875
1 0.946875 0.2109375 0.078125 0.1390625
3 0.01171875 0.503125 0.0234375 0.328125
0 0.940625 0.61640625 0.11875 0.25
3 0.98203125 0.88046875 0.0359375 0.23359375
3 0.2453125 0.19453125 0.15 0.25546875
0 0.1734375 0.9 0.090625 0.1609375
1 0.790625 0.0890625 0.096875 0.171875