2 0.7296875 0.496875 0.3359375 0.3359375
2 0.928125 0.19921875 0.14375 0.1734375
2 0.65625 0.88046875 0.10625 0.2330078125
2 0.740625 0.35 0.25 0.478125
1 0.1125 0.90546875 0.13046875 0.130078125
0 0.2625 0.8859375 0.134375 0.134375
2 0.1140625 0.48046875 0.203125 0.4830078125
2 0.11484375 0.1109375 0.2234375 0.221875
2 0.0609375 0.61640625 0.121875 0.228125
2 0.953125 0.80546875 0.09375 0.3830078125
2 0.6609375 0.36953125 0.45390625 0.4541015625
0 0.11875 0.196875 0.190625 0.1908203125
0 0.96484375 0.34921875 0.0703125 0.1234375
0 0.3359375 0.8890625 0.1640625 0.164453125
3 0.3453125 0.34453125 0.09921875 0.0990234375
3 0.2625 0.775 0.190625 0.337890625
2 0.50625 0.49140625 0.26484375 0.26484375
3 0.94140625 0.48046875 0.1171875 0.271875
2 0.7359375 0.64140625 0.128125 0.3390625
3 0.65625 0.75546875 0.13828125 0.1380859375