0 0.8421875 0.33359375 0.140625 0.25
0 0.2234375 0.76640625 0.090625 0.1609375
0 0.4515625 0.09140625 0.1 0.178125
3 0.69375 0.8859375 0.190625 0.221875
2 0.9171875 0.771875 0.0875 0.24453125
2 0.6984375 0.478125 0.2 0.25546875
3 0.2265625 0.63046875 0.075 0.16640625
2 0.7625 0.76953125 0.109375 0.228125
0 0.684375 0.08359375 0.090625 0.1609375
3 0.36875 0.33359375 0.2 0.2109375
2 0.6046875 0.33046875 0.078125 0.1609375
2 0.3828125 0.6359375 0.13125 0.5890625
3 0.765625 0.20546875 0.15625 0.271875
3 0.5359375 0.771875 0.23125 0.29453125
0 0.5328125 0.103125 0.1125 0.2
3 0.4546875 0.6359375 0.05625 0.271875
0 0.9171875 0.2140625 0.146875 0.2609375
2 0.9140625 0.14140625 0.171875 0.278125
3 0.6109375 0.64140625 0.125 0.24453125
3 0.9578125 0.3390625 0.084375 0.1890625