0 0.2703125 0.76953125 0.090625 0.1609375
3 0.89140625 0.34609375 0.2171875 0.2203125
2 0.6671875 0.3390625 0.3390625 0.3390625
0 0.3546875 0.203125 0.178125 0.178125
3 0.5109375 0.8859375 0.165625 0.165625
0 0.4359375 0.34453125 0.115625 0.2048828125
3 0.66875 0.46953125 0.328125 0.328125
1 0.596875 0.21953125 0.0875 0.1548828125
3 0.06640625 0.496875 0.1328125 0.159375
3 0.6578125 0.6359375 0.1734375 0.1734375
1 0.5015625 0.625 0.1296875 0.1298828125
1 0.821875 0.4890625 0.0859375 0.086328125
0 0.346875 0.4859375 0.096875 0.171875
0 0.5125 0.34140625 0.13125 0.2330078125
1 0.5953125 0.771875 0.1 0.1