0 0.7421875 0.621875 0.13125 0.2341796875
0 0.4203125 0.128125 0.140625 0.25
0 0.734375 0.3609375 0.090625 0.159765625
3 0.28125 0.1109375 0.190625 0.1908203125
0 0.9375 0.3296875 0.125 0.1625
0 0.8203125 0.10859375 0.16484375 0.16484375
2 0.94375 0.36328125 0.1125 0.1515625
1 0.1171875 0.7640625 0.125 0.12578125
3 0.184375 0.35859375 0.08203125 0.0822265625
2 0.5828125 0.625 0.2125 0.4939453125
0 0.503125 0.21953125 0.15625 0.15625
2 0.0828125 0.225 0.165625 0.3939453125
3 0.659375 0.20546875 0.23828125 0.238671875
3 0.35625 0.09453125 0.13359375 0.1337890625
1 0.43125 0.63359375 0.090625 0.1609375
1 0.4984375 0.896875 0.1125 0.112890625