3 0.95703125 0.753125 0.0859375 0.28359375
1 0.8171875 0.21640625 0.090625 0.1609375
3 0.8171875 0.746875 0.078125 0.2
0 0.35 0.875 0.1375 0.24453125
0 0.5703125 0.34453125 0.146875 0.2609375
0 0.3421875 0.08359375 0.090625 0.1609375
1 0.184375 0.475 0.075 0.13359375
0 0.4171875 0.353125 0.1125 0.2
0 0.2671875 0.771875 0.1375 0.24453125
3 0.7375 0.89453125 0.0875 0.15546875
1 0.99609375 0.496875 0.0078125 0.15
1 0.3328125 0.61640625 0.065625 0.11640625
2 0.8859375 0.75 0.190625 0.3
3 0.7375 0.346875 0.259375 0.1890625
1 0.653125 0.61953125 0.0625 0.1109375