1 0.4359375 0.49453125 0.13046875 0.1302734375
3 0.1953125 0.20859375 0.17265625 0.1724609375
1 0.2015625 0.49140625 0.09140625 0.0912109375
2 0.2796875 0.228125 0.284375 0.284375
0 0.74375 0.503125 0.14375 0.143359375
3 0.9671875 0.63828125 0.065625 0.1171875
3 0.4328125 0.08359375 0.12734375 0.12734375
1 0.109375 0.775 0.1125 0.112890625
3 0.65625 0.771875 0.1015625 0.1017578125
2 0.584375 0.75546875 0.23046875 0.23046875
0 0.41875 0.225 0.134375 0.134375
3 0.8234375 0.19140625 0.19765625 0.1978515625
1 0.2671875 0.61953125 0.0875 0.1548828125
0 0.0421875 0.36015625 0.084375 0.1390625
2 0.659375 0.228125 0.140625 0.45
0 0.05390625 0.50234375 0.1078125 0.1359375