2 0.9484375 0.11015625 0.103125 0.1421875
2 0.1015625 0.7796875 0.203125 0.225
3 0.515625 0.75 0.084375 0.171875
1 0.975 0.496875 0.05 0.121875
3 0.825 0.46953125 0.12734375 0.1275390625
1 0.4484375 0.6140625 0.1171875 0.1171875
1 0.2796875 0.63046875 0.078125 0.1390625
0 0.6703125 0.621875 0.1515625 0.151953125
1 0.8390625 0.63046875 0.084375 0.15
1 0.746875 0.3609375 0.134375 0.134375
0 0.9046875 0.8890625 0.16875 0.169140625
1 0.7546875 0.19140625 0.10390625 0.1041015625
1 0.5140625 0.4890625 0.134375 0.134375
2 0.446875 0.103125 0.1640625 0.1640625
3 0.678125 0.35546875 0.28046875 0.2802734375
0 0.290625 0.49140625 0.20390625 0.20390625
1 0.05 0.35546875 0.08671875 0.08671875