2 0.49375 0.503125 0.1890625 0.1890625
3 0.88125 0.09140625 0.1234375 0.1234375
3 0.409375 0.21640625 0.1625 0.2890625
0 0.884375 0.75546875 0.16015625 0.1603515625
1 0.1703125 0.64140625 0.075 0.1330078125
2 0.1828125 0.196875 0.165625 0.387890625
1 0.24375 0.4890625 0.090625 0.091015625
1 0.0953125 0.3390625 0.0828125 0.082421875
3 0.4046875 0.46953125 0.10390625 0.1041015625
1 0.4875 0.078125 0.084375 0.15
3 0.490625 0.34453125 0.25625 0.25625
1 0.8046875 0.35546875 0.065625 0.1169921875
2 0.146875 0.34921875 0.29375 0.3421875
3 0.7171875 0.64140625 0.10234375 0.1025390625
2 0.8796875 0.35 0.121875 0.237890625
2 0.7234375 0.153125 0.1953125 0.1953125
2 0.5625 0.75859375 0.175 0.3451171875
2 0.11484375 0.22109375 0.2296875 0.2359375
1 0.6359375 0.903125 0.1171875 0.1171875
0 0.9453125 0.203125 0.109375 0.2439453125
1 0.7296875 0.2109375 0.084375 0.15