0 0.5859375 0.20859375 0.103125 0.18359375
0 0.01015625 0.621875 0.0203125 0.23359375
2 0.7390625 0.625 0.10625 0.3
3 0.6515625 0.753125 0.128125 0.21640625
3 0.6546875 0.203125 0.084375 0.1609375
2 0.96875 0.75859375 0.0625 0.40546875
0 0.6625 0.878125 0.134375 0.2390625
0 0.19375 0.33046875 0.134375 0.2390625
3 0.93046875 0.20859375 0.1390625 0.29453125
0 0.04609375 0.10859375 0.0921875 0.2109375
2 0.265625 0.3640625 0.253125 0.228125
1 0.809375 0.61640625 0.090625 0.1609375
2 0.99296875 0.4890625 0.0140625 0.28359375
0 0.5875 0.09453125 0.103125 0.18359375
2 0.334375 0.346875 0.1375 0.48359375
3 0.575 0.34453125 0.08125 0.19453125
1 0.73125 0.075 0.08125 0.14453125