2 0.3390625 0.75 0.146875 0.1470703125
3 0.6484375 0.9109375 0.096875 0.171875
0 0.571875 0.878125 0.1859375 0.18671875
2 0.41875 0.196875 0.084375 0.387890625
2 0.07109375 0.7578125 0.1421875 0.23125
0 0.6484375 0.49453125 0.14765625 0.14765625
2 0.6515625 0.14140625 0.28125 0.28125
3 0.7328125 0.11640625 0.1375 0.228125
2 0.01640625 0.4890625 0.0328125 0.283984375
1 0.728125 0.4890625 0.1 0.1
0 0.571875 0.35546875 0.13046875 0.1302734375
2 0.06640625 0.61328125 0.1328125 0.1609375
3 0.3453125 0.61953125 0.17265625 0.17265625