0 0.5765625 0.76953125 0.12578125 0.12578125
1 0.271875 0.0640625 0.090625 0.0908203125
2 0.896875 0.33828125 0.20625 0.3203125
0 0.6609375 0.203125 0.178125 0.178125
3 0.8171875 0.8859375 0.165625 0.165625
1 0.1828125 0.896875 0.0953125 0.0953125
0 0.7421875 0.34453125 0.16015625 0.1603515625
1 0.0453125 0.771875 0.090625 0.1
3 0.89375 0.46875 0.2125 0.28125
1 0.903125 0.21953125 0.0875 0.1548828125
3 0.3546875 0.496875 0.11875 0.21171875
3 0.93359375 0.63515625 0.1328125 0.1546875
1 0.8078125 0.625 0.1296875 0.1298828125
2 0.1234375 0.775 0.246875 0.26875
3 0.1875 0.6140625 0.165625 0.165625
1 0.04375 0.19453125 0.0875 0.166796875
0 0.653125 0.4859375 0.096875 0.171875
0 0.81875 0.34140625 0.18203125 0.182421875
1 0.9015625 0.771875 0.1 0.1