3 0.8078125 0.20859375 0.128125 0.21640625
1 0.8140625 0.49140625 0.065625 0.11640625
0 0.3375 0.8859375 0.121875 0.21640625
2 0.8921875 0.228125 0.11875 0.45
2 0.3375 0.496875 0.175 0.18359375
3 0.99921875 0.08359375 0.0015625 0.1609375
3 0.2515625 0.49453125 0.075 0.18359375
3 0.03671875 0.8140625 0.0734375 0.36640625
1 0.721875 0.775 0.08125 0.14453125
2 0.0578125 0.7609375 0.115625 0.378125
0 0.99140625 0.225 0.0171875 0.171875
1 0.8796875 0.61953125 0.0875 0.15546875
0 0.571875 0.3609375 0.140625 0.25
3 0.41875 0.76953125 0.15 0.2609375
1 0.175 0.35 0.096875 0.171875
0 0.6421875 0.503125 0.10625 0.1890625