0 0.9375 0.871875 0.125 0.25
2 0.1609375 0.496875 0.29375 0.378125
2 0.403125 0.2 0.165625 0.2390625
3 0.5578125 0.2140625 0.0875 0.228125
2 0.0875 0.88046875 0.10625 0.23359375
2 0.9984375 0.35546875 0.003125 0.2109375
3 0.796875 0.503125 0.06875 0.321875
2 0.171875 0.35 0.25 0.478125
2 0.40625 0.80546875 0.1375 0.38359375
2 0.0921875 0.36953125 0.175 0.73359375
1 0.9515625 0.3640625 0.071875 0.128125
1 0.9484375 0.225 0.06875 0.121875
3 0.628125 0.0859375 0.103125 0.1609375
0 0.478125 0.35 0.128125 0.228125
1 0.98671875 0.08359375 0.0265625 0.15546875
3 0.39375 0.48046875 0.159375 0.271875
2 0.1671875 0.64140625 0.128125 0.3390625
3 0.0875 0.75546875 0.13125 0.14453125