3 0.8515625 0.20859375 0.128125 0.2169921875
1 0.8578125 0.49140625 0.09140625 0.0912109375
0 0.38125 0.8859375 0.16875 0.1689453125
2 0.896875 0.228125 0.20625 0.284375
2 0.38125 0.496875 0.175 0.1841796875
3 0.2953125 0.49453125 0.12890625 0.1291015625
3 0.0890625 0.81328125 0.178125 0.2421875
1 0.765625 0.775 0.08125 0.144140625
2 0.10703125 0.7609375 0.2140625 0.26875
1 0.9234375 0.61953125 0.12109375 0.1212890625
0 0.615625 0.3609375 0.1953125 0.1953125
3 0.4625 0.76953125 0.15 0.2609375
1 0.21875 0.35 0.096875 0.171875
0 0.6859375 0.503125 0.146875 0.147265625