0 0.8296875 0.621875 0.1828125 0.1826171875
0 0.5078125 0.128125 0.1953125 0.1953125
0 0.821875 0.3609375 0.090625 0.159765625
3 0.36875 0.1109375 0.165625 0.216015625
1 0.028125 0.3546875 0.05625 0.09375
2 0.0890625 0.3046875 0.178125 0.321875
0 0.9078125 0.10859375 0.16484375 0.16484375
1 0.2046875 0.7640625 0.125 0.125390625
3 0.271875 0.35859375 0.08203125 0.0822265625
2 0.6703125 0.625 0.2125 0.494140625
0 0.590625 0.21953125 0.15625 0.15625
2 0.13125 0.225 0.24375 0.3939453125
3 0.746875 0.20546875 0.071875 0.4048828125
3 0.44375 0.09453125 0.084375 0.183203125
1 0.51875 0.63359375 0.090625 0.1609375
1 0.5859375 0.896875 0.08125 0.144140625