0 0.8828125 0.196875 0.13125 0.23359375
3 0.9296875 0.2 0.140625 0.39453125
1 0.571875 0.471875 0.071875 0.128125
1 0.034375 0.503125 0.06875 0.1609375
2 0.8984375 0.85 0.203125 0.29453125
3 0.65625 0.6359375 0.240625 0.36640625
2 0.96328125 0.2140625 0.0734375 0.1890625
3 0.725 0.35546875 0.065625 0.1390625
2 0.0546875 0.25546875 0.109375 0.50546875
3 0.1796875 0.153125 0.171875 0.3
2 0.4140625 0.76640625 0.134375 0.3109375
3 0.58125 0.3640625 0.14375 0.2109375
0 0.0078125 0.10546875 0.015625 0.20546875
2 0.65625 0.86640625 0.128125 0.2609375
3 0.415625 0.478125 0.0875 0.14453125
1 0.8875 0.35 0.0625 0.1109375
2 0.5828125 0.26640625 0.271875 0.528125
1 0.6640625 0.771875 0.06875 0.121875
1 0.5 0.19453125 0.096875 0.171875
1 0.2609375 0.08359375 0.090625 0.1609375
2 0.1171875 0.3359375 0.134375 0.44453125
2 0.9890625 0.803125 0.021875 0.3890625
3 0.2640625 0.90859375 0.1375 0.15546875
3 0.109375 0.6359375 0.071875 0.21640625