3 0.02265625 0.346875 0.0453125 0.29453125
1 0.284375 0.33359375 0.0625 0.1109375
0 0.959375 0.128125 0.08125 0.25
1 0.2921875 0.90546875 0.084375 0.15
3 0.85 0.1109375 0.165625 0.21640625
1 0.4546875 0.35546875 0.09375 0.16640625
2 0.4453125 0.30546875 0.146875 0.60546875
1 0.6859375 0.7640625 0.090625 0.1609375
3 0.753125 0.35859375 0.059375 0.10546875
2 0.2078125 0.3390625 0.196875 0.25
0 0.3640625 0.20859375 0.103125 0.18359375
2 0.6125 0.225 0.24375 0.39453125
3 0.925 0.09453125 0.084375 0.18359375
0 0.2125 0.2 0.140625 0.25
1 0.97734375 0.63359375 0.0453125 0.1609375