0 0.1484375 0.20859375 0.14296875 0.143359375
2 0.953125 0.74921875 0.09375 0.1171875
2 0.3015625 0.625 0.203125 0.203125
3 0.2140625 0.753125 0.128125 0.2158203125
3 0.2171875 0.203125 0.1234375 0.123046875
2 0.60625 0.75859375 0.30859375 0.3087890625
3 0.6 0.63046875 0.06875 0.128125
0 0.225 0.878125 0.1859375 0.186328125
3 0.5234375 0.20859375 0.24765625 0.247265625
1 0.371875 0.61640625 0.12578125 0.12578125
2 0.61875 0.4890625 0.2125 0.212109375
0 0.15 0.09453125 0.14296875 0.143359375
2 0.6828125 0.6140625 0.1875 0.187890625
3 0.9484375 0.61875 0.103125 0.1375
3 0.1375 0.34453125 0.08125 0.194921875
1 0.29375 0.075 0.1125 0.1126953125