0 0.3140625 0.771875 0.165625 0.165234375
1 0.15625 0.34140625 0.11328125 0.1130859375
1 0.55 0.90546875 0.13046875 0.130078125
0 0.7 0.8859375 0.134375 0.134375
0 0.2421875 0.103125 0.1125 0.2
2 0.5515625 0.48046875 0.34296875 0.343359375
2 0.5484375 0.1125 0.228125 0.225
2 0.4734375 0.61640625 0.2 0.2
0 0.55625 0.196875 0.190625 0.191015625
0 0.7734375 0.8890625 0.1640625 0.16484375
3 0.7828125 0.34453125 0.09921875 0.0990234375
2 0.234375 0.71640625 0.43515625 0.43515625
0 0.1609375 0.0890625 0.134375 0.134375
2 0.30625 0.2140625 0.178125 0.309765625
1 0.0875 0.2 0.1171875 0.1171875
3 0.7 0.775 0.2640625 0.264453125
2 0.9046875 0.490625 0.190625 0.2625