1 0.99140625 0.0640625 0.0171875 0.11640625
0 0.621875 0.896875 0.1125 0.2
0 0.4703125 0.09140625 0.1 0.178125
0 0.14375 0.103125 0.1125 0.2
1 0.9265625 0.896875 0.06875 0.121875
2 0.0921875 0.221875 0.184375 0.4390625
1 0.784375 0.771875 0.071875 0.128125
2 0.3 0.503125 0.21875 0.26640625
1 0.23125 0.89140625 0.075 0.13359375
3 0.0703125 0.84140625 0.1375 0.3109375
2 0.075 0.471875 0.15 0.2890625
3 0.23125 0.2109375 0.153125 0.15
2 0.85625 0.775 0.215625 0.321875
3 0.92734375 0.6140625 0.1453125 0.178125
3 0.0734375 0.75546875 0.125 0.23359375
2 0.303125 0.61640625 0.19375 0.33359375
1 0.784375 0.19453125 0.09375 0.16640625
3 0.028125 0.34453125 0.05625 0.221875
1 0.15 0.76953125 0.09375 0.16640625
2 0.146875 0.8390625 0.128125 0.31640625
3 0.0375 0.15859375 0.075 0.3109375