3 0.390625 0.20546875 0.15 0.25
1 0.15625 0.075 0.08125 0.14453125
1 0.5484375 0.503125 0.090625 0.1609375
2 0.159375 0.625 0.159375 0.1890625
1 0.0796875 0.475 0.06875 0.121875
2 0.2515625 0.34140625 0.203125 0.29453125
2 0.4078125 0.3359375 0.140625 0.45546875
2 0.5546875 0.25546875 0.159375 0.50546875
3 0.7046875 0.153125 0.171875 0.3
2 0.9359375 0.76640625 0.128125 0.3109375
0 0.2375 0.20546875 0.10625 0.1890625
3 0.3171875 0.76640625 0.2125 0.15
0 0.4828125 0.10546875 0.115625 0.20546875
3 0.940625 0.478125 0.0875 0.14453125
2 0.9859375 0.26640625 0.028125 0.528125
1 0.98828125 0.19453125 0.0234375 0.171875
1 0.7859375 0.08359375 0.090625 0.1609375
1 0.4765625 0.33046875 0.065625 0.11640625
2 0.6421875 0.3359375 0.134375 0.44453125
3 0.7890625 0.90859375 0.1375 0.15546875
3 0.634375 0.6359375 0.071875 0.21640625