0 0.1578125 0.871875 0.140625 0.25
2 0.3234375 0.35546875 0.228125 0.2109375
2 0.7 0.478125 0.209375 0.44453125
2 0.971875 0.63359375 0.05625 0.39453125
3 0.021875 0.503125 0.04375 0.321875
2 0.95234375 0.14453125 0.0953125 0.28359375
2 0.853125 0.775 0.115625 0.221875
1 0.7765625 0.0890625 0.096875 0.171875
2 0.715625 0.35 0.21875 0.69453125
3 0.98046875 0.7640625 0.0390625 0.18359375
3 0.915625 0.21640625 0.16875 0.4109375
0 0.7796875 0.75859375 0.146875 0.2609375
2 0.3859375 0.353125 0.1375 0.24453125
1 0.1640625 0.3640625 0.071875 0.128125
1 0.1609375 0.225 0.06875 0.121875
1 0.2296875 0.08359375 0.0875 0.15546875
0 0.3203125 0.76640625 0.096875 0.171875
2 0.5515625 0.475 0.265625 0.58359375