2 0.1 0.503125 0.10625 0.271875
3 0.4875 0.09140625 0.06875 0.178125
1 0.9953125 0.34140625 0.009375 0.14453125
3 0.0484375 0.21640625 0.096875 0.2890625
0 0.490625 0.75546875 0.115625 0.20546875
1 0.725 0.91640625 0.06875 0.121875
3 0.02421875 0.46953125 0.0484375 0.13359375
1 0.09375 0.078125 0.084375 0.15
3 0.12109375 0.34453125 0.2421875 0.221875
1 0.4109375 0.35546875 0.065625 0.11640625
3 0.3234375 0.64140625 0.071875 0.13359375
2 0.4859375 0.35 0.121875 0.2390625
2 0.3296875 0.153125 0.090625 0.3
0 0.7109375 0.09140625 0.1 0.178125
3 0.715625 0.20546875 0.0625 0.2890625
2 0.16875 0.75859375 0.175 0.34453125
1 0.2421875 0.903125 0.084375 0.15
0 0.565625 0.203125 0.1375 0.24453125
2 0.97734375 0.71640625 0.0453125 0.5609375
0 0.8 0.21640625 0.096875 0.171875
0 0.99375 0.0890625 0.0125 0.171875
1 0.3359375 0.2109375 0.084375 0.15
1 0.96015625 0.2 0.0796875 0.15