1 0.24375 0.503125 0.096875 0.171875
0 0.946875 0.875 0.10625 0.24453125
0 0.04453125 0.7609375 0.0890625 0.23359375
0 0.9546875 0.08359375 0.090625 0.1609375
1 0.796875 0.475 0.075 0.13359375
2 0.1625 0.496875 0.31875 0.9890625
2 0.16875 0.3609375 0.146875 0.35546875
0 0.98671875 0.353125 0.0265625 0.2
0 0.0890625 0.49140625 0.146875 0.2609375
0 0.8796875 0.771875 0.1375 0.24453125
3 0.2578125 0.85 0.11875 0.29453125
2 0.2484375 0.74140625 0.228125 0.5109375
2 0.00078125 0.63359375 0.0015625 0.2
1 0.9453125 0.61640625 0.065625 0.11640625
3 0.3984375 0.86640625 0.375 0.2609375