3 0.5171875 0.771875 0.1765625 0.1765625
0 0.3625 0.88359375 0.178125 0.178125
1 0.95859375 0.62734375 0.0828125 0.1078125
1 0.5234375 0.475 0.1296875 0.1298828125
0 0.8234375 0.88046875 0.18203125 0.182421875
3 0.05 0.4859375 0.1 0.1841796875
1 0.6 0.4890625 0.109375 0.108984375
2 0.03515625 0.20859375 0.0703125 0.1234375
0 0.74375 0.78046875 0.11875 0.2109375
0 0.3578125 0.1140625 0.125 0.221875
3 0.2109375 0.9 0.0640625 0.0640625
0 0.93125 0.1296875 0.1375 0.175
2 0.8234375 0.64140625 0.353125 0.3609375
2 0.925 0.83828125 0.15 0.2046875
3 0.1984375 0.60859375 0.14296875 0.14296875
0 0.596875 0.6140625 0.128125 0.228125
1 0.9671875 0.3578125 0.065625 0.08125
1 0.7515625 0.08046875 0.08671875 0.08671875