1 0.725 0.503125 0.134375 0.134375
3 0.0984375 0.90546875 0.140625 0.1830078125
0 0.5046875 0.7609375 0.13125 0.2341796875
2 0.64375 0.496875 0.653125 0.653515625
2 0.265625 0.3640625 0.2125 0.2125
2 0.65 0.3609375 0.2515625 0.251171875
0 0.5703125 0.49140625 0.20390625 0.20390625
0 0.0375 0.490625 0.075 0.134375
0 0.4140625 0.353125 0.10625 0.187890625
3 0.7390625 0.85 0.11875 0.2939453125
2 0.7296875 0.74140625 0.228125 0.5109375
2 0.190625 0.18046875 0.31171875 0.3119140625
2 0.425 0.63359375 0.1578125 0.1578125
3 0.8453125 0.86171875 0.284375 0.2765625
1 0.04375 0.63828125 0.0875 0.1078125
2 0.10390625 0.29609375 0.2078125 0.3359375