1 0.628125 0.76640625 0.075 0.13359375
2 0.00859375 0.478125 0.0171875 0.44453125
2 0.2359375 0.63359375 0.159375 0.39453125
2 0.2390625 0.14453125 0.24375 0.28359375
2 0.065625 0.775 0.115625 0.221875
1 0.01875 0.0890625 0.0375 0.171875
2 0.6140625 0.3390625 0.134375 0.48359375
2 0.01875 0.35 0.0375 0.69453125
3 0.228125 0.7640625 0.109375 0.18359375
3 0.159375 0.21640625 0.23125 0.4109375
0 0.0328125 0.75859375 0.065625 0.2609375
0 0.778125 0.196875 0.11875 0.2109375
0 0.7859375 0.9 0.1 0.178125
2 0.61875 0.60859375 0.15625 0.19453125
3 0.846875 0.46953125 0.215625 0.35546875
0 0.459375 0.871875 0.140625 0.25
3 0.85 0.153125 0.2125 0.3
0 0.3 0.353125 0.13125 0.23359375
0 0.315625 0.503125 0.121875 0.21640625
0 0.98046875 0.90546875 0.0390625 0.18359375
3 0.6203125 0.0890625 0.075 0.171875
2 0.7046875 0.19453125 0.1 0.38359375
2 0.534375 0.675 0.16875 0.64453125
0 0.475 0.60859375 0.146875 0.2609375