3 0.76875 0.2109375 0.184375 0.3439453125
1 0.625 0.76640625 0.11328125 0.112890625
0 0.0734375 0.353125 0.134375 0.134375
3 0.540625 0.3609375 0.1234375 0.1232421875
0 0.8515625 0.196875 0.11875 0.212109375
3 0.3796875 0.2 0.1375 0.1376953125
3 0.15 0.896875 0.121875 0.121484375
0 0.8578125 0.49453125 0.18203125 0.1822265625
3 0.5359375 0.6140625 0.1859375 0.185546875
3 0.7046875 0.2109375 0.24375 0.416015625
2 0.084375 0.503125 0.16875 0.21171875
1 0.8578125 0.078125 0.084375 0.15
3 0.38125 0.753125 0.196875 0.3060546875