3 0.50625 0.2109375 0.184375 0.34453125
2 0.88515625 0.2 0.2296875 0.3
1 0.3625 0.76640625 0.08125 0.14453125
3 0.95546875 0.2140625 0.0890625 0.1890625
3 0.278125 0.3609375 0.090625 0.15546875
2 0.95859375 0.25 0.0828125 0.49453125
0 0.5890625 0.196875 0.11875 0.2109375
3 0.1171875 0.2 0.159375 0.11640625
0 0.96171875 0.6140625 0.0765625 0.2109375
1 0.971875 0.34453125 0.05625 0.1390625
0 0.5953125 0.49453125 0.13125 0.23359375
3 0.2734375 0.6140625 0.13125 0.2390625
0 0.828125 0.9109375 0.096875 0.171875
0 0.815625 0.64140625 0.09375 0.16640625
3 0.4421875 0.2109375 0.24375 0.41640625
1 0.5953125 0.078125 0.084375 0.15
3 0.11875 0.753125 0.196875 0.30546875