0 0.45 0.19140625 0.12109375 0.121484375
2 0.0796875 0.2 0.159375 0.3341796875
3 0.9078125 0.2046875 0.184375 0.2
1 0.68125 0.075 0.1125 0.1126953125
0 0.4515625 0.48046875 0.178125 0.178125
2 0.684375 0.625 0.1734375 0.173828125
1 0.6046875 0.475 0.0953125 0.0953125
2 0.29375 0.275 0.26875 0.5439453125
2 0.7765625 0.34140625 0.24921875 0.2490234375
2 0.89140625 0.33515625 0.2171875 0.2953125
1 0.3734375 0.196875 0.09375 0.166015625
0 0.04140625 0.11015625 0.0828125 0.1265625
0 0.7625 0.20546875 0.10625 0.1890625
3 0.8421875 0.76640625 0.18125 0.18125
0 0.95546875 0.1046875 0.0890625 0.128125
1 0.021875 0.62421875 0.04375 0.0640625
3 0.1375 0.9140625 0.134375 0.121875
2 0.3 0.8859375 0.190625 0.190625
0 0.228125 0.778125 0.1390625 0.1390625
2 0.2171875 0.21953125 0.146875 0.2390625
1 0.984375 0.33046875 0.03125 0.116796875
1 0.0125 0.2 0.025 0.112109375
1 0.034375 0.90234375 0.06875 0.0984375