0 0.4359375 0.621875 0.1828125 0.1826171875
0 0.1140625 0.128125 0.1953125 0.1953125
0 0.428125 0.3609375 0.125 0.125390625
3 0.02890625 0.1109375 0.0578125 0.2158203125
0 0.675 0.33046875 0.18671875 0.18671875
0 0.5140625 0.10859375 0.16484375 0.16484375
2 0.746875 0.3640625 0.240625 0.240625
2 0.2765625 0.625 0.353125 0.353515625
0 0.196875 0.21953125 0.15625 0.15625
3 0.353125 0.20546875 0.071875 0.405078125
3 0.0578125 0.09375 0.115625 0.134375
1 0.125 0.63359375 0.12578125 0.12578125
2 0.815625 0.346875 0.3109375 0.3107421875
1 0.1921875 0.896875 0.1125 0.1126953125