3 0.3421875 0.771875 0.13125 0.221875
3 0.8890625 0.128125 0.05 0.25
0 0.1875 0.88359375 0.128125 0.228125
1 0.8140625 0.628125 0.090625 0.1609375
1 0.3484375 0.475 0.09375 0.16640625
0 0.6484375 0.88046875 0.13125 0.23359375
1 0.425 0.4890625 0.078125 0.1390625
0 0.56875 0.78046875 0.11875 0.2109375
0 0.1828125 0.1140625 0.125 0.221875
3 0.04296875 0.9 0.0859375 0.028125
0 0.8 0.13046875 0.14375 0.25546875
2 0.653125 0.64140625 0.24375 0.478125
2 0.81875 0.8390625 0.175 0.31640625
3 0.05546875 0.60859375 0.1109375 0.1109375
0 0.421875 0.6140625 0.128125 0.228125
1 0.809375 0.35859375 0.065625 0.11640625
1 0.5765625 0.08046875 0.0625 0.1109375