3 0.04453125 0.346875 0.0890625 0.29453125
1 0.328125 0.33359375 0.0625 0.1109375
0 0.98125 0.128125 0.0375 0.25
1 0.3359375 0.90546875 0.084375 0.15
3 0.89375 0.1109375 0.165625 0.21640625
1 0.4984375 0.35546875 0.09375 0.16640625
2 0.4890625 0.30546875 0.146875 0.60546875
1 0.7296875 0.7640625 0.090625 0.1609375
3 0.796875 0.35859375 0.059375 0.10546875
2 0.2515625 0.3390625 0.196875 0.25
0 0.4078125 0.20859375 0.103125 0.18359375
2 0.65625 0.225 0.24375 0.39453125
3 0.96328125 0.09453125 0.0734375 0.18359375
0 0.25625 0.2 0.140625 0.25
1 0.99921875 0.63359375 0.0015625 0.1609375