0 0.0453125 0.7546875 0.090625 0.146875
3 0.5125 0.5 0.20625 0.2064453125
0 0.4984375 0.35859375 0.15234375 0.1521484375
2 0.99453125 0.496875 0.0109375 0.328125
2 0.73125 0.8 0.1875 0.3939453125
2 0.89296875 0.7328125 0.2140625 0.31875
0 0.18125 0.8859375 0.125 0.221875
2 0.74375 0.6140625 0.271875 0.271875
2 0.26875 0.203125 0.171875 0.4
1 0.8078125 0.48046875 0.09375 0.1669921875
3 0.4171875 0.33359375 0.153125 0.153125
3 0.96484375 0.4890625 0.0703125 0.1658203125
2 0.053125 0.46953125 0.10625 0.2046875
0 0.8921875 0.34453125 0.12109375 0.1212890625
0 0.265625 0.8890625 0.16875 0.1689453125
1 0.04375 0.0859375 0.059375 0.1060546875
3 0.5734375 0.1390625 0.09375 0.271875
0 0.9671875 0.621875 0.065625 0.162109375
2 0.3453125 0.503125 0.146875 0.25
1 0.8984375 0.75 0.0875 0.1560546875
0 0.03125 0.20234375 0.0625 0.1078125
3 0.98359375 0.4859375 0.0328125 0.140234375
2 0.0421875 0.840625 0.084375 0.159375
2 0.9546875 0.34453125 0.090625 0.178125
1 0.421875 0.91640625 0.08203125 0.0822265625