1 0.6671875 0.35859375 0.13046875 0.1302734375
1 0.9046875 0.346875 0.06875 0.121875
3 0.834375 0.821875 0.26875 0.26875
1 0.115625 0.775 0.090625 0.091015625
3 0.0640625 0.63828125 0.128125 0.1578125
1 0.7421875 0.6109375 0.090625 0.159765625
0 0.28125 0.3640625 0.1 0.178125
2 0.7453125 0.24453125 0.36953125 0.369921875
1 0.5203125 0.90859375 0.12109375 0.1212890625
3 0.12734375 0.2140625 0.2546875 0.26875
1 0.121875 0.61953125 0.065625 0.1169921875
1 0.759375 0.76640625 0.1171875 0.1171875
2 0.5921875 0.7609375 0.3296875 0.3296875
3 0.96953125 0.2078125 0.0609375 0.0625