2 0.5578125 0.75 0.128125 0.16640625
3 0.8671875 0.9109375 0.096875 0.171875
0 0.790625 0.878125 0.134375 0.2390625
2 0.6375 0.196875 0.084375 0.3890625
2 0.16875 0.75859375 0.2125 0.40546875
3 0.1625 0.63046875 0.06875 0.128125
0 0.8671875 0.49453125 0.10625 0.1890625
3 0.09296875 0.20859375 0.1859375 0.29453125
2 0.8640625 0.14140625 0.271875 0.278125
3 0.94140625 0.11640625 0.1171875 0.228125
2 0.18125 0.4890625 0.140625 0.28359375
1 0.946875 0.4890625 0.071875 0.128125
0 0.790625 0.35546875 0.09375 0.16640625
2 0.2453125 0.6140625 0.159375 0.21640625
3 0.5640625 0.61953125 0.134375 0.2109375