1 0.934375 0.76640625 0.075 0.1330078125
2 0.21875 0.478125 0.3265625 0.326953125
2 0.5421875 0.63359375 0.159375 0.3951171875
2 0.5453125 0.14453125 0.24375 0.2830078125
2 0.371875 0.775 0.16875 0.16875
1 0.2953125 0.0890625 0.134375 0.134375
2 0.8828125 0.33828125 0.234375 0.3078125
2 0.234375 0.35 0.45625 0.4564453125
3 0.534375 0.7640625 0.146875 0.146484375
3 0.465625 0.21640625 0.32109375 0.32109375
0 0.2984375 0.75859375 0.20390625 0.20390625
2 0.91796875 0.6078125 0.1640625 0.175
0 0.765625 0.871875 0.1953125 0.1953125
0 0.60625 0.353125 0.1828125 0.1826171875
0 0.621875 0.503125 0.121875 0.2158203125
3 0.9265625 0.0890625 0.1234375 0.1234375
2 0.9375 0.19375 0.125 0.2125
2 0.81875 0.67421875 0.3625 0.4078125
0 0.78125 0.60859375 0.20390625 0.20390625
2 0.14921875 0.47421875 0.2984375 0.3921875