0 0.4796875 0.11640625 0.178125 0.178125
0 0.7859375 0.3640625 0.1828125 0.1826171875
2 0.10703125 0.47109375 0.2140625 0.2546875
3 0.09375 0.19140625 0.11796875 0.1181640625
2 0.5515625 0.5 0.203125 0.202734375
1 0.5484375 0.75546875 0.134375 0.134375
3 0.7875 0.7640625 0.13125 0.240234375
2 0.409375 0.46953125 0.221875 0.5890625
3 0.3140625 0.8890625 0.14375 0.216015625
2 0.81953125 0.49453125 0.3609375 0.3890625
2 0.8625 0.1859375 0.2703125 0.270703125
0 0.7125 0.13046875 0.19921875 0.1994140625
3 0.86875 0.3609375 0.121875 0.216015625
1 0.0921875 0.8890625 0.1296875 0.130078125
2 0.0515625 0.18359375 0.103125 0.1890625
2 0.09921875 0.33359375 0.1984375 0.3890625