3 0.528125 0.178125 0.21875 0.35
1 0.6078125 0.0890625 0.096875 0.171875
0 0.0703125 0.33046875 0.128125 0.228125
3 0.0859375 0.203125 0.171875 0.3609375
2 0.4515625 0.24453125 0.234375 0.48359375
3 0.6890625 0.14453125 0.15625 0.28359375
1 0.009375 0.771875 0.01875 0.11640625
0 0.153125 0.4859375 0.103125 0.18359375
1 0.8421875 0.20546875 0.0875 0.15546875
3 0.7 0.8609375 0.109375 0.271875
1 0.234375 0.75546875 0.078125 0.1390625
3 0.3890625 0.121875 0.121875 0.2390625
0 0.690625 0.48359375 0.11875 0.2109375