2 0.590625 0.625 0.115625 0.20546875
2 0.8984375 0.753125 0.203125 0.25546875
0 0.515625 0.60859375 0.103125 0.18359375
0 0.0125 0.49140625 0.025 0.1609375
1 0.9734375 0.0890625 0.053125 0.171875
0 0.453125 0.6109375 0.128125 0.228125
0 0.60625 0.125 0.1375 0.24453125
2 0.040625 0.76953125 0.08125 0.45546875
2 0.4359375 0.3640625 0.24375 0.721875
2 0.1390625 0.5 0.278125 0.46640625
2 0.44375 0.828125 0.140625 0.3390625
0 0.7515625 0.76640625 0.096875 0.171875
1 0.9171875 0.35859375 0.09375 0.16640625