2 0.846875 0.6140625 0.1796875 0.1794921875
2 0.6171875 0.496875 0.1796875 0.1798828125
1 0.4578125 0.46953125 0.09140625 0.0912109375
3 0.95859375 0.18046875 0.0828125 0.355078125
1 0.534375 0.19140625 0.11328125 0.1130859375
2 0.0796875 0.48359375 0.128125 0.4048828125
1 0.45625 0.35546875 0.084375 0.15
1 0.071875 0.2109375 0.078125 0.140234375
1 0.709375 0.3640625 0.109375 0.10859375
0 0.08671875 0.61640625 0.1734375 0.1953125
2 0.85625 0.1 0.171875 0.1720703125
3 0.1578125 0.88046875 0.18515625 0.1853515625
3 0.9078125 0.20546875 0.17265625 0.17265625
0 0.6921875 0.13046875 0.14375 0.255078125
2 0.6234375 0.34453125 0.18515625 0.18515625