1 0.146875 0.76640625 0.10390625 0.104296875
1 0.603125 0.35 0.0828125 0.0826171875
2 0.1328125 0.3390625 0.134375 0.4841796875
0 0.6890625 0.471875 0.2 0.199609375
2 0.684375 0.771875 0.2234375 0.2234375
3 0.846875 0.7609375 0.178125 0.1
0 0.7734375 0.903125 0.134375 0.134375
0 0.296875 0.196875 0.165625 0.16484375
0 0.3046875 0.9 0.1390625 0.1390625
2 0.1375 0.60859375 0.15625 0.1951171875
0 0.6953125 0.61640625 0.1390625 0.1390625
3 0.7625 0.503125 0.184375 0.328125
3 0.365625 0.46953125 0.215625 0.3548828125
0 0.04921875 0.87109375 0.0984375 0.1484375
3 0.36875 0.153125 0.2125 0.3
0 0.53125 0.90546875 0.103125 0.1830078125
3 0.1390625 0.0890625 0.1234375 0.1234375
2 0.2234375 0.19453125 0.24140625 0.2416015625
3 0.6046875 0.1359375 0.1625 0.2658203125
0 0.9640625 0.89921875 0.071875 0.1015625
2 0.06875 0.675 0.1375 0.6439453125
0 0.0578125 0.60859375 0.115625 0.1640625