3 0.7515625 0.753125 0.1125 0.28359375
1 0.5984375 0.21640625 0.090625 0.1609375
3 0.5984375 0.746875 0.078125 0.2
2 0.96953125 0.78046875 0.0609375 0.26640625
1 0.9015625 0.4859375 0.071875 0.128125
0 0.13125 0.875 0.1375 0.24453125
3 0.9109375 0.78046875 0.115625 0.20546875
0 0.3515625 0.34453125 0.146875 0.2609375
0 0.1234375 0.08359375 0.090625 0.1609375
1 0.0015625 0.475 0.003125 0.13359375
0 0.1984375 0.353125 0.1125 0.2
0 0.05859375 0.771875 0.1171875 0.24453125
3 0.51875 0.89453125 0.0875 0.15546875
1 0.815625 0.496875 0.084375 0.15
1 0.1140625 0.61640625 0.065625 0.11640625
2 0.6671875 0.75 0.190625 0.3
3 0.51875 0.346875 0.259375 0.1890625
1 0.434375 0.61953125 0.0625 0.1109375