0 0.7515625 0.76953125 0.090625 0.1609375
1 0.446875 0.0640625 0.065625 0.11640625
0 0.0546875 0.896875 0.109375 0.2
0 0.8359375 0.203125 0.128125 0.228125
3 0.96875 0.8859375 0.0625 0.221875
1 0.3578125 0.896875 0.06875 0.121875
0 0.9171875 0.34453125 0.115625 0.20546875
1 0.215625 0.771875 0.071875 0.128125
3 0.5296875 0.496875 0.11875 0.2109375
1 0.96796875 0.625 0.0640625 0.16640625
2 0.2875 0.775 0.215625 0.321875
3 0.3625 0.6140625 0.153125 0.178125
1 0.215625 0.19453125 0.09375 0.16640625
0 0.828125 0.4859375 0.096875 0.171875
0 0.9640625 0.34140625 0.071875 0.23359375