2 0.92890625 0.6140625 0.1421875 0.20546875
2 0.7046875 0.496875 0.115625 0.24453125
1 0.02109375 0.20859375 0.0421875 0.13359375
1 0.5453125 0.46953125 0.065625 0.11640625
3 0.01484375 0.903125 0.0296875 0.1890625
1 0.621875 0.19140625 0.08125 0.14453125
2 0.1671875 0.48359375 0.128125 0.40546875
1 0.54375 0.35546875 0.084375 0.15
1 0.159375 0.2109375 0.078125 0.1390625
1 0.796875 0.3640625 0.078125 0.1390625
0 0.1640625 0.61640625 0.140625 0.25
2 0.934375 0.1 0.13125 0.19453125
3 0.2453125 0.88046875 0.1375 0.23359375
3 0.9515625 0.20546875 0.096875 0.1609375
0 0.7796875 0.13046875 0.14375 0.25546875
2 0.7109375 0.34453125 0.13125 0.2390625
1 0.02578125 0.0890625 0.0515625 0.171875