0 0.4046875 0.33359375 0.140625 0.25
0 0.03203125 0.09140625 0.0640625 0.178125
3 0.25625 0.8859375 0.190625 0.221875
2 0.4796875 0.771875 0.0875 0.24453125
2 0.2609375 0.478125 0.2 0.25546875
2 0.7140625 0.503125 0.228125 0.23359375
2 0.325 0.76953125 0.109375 0.228125
0 0.246875 0.08359375 0.090625 0.1609375
3 0.015625 0.33359375 0.03125 0.2109375
2 0.1671875 0.33046875 0.078125 0.1609375
2 0.00546875 0.6359375 0.0109375 0.5890625
3 0.328125 0.20546875 0.15625 0.271875
3 0.10703125 0.771875 0.2140625 0.29453125
0 0.0953125 0.103125 0.1125 0.2
3 0.02265625 0.6359375 0.0453125 0.271875
2 0.878125 0.34453125 0.153125 0.371875
3 0.8859375 0.478125 0.159375 0.29453125
0 0.4796875 0.2140625 0.146875 0.2609375
2 0.4890625 0.14140625 0.196875 0.278125
3 0.1734375 0.64140625 0.125 0.24453125
3 0.5640625 0.3390625 0.171875 0.1890625