3 0.478125 0.503125 0.08125 0.14453125
0 0.5640625 0.503125 0.09375 0.16640625
2 0.959375 0.2 0.08125 0.33359375
3 0.39375 0.353125 0.196875 0.36640625
2 0.0203125 0.503125 0.040625 0.23359375
0 0.93984375 0.1109375 0.1203125 0.21640625
0 0.4125 0.20546875 0.121875 0.21640625
3 0.4734375 0.90546875 0.084375 0.13359375
0 0.3234375 0.7609375 0.1125 0.2
3 0.7125 0.75 0.128125 0.271875
2 0.090625 0.34453125 0.153125 0.371875
1 0.95625 0.625 0.059375 0.10546875
3 0.0984375 0.478125 0.159375 0.29453125
1 0.95625 0.2 0.0625 0.1109375
0 0.3328125 0.89453125 0.115625 0.20546875
3 0.7140625 0.49140625 0.0875 0.15546875
1 0.9578125 0.903125 0.084375 0.15546875
2 0.8625 0.61640625 0.125 0.15