1 0.6984375 0.49453125 0.13046875 0.130078125
3 0.4578125 0.20859375 0.17265625 0.172265625
1 0.4640625 0.49140625 0.09140625 0.0912109375
0 0.02421875 0.8859375 0.0484375 0.2158203125
2 0.5421875 0.228125 0.284375 0.284375
0 0.959375 0.50234375 0.08125 0.1140625
2 0.0375 0.496875 0.075 0.1841796875
3 0.6953125 0.08359375 0.12734375 0.12734375
1 0.371875 0.775 0.1125 0.1126953125
3 0.91875 0.771875 0.1015625 0.1017578125
2 0.846875 0.75546875 0.1 0.3609375
0 0.68125 0.225 0.134375 0.134375
1 0.5296875 0.61953125 0.0875 0.155078125
0 0.221875 0.3609375 0.140625 0.25
3 0.0859375 0.76875 0.171875 0.203125
2 0.921875 0.228125 0.140625 0.45
0 0.2921875 0.503125 0.146875 0.147265625