0 0.0421875 0.34140625 0.084375 0.16640625
1 0.909375 0.621875 0.075 0.13359375
1 0.44375 0.20859375 0.0625 0.1109375
2 0.271875 0.61953125 0.19375 0.271875
1 0.90625 0.0859375 0.059375 0.10546875
2 0.7453125 0.6140625 0.115625 0.20546875
0 0.9609375 0.196875 0.078125 0.19453125
2 0.346875 0.771875 0.078125 0.16640625
2 0.584375 0.6140625 0.134375 0.2890625
0 0.040625 0.20546875 0.08125 0.15546875
3 0.96328125 0.33359375 0.0734375 0.19453125
0 0.428125 0.75 0.134375 0.2390625
0 0.19375 0.3640625 0.13125 0.23359375
3 0.0015625 0.625 0.003125 0.178125
0 0.665625 0.3640625 0.090625 0.1609375
0 0.96171875 0.625 0.0765625 0.2
1 0.81875 0.8859375 0.078125 0.1390625