0 0.0265625 0.871875 0.053125 0.25
2 0.1484375 0.35546875 0.228125 0.2109375
2 0.525 0.478125 0.209375 0.4439453125
2 0.8484375 0.63359375 0.27734375 0.276953125
2 0.8515625 0.14453125 0.26328125 0.2634765625
2 0.678125 0.775 0.16875 0.16875
1 0.6015625 0.0890625 0.134375 0.134375
2 0.540625 0.35 0.45625 0.4564453125
3 0.840625 0.7640625 0.146875 0.1466796875
3 0.771875 0.21640625 0.32109375 0.32109375
0 0.6046875 0.75859375 0.146875 0.2609375
2 0.2109375 0.353125 0.1375 0.244140625
1 0.0125 0.3640625 0.025 0.128125
1 0.02265625 0.22421875 0.0453125 0.0703125
0 0.91015625 0.35234375 0.1796875 0.1828125
0 0.928125 0.503125 0.121875 0.2158203125
1 0.05703125 0.0828125 0.1140625 0.121875
0 0.1453125 0.76640625 0.134375 0.134375
2 0.3765625 0.475 0.425 0.424609375