2 0.1359375 0.49453125 0.271875 0.35546875
0 0.2140625 0.8859375 0.0875 0.15546875
2 0.1265625 0.778125 0.171875 0.25546875
3 0.20625 0.771875 0.153125 0.24453125
3 0.83125 0.20859375 0.290625 0.221875
1 0.2078125 0.0859375 0.09375 0.16640625
2 0.596875 0.84453125 0.121875 0.30546875
0 0.6859375 0.33359375 0.1375 0.24453125
1 0.68125 0.91953125 0.0875 0.15546875
0 0.3625 0.621875 0.146875 0.2609375
0 0.7640625 0.496875 0.14375 0.25546875
1 0.671875 0.21953125 0.090625 0.1609375
0 0.284375 0.3359375 0.115625 0.20546875
2 0.0578125 0.6359375 0.115625 0.571875
3 0.2890625 0.746875 0.1125 0.178125
0 0.6046875 0.4890625 0.121875 0.21640625
2 0.765625 0.16640625 0.140625 0.328125
0 0.440625 0.90859375 0.096875 0.171875
1 0.8375 0.35 0.06875 0.121875
1 0.13125 0.625 0.096875 0.171875
1 0.5296875 0.6109375 0.075 0.13359375
1 0.671875 0.4859375 0.059375 0.10546875
2 0.1296875 0.7890625 0.196875 0.41640625
2 0.0296875 0.803125 0.059375 0.3890625
0 0.2828125 0.2109375 0.1125 0.2
3 0.4453125 0.1140625 0.090625 0.221875
2 0.9140625 0.4859375 0.171875 0.521875