0 0.4015625 0.196875 0.1828125 0.1826171875
3 0.490625 0.2 0.309375 0.3095703125
1 0.090625 0.471875 0.071875 0.128125
2 0.859375 0.49375 0.28125 0.30625
0 0.95703125 0.8859375 0.0859375 0.1560546875
2 0.8703125 0.778125 0.171875 0.2560546875
3 0.93671875 0.771875 0.1265625 0.2439453125
2 0.4171875 0.85 0.2484375 0.2486328125
1 0.9515625 0.0859375 0.09375 0.1658203125
3 0.175 0.6359375 0.303125 0.303515625
2 0.565625 0.2140625 0.215625 0.21484375
3 0.24375 0.35546875 0.10234375 0.10234375
0 0.9625 0.33515625 0.075 0.1171875
0 0.646875 0.6390625 0.096875 0.171875
2 0.7140625 0.6359375 0.43125 0.43125
3 0.96875 0.74609375 0.0625 0.1015625
3 0.1 0.3640625 0.1765625 0.176953125
2 0.175 0.86640625 0.128125 0.2609375
1 0.40625 0.35 0.0625 0.112109375
2 0.1546875 0.26640625 0.309375 0.3828125
1 0.1828125 0.771875 0.06875 0.121875
1 0.04609375 0.19375 0.0921875 0.11875
1 0.875 0.625 0.134375 0.134375
2 0.8734375 0.7890625 0.196875 0.416015625
2 0.65 0.803125 0.30625 0.38828125
0 0.98515625 0.2109375 0.0296875 0.2