0 0.02265625 0.08515625 0.0453125 0.0859375
2 0.96796875 0.49609375 0.0640625 0.1234375
1 0.3546875 0.20859375 0.075 0.1330078125
0 0.28125 0.61640625 0.1390625 0.1390625
1 0.8953125 0.46953125 0.09140625 0.0912109375
3 0.3625 0.903125 0.034375 0.187890625
3 0.2703125 0.8859375 0.1765625 0.1765625
0 0.040625 0.87109375 0.08125 0.1390625
1 0.965625 0.19140625 0.06875 0.1451171875
0 0.05390625 0.771875 0.1078125 0.212109375
2 0.5171875 0.48359375 0.128125 0.4048828125
1 0.89375 0.35546875 0.1171875 0.1171875
1 0.509375 0.2109375 0.078125 0.140234375
0 0.5140625 0.61640625 0.140625 0.25
3 0.5953125 0.88046875 0.18515625 0.185546875
2 0.96796875 0.34375 0.0640625 0.121875
1 0.353125 0.0890625 0.134375 0.134375