0 0.7515625 0.196875 0.1828125 0.1826171875
3 0.840625 0.2 0.225 0.3939453125
1 0.440625 0.471875 0.1 0.1
2 0.7671875 0.85 0.203125 0.2939453125
3 0.525 0.6359375 0.303125 0.303515625
2 0.89765625 0.2140625 0.19765625 0.196875
3 0.59375 0.35546875 0.10234375 0.10234375
0 0.95859375 0.63828125 0.0828125 0.1109375
2 0.89765625 0.63515625 0.2046875 0.3265625
3 0.0875 0.15234375 0.175 0.2171875
2 0.2828125 0.76640625 0.22265625 0.22265625
3 0.45 0.3640625 0.14375 0.209765625
2 0.525 0.86640625 0.19453125 0.19453125
3 0.284375 0.478125 0.0875 0.144140625
1 0.75625 0.35 0.0875 0.087109375
2 0.4515625 0.26640625 0.4 0.4
1 0.5328125 0.771875 0.0953125 0.0953125
1 0.36875 0.19453125 0.096875 0.171875
1 0.1296875 0.08359375 0.090625 0.1609375
2 0.0265625 0.3359375 0.053125 0.4439453125
2 0.89375 0.80234375 0.2125 0.2703125
3 0.1328125 0.90859375 0.14609375 0.1462890625
3 0.00703125 0.6359375 0.0140625 0.2158203125