0 0.6171875 0.76640625 0.090625 0.1609375
0 0.8453125 0.09140625 0.1390625 0.1390625
2 0.0546875 0.6078125 0.109375 0.15
3 0.99609375 0.8859375 0.0078125 0.221875
1 0.0640625 0.60859375 0.06875 0.121875
2 0.99609375 0.478125 0.0078125 0.255859375
3 0.6203125 0.63046875 0.12109375 0.1208984375
3 0.7625 0.33359375 0.20546875 0.20546875
2 0.9796875 0.33046875 0.040625 0.1609375
3 0.078125 0.21640625 0.140625 0.140625
2 0.7765625 0.6359375 0.3609375 0.36015625
3 0.90703125 0.771875 0.1859375 0.2939453125
0 0.92421875 0.103125 0.1515625 0.15625
3 0.8484375 0.6359375 0.1640625 0.1640625
2 0.303125 0.2140625 0.2796875 0.2796875
3 0.94765625 0.640625 0.1046875 0.15