3 0.2703125 0.753125 0.1125 0.28359375
1 0.1171875 0.21640625 0.090625 0.1609375
3 0.1171875 0.746875 0.078125 0.2
2 0.5828125 0.78046875 0.25 0.26640625
3 0.99921875 0.75 0.0015625 0.171875
1 0.4203125 0.4859375 0.071875 0.128125
3 0.4296875 0.78046875 0.115625 0.20546875
1 0.965625 0.6140625 0.06875 0.15
3 0.040625 0.89453125 0.08125 0.15546875
1 0.8046875 0.63046875 0.078125 0.1390625
1 0.334375 0.496875 0.084375 0.15
1 0.9953125 0.4890625 0.009375 0.171875
2 0.1859375 0.75 0.190625 0.3
2 0.95390625 0.103125 0.0921875 0.2
0 0.815625 0.49140625 0.146875 0.2609375
3 0.08359375 0.346875 0.1671875 0.1890625
1 0.575 0.35546875 0.0625 0.1109375