2 0.590625 0.625 0.1609375 0.1607421875
2 0.8984375 0.753125 0.203125 0.2560546875
0 0.515625 0.60859375 0.103125 0.1830078125
0 0.02890625 0.490625 0.0578125 0.09375
1 0.95859375 0.0890625 0.0828125 0.1125
0 0.453125 0.6109375 0.128125 0.228125
0 0.60625 0.125 0.1375 0.2439453125
2 0.08671875 0.76875 0.1734375 0.26875
2 0.4359375 0.3640625 0.24375 0.721875
2 0.1625 0.49921875 0.325 0.3734375
2 0.44375 0.828125 0.2390625 0.239453125
0 0.7515625 0.76640625 0.096875 0.171875
1 0.9171875 0.35859375 0.13046875 0.1302734375