2 0.0421875 0.84140625 0.084375 0.3109375
1 0.31875 0.75859375 0.11328125 0.1130859375
3 0.2421875 0.20546875 0.115625 0.115625
3 0.16875 0.75859375 0.13125 0.128125
3 0.7109375 0.4859375 0.225 0.2248046875
1 0.6296875 0.903125 0.1171875 0.1171875
1 0.4765625 0.478125 0.1078125 0.108203125
2 0.71875 0.20859375 0.1578125 0.1578125
3 0.95234375 0.9 0.06171875 0.06171875
1 0.0921875 0.76953125 0.11328125 0.1130859375
1 0.2484375 0.89453125 0.10859375 0.10859375
3 0.328125 0.63359375 0.225 0.144921875
3 0.234375 0.6140625 0.2296875 0.2296875
0 0.03984375 0.3390625 0.0796875 0.25
3 0.92734375 0.60859375 0.1453125 0.1109375
1 0.2359375 0.35 0.1171875 0.1171875
3 0.5546875 0.34140625 0.084375 0.1390625