2 0.8796875 0.496875 0.1796875 0.180078125
1 0.1796875 0.20859375 0.075 0.1330078125
0 0.10625 0.61640625 0.1390625 0.1390625
1 0.7203125 0.46953125 0.09140625 0.0912109375
3 0.1875 0.903125 0.1109375 0.111328125
3 0.0953125 0.8859375 0.1765625 0.1765625
1 0.796875 0.19140625 0.11328125 0.112890625
2 0.3421875 0.48359375 0.26640625 0.2666015625
1 0.71875 0.35546875 0.084375 0.15
1 0.334375 0.2109375 0.078125 0.140234375
1 0.95703125 0.36328125 0.0859375 0.1046875
0 0.3390625 0.61640625 0.1953125 0.1953125
3 0.4203125 0.88046875 0.18515625 0.1853515625
0 0.92421875 0.1296875 0.1515625 0.1875
2 0.8859375 0.34453125 0.18515625 0.18515625
1 0.178125 0.0890625 0.134375 0.134375