3 0.90078125 0.21015625 0.1984375 0.2453125
1 0.8 0.76640625 0.11328125 0.112890625
0 0.2484375 0.353125 0.134375 0.134375
3 0.715625 0.3609375 0.090625 0.155859375
0 0.9609375 0.19609375 0.078125 0.1234375
3 0.5546875 0.2 0.1375 0.137890625
3 0.325 0.896875 0.08125 0.16171875
0 0.95859375 0.49375 0.0828125 0.134375
3 0.7109375 0.6140625 0.13125 0.23984375
3 0.87890625 0.2109375 0.2421875 0.4158203125
2 0.24375 0.503125 0.20625 0.205859375
1 0.97734375 0.07734375 0.0453125 0.0796875
3 0.55625 0.753125 0.196875 0.3060546875