0 0.9796875 0.896875 0.040625 0.2
3 0.071875 0.478125 0.1 0.178125
2 0.06875 0.771875 0.103125 0.337890625
2 0.11953125 0.6328125 0.2390625 0.25625
0 0.8640625 0.09140625 0.1390625 0.1390625
0 0.5375 0.103125 0.15625 0.15625
2 0.4765625 0.221875 0.3203125 0.320703125
2 0.69375 0.503125 0.2421875 0.242578125
3 0.2359375 0.34140625 0.0875 0.15
1 0.625 0.89140625 0.10390625 0.1041015625
3 0.4640625 0.84140625 0.22421875 0.22421875
2 0.3875 0.471875 0.3 0.300390625
3 0.625 0.2109375 0.1515625 0.1515625
3 0.4671875 0.75546875 0.17890625 0.1791015625
2 0.696875 0.61640625 0.19375 0.333203125
3 0.384375 0.34453125 0.1765625 0.1765625
3 0.3078125 0.128125 0.128125 0.25
2 0.10234375 0.8546875 0.2046875 0.23125
1 0.54375 0.76953125 0.13046875 0.1302734375
2 0.540625 0.8390625 0.128125 0.3158203125
3 0.3859375 0.15859375 0.23828125 0.23828125