3 0.696875 0.503125 0.08125 0.1439453125
0 0.7828125 0.503125 0.1296875 0.1298828125
3 0.6125 0.353125 0.28125 0.2814453125
2 0.1453125 0.503125 0.228125 0.2341796875
0 0.63125 0.20546875 0.16953125 0.1693359375
3 0.6921875 0.90546875 0.10859375 0.1087890625
0 0.5421875 0.7609375 0.15625 0.15625
3 0.915625 0.75 0.16875 0.2
2 0.309375 0.34453125 0.2625 0.2625
3 0.3171875 0.478125 0.159375 0.2939453125
2 0.04140625 0.14140625 0.0828125 0.1484375
0 0.5515625 0.89453125 0.16015625 0.1603515625
3 0.9328125 0.49140625 0.12109375 0.1212890625
3 0.05390625 0.33828125 0.1078125 0.1359375