1 0.03671875 0.503125 0.0734375 0.171875
0 0.74375 0.875 0.1375 0.24453125
0 0.9453125 0.34453125 0.109375 0.2609375
0 0.7359375 0.08359375 0.090625 0.1609375
1 0.578125 0.475 0.075 0.13359375
2 0.0515625 0.496875 0.103125 0.9890625
2 0.01171875 0.3609375 0.0234375 0.35546875
0 0.8109375 0.353125 0.1125 0.2
0 0.6609375 0.771875 0.1375 0.24453125
3 0.04921875 0.85 0.0984375 0.29453125
2 0.071875 0.74140625 0.14375 0.5109375
1 0.7265625 0.61640625 0.065625 0.11640625
3 0.18359375 0.86640625 0.3671875 0.2609375