1 0.5796875 0.35859375 0.13046875 0.1302734375
1 0.8171875 0.346875 0.0953125 0.0953125
3 0.746875 0.821875 0.26875 0.26875
1 0.03671875 0.77421875 0.0734375 0.0890625
3 0.03125 0.63828125 0.0625 0.1140625
1 0.6546875 0.6109375 0.125 0.125390625
0 0.19375 0.3640625 0.1390625 0.1390625
2 0.6578125 0.24453125 0.36953125 0.3697265625
1 0.4328125 0.90859375 0.12109375 0.1212890625
3 0.090625 0.21328125 0.18125 0.2390625
1 0.03984375 0.61875 0.0796875 0.090625
1 0.671875 0.76640625 0.1171875 0.1171875
2 0.5046875 0.7609375 0.3296875 0.3296875
3 0.8953125 0.20859375 0.08125 0.066796875