1 0.103125 0.76640625 0.10390625 0.104296875
1 0.559375 0.35 0.0828125 0.0826171875
2 0.121875 0.33828125 0.24375 0.3078125
0 0.6453125 0.471875 0.2 0.1998046875
2 0.640625 0.771875 0.2234375 0.2234375
3 0.803125 0.7609375 0.1390625 0.1390625
0 0.7296875 0.903125 0.134375 0.134375
0 0.253125 0.196875 0.165625 0.165234375
0 0.2609375 0.9 0.1 0.178125
2 0.09375 0.60859375 0.17578125 0.1755859375
0 0.6515625 0.61640625 0.1390625 0.1390625
3 0.71875 0.503125 0.25625 0.25625
3 0.321875 0.46953125 0.215625 0.3548828125
0 0.0328125 0.87109375 0.065625 0.1265625
3 0.325 0.153125 0.25625 0.25625
0 0.4875 0.90546875 0.14296875 0.143359375
3 0.0953125 0.0890625 0.1234375 0.1234375
2 0.1796875 0.19453125 0.1 0.3830078125
3 0.5609375 0.1359375 0.2140625 0.214453125
3 0.97890625 0.19453125 0.0421875 0.2548828125
0 0.94765625 0.89921875 0.1046875 0.1234375
2 0.115625 0.67421875 0.23125 0.3703125
0 0.04140625 0.60859375 0.0828125 0.1421875