1 0.296875 0.621875 0.075 0.13359375
1 0.29375 0.0859375 0.059375 0.10546875
0 0.603125 0.88046875 0.13125 0.23359375
3 0.678125 0.49453125 0.1125 0.20546875
2 0.1328125 0.6140625 0.115625 0.20546875
0 0.3640625 0.196875 0.109375 0.19453125
3 0.8328125 0.11953125 0.171875 0.23359375
1 0.44375 0.21640625 0.08125 0.14453125
2 0.01953125 0.6140625 0.0390625 0.2890625
3 0.965625 0.746875 0.06875 0.2
3 0.3734375 0.33359375 0.11875 0.19453125
3 0.6875 0.753125 0.08125 0.1390625
0 0.053125 0.3640625 0.090625 0.1609375
2 0.7671875 0.803125 0.146875 0.3890625
0 0.3671875 0.625 0.1125 0.2
1 0.20625 0.8859375 0.078125 0.1390625