3 0.6234375 0.90546875 0.16171875 0.1619140625
3 0.396875 0.771875 0.1515625 0.1517578125
0 0.95703125 0.76015625 0.0859375 0.1359375
2 0.2484375 0.61640625 0.1375 0.216796875
1 0.03984375 0.62734375 0.0796875 0.1078125
2 0.790625 0.3640625 0.2125 0.2125
0 0.471875 0.49140625 0.1953125 0.1953125
1 0.4015625 0.621875 0.1078125 0.10859375
0 0.9328125 0.35234375 0.134375 0.1484375
2 0.715625 0.18046875 0.31171875 0.3119140625
2 0.934375 0.6328125 0.13125 0.153125
1 0.2375 0.771875 0.134375 0.134375
3 0.12265625 0.79609375 0.2453125 0.2984375
2 0.3890625 0.1 0.115625 0.1939453125
1 0.5546875 0.6390625 0.1125 0.1126953125
1 0.3234375 0.3640625 0.1046875 0.1044921875
2 0.4765625 0.296875 0.425 0.425390625