0 0.1 0.19140625 0.12109375 0.1212890625
3 0.565625 0.20546875 0.2 0.2
1 0.33125 0.075 0.08125 0.1439453125
1 0.7234375 0.503125 0.090625 0.16171875
0 0.1015625 0.48046875 0.178125 0.178125
2 0.334375 0.625 0.159375 0.18828125
1 0.2546875 0.475 0.0953125 0.0953125
2 0.0390625 0.275 0.078125 0.544140625
2 0.4265625 0.34140625 0.203125 0.2951171875
2 0.5828125 0.3359375 0.2984375 0.298046875
1 0.046875 0.19609375 0.09375 0.1171875
2 0.7296875 0.25546875 0.159375 0.5048828125
3 0.8796875 0.153125 0.2359375 0.2359375
0 0.4125 0.20546875 0.14765625 0.14765625
3 0.4921875 0.76640625 0.18125 0.18125
0 0.6578125 0.10546875 0.16015625 0.1603515625
2 0.04296875 0.88515625 0.0859375 0.1078125
1 0.94765625 0.0828125 0.1046875 0.121875
1 0.6515625 0.33046875 0.065625 0.1169921875
2 0.8171875 0.3359375 0.2890625 0.2892578125
3 0.94140625 0.9078125 0.1171875 0.13125
3 0.809375 0.6359375 0.14375 0.1439453125