2 0.634375 0.625 0.1609375 0.1607421875
2 0.9203125 0.753125 0.159375 0.2560546875
0 0.559375 0.60859375 0.14296875 0.1431640625
0 0.034375 0.49140625 0.06875 0.1609375
1 0.975 0.0890625 0.05 0.090625
0 0.496875 0.6109375 0.178125 0.178125
0 0.65 0.125 0.190625 0.1908203125
2 0.103125 0.76875 0.20625 0.290625
2 0.4796875 0.3640625 0.4828125 0.4828125
2 0.1828125 0.49921875 0.365625 0.3796875
2 0.4875 0.828125 0.2390625 0.23984375
0 0.7953125 0.76640625 0.096875 0.171875
1 0.95703125 0.35859375 0.0859375 0.166796875