0 0.4046875 0.33359375 0.140625 0.25
0 0.04609375 0.090625 0.0921875 0.121875
3 0.25625 0.8859375 0.20625 0.20625
2 0.4796875 0.771875 0.165625 0.166015625
2 0.2609375 0.478125 0.228125 0.2279296875
2 0.7140625 0.503125 0.23125 0.2310546875
2 0.325 0.76953125 0.16875 0.16875
0 0.246875 0.08359375 0.12578125 0.12578125
3 0.015625 0.33359375 0.03125 0.2109375
2 0.1671875 0.33046875 0.11953125 0.11953125
2 0.07734375 0.63515625 0.1546875 0.3015625
3 0.328125 0.20546875 0.15625 0.271875
3 0.11640625 0.77109375 0.2328125 0.2546875
0 0.0953125 0.103125 0.15625 0.15625
3 0.05078125 0.63515625 0.1015625 0.1578125
2 0.878125 0.34453125 0.153125 0.371875
3 0.8859375 0.478125 0.159375 0.2939453125
0 0.4796875 0.2140625 0.203125 0.203515625
2 0.4890625 0.14140625 0.2375 0.2375
3 0.1734375 0.64140625 0.18515625 0.1849609375
3 0.5640625 0.3390625 0.18125 0.180859375