1 0.1734375 0.49453125 0.13046875 0.1302734375
2 0.084375 0.22734375 0.16875 0.2640625
1 0.859375 0.775 0.090625 0.0908203125
0 0.48125 0.503125 0.14375 0.1435546875
3 0.7828125 0.6390625 0.121875 0.216015625
3 0.1703125 0.08359375 0.12734375 0.12734375
0 0.96796875 0.36328125 0.0640625 0.1015625
3 0.39375 0.771875 0.0375 0.1658203125
2 0.321875 0.75546875 0.23046875 0.23046875
3 0.8640625 0.2140625 0.26875 0.26875
0 0.15625 0.225 0.134375 0.134375
1 0.865625 0.61953125 0.09140625 0.0912109375
3 0.5609375 0.19140625 0.19765625 0.1978515625
1 0.0375 0.61875 0.075 0.103125
2 0.396875 0.228125 0.2953125 0.2953125