2 0.2671875 0.49453125 0.271875 0.3548828125
0 0.3453125 0.8859375 0.121875 0.1216796875
2 0.2578125 0.778125 0.171875 0.255859375
3 0.3375 0.771875 0.1984375 0.198828125
3 0.903125 0.2078125 0.19375 0.203125
1 0.3390625 0.0859375 0.09375 0.166015625
2 0.728125 0.84453125 0.21328125 0.213671875
0 0.8171875 0.33359375 0.19140625 0.191015625
1 0.8125 0.91953125 0.12109375 0.1212890625
2 0.05078125 0.21328125 0.1015625 0.1328125
0 0.49375 0.621875 0.146875 0.26171875
0 0.8953125 0.496875 0.2 0.1998046875
1 0.803125 0.21953125 0.12578125 0.12578125
0 0.415625 0.3359375 0.1609375 0.1607421875
0 0.05234375 0.63828125 0.1046875 0.1265625
2 0.1640625 0.6359375 0.328125 0.409375
3 0.4203125 0.746875 0.1125 0.178125
0 0.7359375 0.4890625 0.16875 0.169140625
2 0.896875 0.16640625 0.140625 0.328125
0 0.571875 0.90859375 0.134375 0.134375
1 0.96015625 0.35 0.0796875 0.09375
1 0.2625 0.625 0.096875 0.171875
1 0.6609375 0.6109375 0.075 0.133984375
1 0.803125 0.4859375 0.059375 0.1060546875
2 0.2609375 0.7890625 0.196875 0.4158203125
2 0.11953125 0.80234375 0.2390625 0.2890625
0 0.4140625 0.2109375 0.1125 0.2
3 0.5765625 0.1140625 0.15625 0.15625
2 0.91953125 0.4859375 0.1609375 0.28125