3 0.6375 0.2109375 0.184375 0.34453125
2 0.95078125 0.2 0.0984375 0.3
1 0.49375 0.76640625 0.08125 0.14453125
3 0.409375 0.3609375 0.090625 0.15546875
0 0.7203125 0.196875 0.11875 0.2109375
3 0.2484375 0.2 0.159375 0.11640625
3 0.0296875 0.896875 0.059375 0.1609375
0 0.7265625 0.49453125 0.13125 0.23359375
3 0.4046875 0.6140625 0.13125 0.2390625
0 0.95546875 0.9109375 0.0890625 0.171875
0 0.946875 0.64140625 0.09375 0.16640625
3 0.5734375 0.2109375 0.24375 0.41640625
2 0.01875 0.503125 0.0375 0.2109375
1 0.7265625 0.078125 0.084375 0.15
3 0.25 0.753125 0.196875 0.30546875