3 0.02890625 0.771875 0.0578125 0.221875
3 0.5390625 0.128125 0.05 0.25
0 0.840625 0.6109375 0.14375 0.25546875
1 0.4640625 0.628125 0.090625 0.1609375
3 0.9359375 0.75859375 0.096875 0.178125
1 0.02265625 0.475 0.0453125 0.16640625
0 0.2984375 0.88046875 0.13125 0.23359375
1 0.075 0.4890625 0.078125 0.1390625
0 0.21875 0.78046875 0.11875 0.2109375
0 0.45 0.13046875 0.14375 0.25546875
3 0.846875 0.19453125 0.209375 0.38359375
2 0.303125 0.64140625 0.24375 0.478125
2 0.46875 0.8390625 0.175 0.31640625
1 0.9296875 0.33046875 0.065625 0.11640625
0 0.071875 0.6140625 0.128125 0.228125
1 0.459375 0.35859375 0.065625 0.11640625
1 0.2265625 0.08046875 0.0625 0.1109375