3 0.8625 0.36640625 0.275 0.728125
2 0.4953125 0.225 0.125 0.44453125
2 0.340625 0.496875 0.278125 0.328125
2 0.01875 0.8 0.0375 0.39453125
2 0.996875 0.16953125 0.00625 0.33359375
2 0.1859375 0.73359375 0.1625 0.528125
2 0.7375 0.76640625 0.121875 0.3890625
2 0.04453125 0.6140625 0.0890625 0.278125
3 0.6484375 0.46953125 0.25 0.33359375
1 0.03359375 0.48046875 0.0671875 0.16640625
0 0.3421875 0.746875 0.1375 0.24453125
0 0.5671875 0.20546875 0.0875 0.15546875
3 0.18125 0.4890625 0.078125 0.16640625
0 0.5734375 0.3359375 0.13125 0.23359375
0 0.1046875 0.34453125 0.0875 0.15546875
0 0.1921875 0.621875 0.090625 0.1609375
0 0.2671875 0.0859375 0.09375 0.16640625
1 0.1109375 0.75 0.0875 0.15546875
1 0.8140625 0.21640625 0.08125 0.14453125
3 0.49375 0.61953125 0.140625 0.1
3 0.3390625 0.1359375 0.075 0.26640625
3 0.653125 0.18046875 0.2 0.35546875
3 0.25625 0.4859375 0.153125 0.1390625
1 0.890625 0.475 0.06875 0.121875
2 0.94921875 0.2140625 0.1015625 0.29453125
2 0.1859375 0.34453125 0.128125 0.178125
3 0.2640625 0.6359375 0.084375 0.1609375
0 0.49375 0.0890625 0.096875 0.171875
2 0.5734375 0.8859375 0.125 0.2109375