1 0.690625 0.621875 0.075 0.13359375
1 0.225 0.20859375 0.0625 0.1109375
2 0.075 0.61953125 0.15 0.271875
1 0.6875 0.0859375 0.059375 0.10546875
0 0.965625 0.88046875 0.06875 0.23359375
2 0.5265625 0.6140625 0.115625 0.20546875
0 0.7578125 0.196875 0.109375 0.19453125
1 0.8375 0.21640625 0.08125 0.14453125
2 0.128125 0.771875 0.078125 0.16640625
2 0.365625 0.6140625 0.134375 0.2890625
3 0.7671875 0.33359375 0.11875 0.19453125
0 0.209375 0.75 0.134375 0.2390625
0 0.0203125 0.3640625 0.040625 0.23359375
0 0.446875 0.3640625 0.090625 0.1609375
0 0.7609375 0.625 0.1125 0.2
1 0.6 0.8859375 0.078125 0.1390625