0 0.6234375 0.33359375 0.140625 0.25
0 0.025 0.76640625 0.05 0.1609375
0 0.2328125 0.09140625 0.1 0.178125
3 0.475 0.8859375 0.190625 0.221875
2 0.6984375 0.771875 0.165625 0.1658203125
2 0.4796875 0.478125 0.228125 0.2279296875
3 0.02265625 0.63046875 0.0453125 0.1669921875
2 0.90234375 0.50234375 0.1953125 0.2078125
2 0.54375 0.76953125 0.16875 0.16875
0 0.465625 0.08359375 0.090625 0.1609375
3 0.15 0.33359375 0.2 0.2109375
2 0.3859375 0.33046875 0.11953125 0.11953125
2 0.171875 0.63515625 0.34375 0.3609375
3 0.546875 0.20546875 0.2140625 0.2140625
3 0.3171875 0.771875 0.23125 0.2939453125
0 0.3140625 0.103125 0.1125 0.2
3 0.2359375 0.6359375 0.05625 0.271875
0 0.6984375 0.2140625 0.203125 0.203515625
2 0.7078125 0.14140625 0.2375 0.2375
3 0.3921875 0.64140625 0.18515625 0.1849609375
3 0.7828125 0.3390625 0.171875 0.18984375