1 0.671875 0.76640625 0.10390625 0.1041015625
2 0.078125 0.47734375 0.15625 0.2515625
2 0.2796875 0.63359375 0.27734375 0.2771484375
2 0.2828125 0.14453125 0.24375 0.2830078125
2 0.109375 0.775 0.115625 0.221875
1 0.040625 0.0890625 0.08125 0.171875
2 0.6578125 0.3390625 0.134375 0.4841796875
2 0.1171875 0.34921875 0.234375 0.3890625
3 0.271875 0.7640625 0.146875 0.146484375
3 0.203125 0.21640625 0.23125 0.4109375
0 0.0734375 0.7578125 0.146875 0.184375
0 0.821875 0.196875 0.11875 0.212109375
0 0.8296875 0.9 0.1 0.178125
2 0.6625 0.60859375 0.17578125 0.1755859375
3 0.8734375 0.46875 0.253125 0.284375
0 0.503125 0.871875 0.1953125 0.1953125
3 0.8828125 0.153125 0.234375 0.25625
0 0.34375 0.353125 0.1828125 0.1826171875
0 0.359375 0.503125 0.16875 0.1689453125
3 0.6640625 0.0890625 0.1234375 0.1234375
2 0.7484375 0.19453125 0.24140625 0.241796875
2 0.578125 0.675 0.16875 0.6439453125
0 0.51875 0.60859375 0.20390625 0.20390625