3 0.29375 0.5 0.20625 0.2064453125
0 0.2796875 0.35859375 0.109375 0.1951171875
2 0.87265625 0.49609375 0.2546875 0.2796875
2 0.5125 0.8 0.1875 0.3939453125
2 0.7546875 0.73359375 0.3453125 0.3453125
0 0.03671875 0.88515625 0.0734375 0.1234375
2 0.525 0.6140625 0.265625 0.278125
2 0.10078125 0.20234375 0.2015625 0.2671875
1 0.5890625 0.48046875 0.13046875 0.1302734375
0 0.9109375 0.746875 0.1375 0.2439453125
3 0.1984375 0.33359375 0.153125 0.153125
3 0.75 0.4890625 0.121875 0.122265625
0 0.6734375 0.34453125 0.12109375 0.1212890625
0 0.0671875 0.88828125 0.134375 0.1609375
3 0.3546875 0.1390625 0.1828125 0.1828125
0 0.7609375 0.621875 0.1265625 0.126171875
2 0.1265625 0.503125 0.146875 0.25
0 0.8359375 0.0859375 0.1296875 0.1298828125
1 0.6796875 0.75 0.0875 0.1560546875
3 0.984375 0.61875 0.03125 0.053125
3 0.9078125 0.1359375 0.1703125 0.1705078125
3 0.825 0.4859375 0.146875 0.14609375
2 0.7546875 0.34453125 0.128125 0.178125
1 0.203125 0.91640625 0.059375 0.1048828125
3 0.8328125 0.6359375 0.084375 0.16015625