0 0.209375 0.88046875 0.18203125 0.1822265625
3 0.284375 0.49453125 0.15859375 0.1587890625
3 0.8875 0.6328125 0.225 0.2625
0 0.0125 0.196875 0.025 0.1939453125
3 0.4390625 0.11953125 0.20234375 0.2025390625
1 0.053125 0.215625 0.10625 0.1125
3 0.59375 0.746875 0.1125 0.2
3 0.01953125 0.33359375 0.0390625 0.1951171875
3 0.29375 0.753125 0.109375 0.11015625
1 0.96875 0.22109375 0.0625 0.0765625
2 0.3734375 0.803125 0.2671875 0.267578125
0 0.01484375 0.625 0.0296875 0.2
3 0.921875 0.20546875 0.10625 0.1951171875