3 0.4890625 0.753125 0.1984375 0.1982421875
1 0.3359375 0.21640625 0.090625 0.1609375
3 0.3359375 0.746875 0.078125 0.2
2 0.8015625 0.78046875 0.25 0.2669921875
1 0.6390625 0.4859375 0.1 0.1
3 0.6484375 0.78046875 0.16015625 0.1603515625
0 0.0953125 0.34375 0.190625 0.203125
3 0.25625 0.89453125 0.12109375 0.1212890625
1 0.9765625 0.6296875 0.046875 0.078125
1 0.553125 0.496875 0.1171875 0.1171875
2 0.4046875 0.75 0.190625 0.3
0 0.98046875 0.49140625 0.0390625 0.2609375
3 0.25625 0.346875 0.2234375 0.22421875
1 0.171875 0.61953125 0.0625 0.1109375
1 0.79375 0.35546875 0.08671875 0.08671875