3 0.840625 0.36640625 0.31875 0.728125
2 0.4515625 0.225 0.125 0.444140625
2 0.296875 0.496875 0.303125 0.303125
2 0.9390625 0.16875 0.121875 0.190625
2 0.15703125 0.73359375 0.3140625 0.3453125
2 0.69375 0.76640625 0.25546875 0.25546875
2 0.0515625 0.61328125 0.103125 0.1609375
3 0.6046875 0.46953125 0.29140625 0.291796875
1 0.0296875 0.4796875 0.059375 0.09375
0 0.2984375 0.746875 0.1375 0.244140625
0 0.5234375 0.20546875 0.12109375 0.1212890625
3 0.1375 0.4890625 0.078125 0.1658203125
0 0.5296875 0.3359375 0.1828125 0.1826171875
0 0.0609375 0.34453125 0.12109375 0.1212890625
0 0.1484375 0.621875 0.090625 0.162109375
0 0.2234375 0.0859375 0.1296875 0.130078125
1 0.0671875 0.75 0.121875 0.1216796875
1 0.7703125 0.21640625 0.11328125 0.1130859375
3 0.45 0.61953125 0.1203125 0.1203125
3 0.2953125 0.1359375 0.075 0.2658203125
3 0.609375 0.18046875 0.2 0.3548828125
3 0.2125 0.4859375 0.153125 0.13984375
1 0.846875 0.475 0.0953125 0.0953125
2 0.9265625 0.2140625 0.14375 0.2939453125
2 0.1421875 0.34453125 0.153125 0.153125
3 0.2203125 0.6359375 0.121875 0.122265625
0 0.45 0.0890625 0.134375 0.134375
2 0.5296875 0.8859375 0.1671875 0.167578125