0 0.00625 0.19140625 0.0125 0.1548828125
3 0.434375 0.20546875 0.15 0.25
1 0.2 0.075 0.1125 0.1126953125
1 0.5921875 0.503125 0.1265625 0.12578125
0 0.0171875 0.48046875 0.034375 0.228125
2 0.203125 0.625 0.1734375 0.17421875
1 0.1234375 0.475 0.0953125 0.0953125
2 0.2953125 0.34140625 0.24921875 0.2490234375
2 0.4515625 0.3359375 0.2984375 0.2982421875
2 0.5984375 0.25546875 0.159375 0.5048828125
3 0.7484375 0.153125 0.2359375 0.2359375
2 0.9578125 0.76640625 0.084375 0.3109375
0 0.28125 0.20546875 0.14765625 0.14765625
3 0.3609375 0.76640625 0.2125 0.15
0 0.5265625 0.10546875 0.16015625 0.1603515625
3 0.9703125 0.478125 0.059375 0.144140625
1 0.8296875 0.08359375 0.12578125 0.12578125
1 0.5203125 0.33046875 0.09140625 0.0912109375
2 0.6859375 0.3359375 0.134375 0.4439453125
3 0.8328125 0.90859375 0.14609375 0.1462890625
3 0.678125 0.6359375 0.14375 0.144140625