2 0.92109375 0.190625 0.1578125 0.2
3 0.3640625 0.128125 0.15 0.15
0 0.665625 0.6109375 0.14375 0.2560546875
1 0.2890625 0.628125 0.1265625 0.12578125
3 0.7609375 0.75859375 0.1375 0.1375
0 0.1234375 0.88046875 0.18203125 0.1822265625
0 0.9640625 0.63046875 0.071875 0.205078125
0 0.06484375 0.7796875 0.1296875 0.15625
0 0.95546875 0.090625 0.0890625 0.11875
0 0.275 0.13046875 0.19921875 0.199609375
3 0.671875 0.19453125 0.29609375 0.296484375
2 0.15390625 0.64140625 0.3078125 0.3609375
2 0.29375 0.8390625 0.175 0.3158203125
1 0.7546875 0.33046875 0.065625 0.116796875
2 0.9 0.36015625 0.2 0.2046875
3 0.9 0.88046875 0.17734375 0.1775390625
1 0.284375 0.35859375 0.09140625 0.091015625
1 0.0515625 0.08046875 0.0625 0.1109375