1 0.84375 0.225 0.1046875 0.1044921875
2 0.0640625 0.49375 0.128125 0.203125
0 0.03359375 0.88515625 0.0671875 0.0984375
3 0.03203125 0.771875 0.0640625 0.244140625
3 0.6125 0.20859375 0.290625 0.221875
1 0.01796875 0.0859375 0.0359375 0.166015625
2 0.378125 0.84453125 0.21328125 0.213671875
0 0.4671875 0.33359375 0.19140625 0.1912109375
1 0.4625 0.91953125 0.12109375 0.1212890625
0 0.14375 0.621875 0.2046875 0.204296875
0 0.5453125 0.496875 0.2 0.1998046875
1 0.453125 0.21953125 0.12578125 0.12578125
0 0.07265625 0.33515625 0.1453125 0.1609375
3 0.07109375 0.74609375 0.1421875 0.1453125
0 0.3859375 0.4890625 0.121875 0.2158203125
2 0.546875 0.16640625 0.234375 0.234375
0 0.221875 0.90859375 0.134375 0.134375
1 0.61875 0.35 0.0953125 0.0953125
1 0.3109375 0.6109375 0.075 0.1341796875
1 0.453125 0.4859375 0.0828125 0.0826171875
2 0.0046875 0.7890625 0.009375 0.4158203125
0 0.07109375 0.2109375 0.1421875 0.15625
3 0.2265625 0.1140625 0.15625 0.15625
2 0.703125 0.4859375 0.1875 0.521875