0 0.5765625 0.196875 0.1828125 0.1826171875
3 0.665625 0.2 0.225 0.3939453125
1 0.265625 0.471875 0.071875 0.128125
2 0.959375 0.49453125 0.08125 0.3548828125
2 0.95234375 0.77734375 0.0953125 0.1484375
2 0.5921875 0.85 0.203125 0.2939453125
3 0.35 0.6359375 0.240625 0.3658203125
2 0.740625 0.2140625 0.215625 0.215234375
3 0.41875 0.35546875 0.10234375 0.10234375
0 0.821875 0.6390625 0.134375 0.134375
2 0.83203125 0.63515625 0.3359375 0.4140625
2 0.109375 0.765625 0.21875 0.221875
3 0.275 0.3640625 0.1765625 0.176953125
2 0.35 0.86640625 0.19453125 0.19453125
3 0.109375 0.478125 0.0875 0.144140625
1 0.58125 0.35 0.0875 0.087109375
2 0.2765625 0.26640625 0.271875 0.528125
1 0.3578125 0.771875 0.0953125 0.0953125
1 0.19375 0.19453125 0.096875 0.171875
2 0.975 0.7890625 0.05 0.416015625
2 0.825 0.803125 0.346875 0.347265625
3 0.01328125 0.90859375 0.0265625 0.1548828125