1 0.584375 0.76640625 0.10390625 0.1041015625
2 0.1921875 0.63359375 0.27734375 0.2771484375
2 0.1953125 0.14453125 0.26328125 0.263671875
2 0.05703125 0.77421875 0.1140625 0.1515625
2 0.5703125 0.3390625 0.309375 0.308984375
3 0.184375 0.7640625 0.146875 0.1466796875
3 0.1375 0.215625 0.275 0.321875
0 0.040625 0.7578125 0.08125 0.140625
0 0.734375 0.196875 0.165625 0.165234375
0 0.7421875 0.9 0.1390625 0.1390625
2 0.575 0.60859375 0.17578125 0.1755859375
3 0.803125 0.46953125 0.28515625 0.2853515625
0 0.415625 0.871875 0.1953125 0.1953125
3 0.80625 0.153125 0.2125 0.3
0 0.25625 0.353125 0.13125 0.2341796875
0 0.271875 0.503125 0.16875 0.1689453125
0 0.94609375 0.9046875 0.1078125 0.134375
3 0.5765625 0.0890625 0.1234375 0.1234375
2 0.6609375 0.19453125 0.24140625 0.2416015625
3 0.98046875 0.1359375 0.0390625 0.2658203125
2 0.490625 0.675 0.40625 0.4064453125
0 0.43125 0.60859375 0.20390625 0.20390625