2 0.278125 0.6140625 0.153125 0.2060546875
2 0.0703125 0.49609375 0.140625 0.1765625
1 0.98046875 0.2140625 0.0390625 0.140234375
1 0.6703125 0.75859375 0.11328125 0.112890625
2 0.95546875 0.70546875 0.0890625 0.5830078125
0 0.903125 0.88046875 0.13125 0.233203125
3 0.4453125 0.18046875 0.27421875 0.2744140625
1 0.0203125 0.190625 0.040625 0.075
3 0.6015625 0.225 0.253125 0.25390625
1 0.8421875 0.6359375 0.1 0.1
0 0.7640625 0.46953125 0.1734375 0.1734375
1 0.6046875 0.0859375 0.1296875 0.130078125
1 0.140625 0.3640625 0.109375 0.10859375
0 0.94296875 0.7609375 0.1140625 0.15
3 0.9078125 0.7609375 0.184375 0.1658203125
0 0.5921875 0.3640625 0.1484375 0.148046875
2 0.2875 0.1 0.171875 0.172265625
0 0.91875 0.48046875 0.14765625 0.14765625
3 0.6828125 0.153125 0.246875 0.246875
3 0.36875 0.20546875 0.24375 0.1609375
0 0.1234375 0.13046875 0.19921875 0.1994140625
2 0.075 0.34453125 0.15 0.1796875