0 0.7859375 0.11640625 0.178125 0.178125
0 0.0578125 0.1296875 0.115625 0.1625
2 0.39375 0.471875 0.253125 0.253515625
0 0.240625 0.353125 0.14375 0.1435546875
3 0.4 0.19140625 0.11796875 0.1181640625
2 0.8578125 0.5 0.203125 0.202734375
1 0.8546875 0.75546875 0.134375 0.134375
2 0.715625 0.46953125 0.40546875 0.40546875
3 0.6203125 0.8890625 0.1796875 0.180078125
2 0.97265625 0.49453125 0.0546875 0.3890625
0 0.9734375 0.13046875 0.053125 0.2548828125
1 0.3984375 0.8890625 0.1296875 0.1298828125
2 0.07109375 0.61875 0.1421875 0.228125
2 0.2296875 0.18359375 0.1875 0.3609375
2 0.4 0.33359375 0.29921875 0.29921875