3 0.07578125 0.75234375 0.1515625 0.1953125
2 0.3640625 0.78046875 0.25 0.2669921875
3 0.821875 0.75 0.084375 0.171875
1 0.2015625 0.4859375 0.1 0.1
3 0.2109375 0.78046875 0.115625 0.205078125
1 0.7546875 0.6140625 0.1171875 0.1171875
1 0.5859375 0.63046875 0.078125 0.1390625
0 0.94609375 0.62109375 0.1078125 0.1359375
1 0.115625 0.496875 0.084375 0.15
1 0.8203125 0.4890625 0.134375 0.134375
2 0.0609375 0.75 0.121875 0.18125
2 0.753125 0.103125 0.1640625 0.1640625
3 0.94375 0.35546875 0.1125 0.366796875
0 0.596875 0.49140625 0.20390625 0.20390625
1 0.35625 0.35546875 0.08671875 0.08671875