0 0.1875 0.19140625 0.12109375 0.1212890625
3 0.653125 0.20546875 0.15 0.25
1 0.41875 0.075 0.08125 0.1439453125
1 0.8109375 0.503125 0.090625 0.162109375
0 0.1890625 0.48046875 0.178125 0.178125
2 0.421875 0.625 0.1734375 0.17421875
1 0.3421875 0.475 0.06875 0.121875
2 0.1296875 0.27421875 0.259375 0.3546875
2 0.5140625 0.34140625 0.203125 0.2951171875
2 0.6703125 0.3359375 0.2984375 0.2982421875
1 0.1109375 0.196875 0.09375 0.1658203125
2 0.8171875 0.25546875 0.33203125 0.332421875
3 0.91796875 0.153125 0.1640625 0.209375
0 0.5 0.20546875 0.14765625 0.14765625
3 0.5796875 0.76640625 0.18125 0.18125
0 0.7453125 0.10546875 0.16015625 0.160546875
2 0.0765625 0.8859375 0.1515625 0.1515625
0 0.0078125 0.778125 0.015625 0.178125
2 0.03984375 0.21875 0.0796875 0.134375
1 0.7390625 0.33046875 0.09140625 0.0912109375
2 0.8796875 0.33515625 0.240625 0.2890625
3 0.97421875 0.9078125 0.0515625 0.0875
3 0.896875 0.6359375 0.071875 0.2158203125