2 0.9546875 0.496875 0.090625 0.2439453125
1 0.2671875 0.20859375 0.10390625 0.1041015625
0 0.19375 0.61640625 0.1 0.178125
1 0.8078125 0.46953125 0.09140625 0.0912109375
3 0.275 0.903125 0.1109375 0.111328125
3 0.1828125 0.8859375 0.1765625 0.1765625
1 0.884375 0.19140625 0.08125 0.144921875
0 0.01015625 0.771875 0.0203125 0.212109375
2 0.4296875 0.48359375 0.128125 0.4048828125
1 0.80625 0.35546875 0.084375 0.15
1 0.421875 0.2109375 0.109375 0.10859375
0 0.4265625 0.61640625 0.1953125 0.1953125
3 0.5078125 0.88046875 0.18515625 0.185546875
0 0.98515625 0.13046875 0.0296875 0.255078125
2 0.93515625 0.34375 0.1296875 0.165625
1 0.265625 0.0890625 0.134375 0.134375