2 0.93671875 0.61328125 0.1265625 0.1515625
2 0.7484375 0.496875 0.1796875 0.1798828125
1 0.05 0.2078125 0.1 0.103125
0 0.03125 0.61640625 0.0625 0.1015625
1 0.5890625 0.46953125 0.065625 0.116796875
3 0.05625 0.903125 0.1109375 0.111328125
3 0.03828125 0.88515625 0.0765625 0.1265625
1 0.665625 0.19140625 0.08125 0.144921875
2 0.2109375 0.48359375 0.26640625 0.2666015625
1 0.5875 0.35546875 0.084375 0.15
1 0.203125 0.2109375 0.109375 0.108984375
1 0.840625 0.3640625 0.078125 0.140234375
0 0.2078125 0.61640625 0.140625 0.25
2 0.94296875 0.09921875 0.1140625 0.1421875
3 0.2890625 0.88046875 0.1375 0.2330078125
3 0.9734375 0.20546875 0.053125 0.1609375
0 0.8234375 0.13046875 0.19921875 0.1994140625
2 0.7546875 0.34453125 0.13125 0.2390625
1 0.05703125 0.08828125 0.1140625 0.1328125