1 0.7859375 0.49453125 0.13046875 0.1302734375
3 0.5453125 0.20859375 0.17265625 0.1724609375
1 0.5515625 0.49140625 0.065625 0.116796875
0 0.0796875 0.88515625 0.159375 0.1703125
2 0.6296875 0.228125 0.284375 0.284375
2 0.08359375 0.49609375 0.1671875 0.1734375
3 0.7828125 0.08359375 0.12734375 0.12734375
3 0.0328125 0.49375 0.065625 0.10625
1 0.459375 0.775 0.1125 0.112890625
3 0.97421875 0.77109375 0.0515625 0.0890625
2 0.934375 0.75546875 0.1 0.3609375
0 0.76875 0.225 0.134375 0.134375
1 0.6171875 0.61953125 0.0875 0.155078125
0 0.309375 0.3609375 0.1953125 0.1953125
3 0.15625 0.76953125 0.15 0.2609375
2 0.96953125 0.228125 0.0609375 0.45
0 0.3796875 0.503125 0.10625 0.18828125