0 0.7953125 0.76953125 0.090625 0.1609375
1 0.490625 0.0640625 0.065625 0.11640625
0 0.096875 0.896875 0.1125 0.2
0 0.8796875 0.203125 0.128125 0.228125
3 0.990625 0.8859375 0.01875 0.221875
1 0.4015625 0.896875 0.06875 0.121875
0 0.9515625 0.34453125 0.096875 0.20546875
1 0.259375 0.771875 0.071875 0.128125
3 0.5734375 0.496875 0.11875 0.2109375
1 0.98984375 0.625 0.0203125 0.16640625
2 0.33125 0.775 0.215625 0.321875
3 0.40625 0.6140625 0.153125 0.178125
1 0.259375 0.19453125 0.09375 0.16640625
0 0.871875 0.4859375 0.096875 0.171875
0 0.9859375 0.34140625 0.028125 0.23359375