0 0.7953125 0.76953125 0.12578125 0.12578125
1 0.490625 0.0640625 0.090625 0.0908203125
0 0.096875 0.896875 0.15625 0.15625
0 0.8796875 0.203125 0.128125 0.228125
3 0.96484375 0.88515625 0.0703125 0.1203125
1 0.4015625 0.896875 0.0953125 0.0953125
0 0.9375 0.34375 0.125 0.15
1 0.259375 0.771875 0.1 0.1
3 0.5734375 0.496875 0.11875 0.212109375
1 0.97109375 0.62421875 0.0578125 0.0921875
2 0.33125 0.775 0.215625 0.321875
3 0.40625 0.6140625 0.165625 0.165625
1 0.259375 0.19453125 0.09375 0.1669921875
0 0.871875 0.4859375 0.134375 0.134375
0 0.96015625 0.340625 0.0796875 0.13125