3 0.08359375 0.77109375 0.1671875 0.1765625
3 0.6265625 0.128125 0.05 0.25
0 0.9140625 0.61015625 0.171875 0.1984375
1 0.5515625 0.628125 0.1265625 0.126171875
3 0.9875 0.75859375 0.025 0.178125
1 0.0859375 0.475 0.1296875 0.130078125
0 0.3859375 0.88046875 0.18203125 0.182421875
1 0.1625 0.4890625 0.109375 0.108984375
0 0.30625 0.78046875 0.11875 0.2109375
0 0.5375 0.13046875 0.19921875 0.1994140625
3 0.88828125 0.19375 0.2234375 0.278125
2 0.390625 0.64140625 0.3609375 0.3609375
2 0.55625 0.8390625 0.2453125 0.2455078125
1 0.97890625 0.3296875 0.0421875 0.065625
0 0.159375 0.6140625 0.178125 0.178125
1 0.546875 0.35859375 0.09140625 0.0912109375
1 0.3140625 0.08046875 0.08671875 0.08671875