1 0.93125 0.225 0.075 0.13359375
2 0.0703125 0.49453125 0.140625 0.35546875
0 0.0828125 0.8859375 0.0875 0.15546875
2 0.040625 0.778125 0.08125 0.25546875
3 0.07578125 0.771875 0.1515625 0.24453125
3 0.7 0.20859375 0.290625 0.221875
1 0.0765625 0.0859375 0.09375 0.16640625
2 0.465625 0.84453125 0.121875 0.30546875
0 0.5546875 0.33359375 0.1375 0.24453125
1 0.55 0.91953125 0.0875 0.15546875
0 0.23125 0.621875 0.146875 0.2609375
0 0.6328125 0.496875 0.14375 0.25546875
1 0.540625 0.21953125 0.090625 0.1609375
0 0.153125 0.3359375 0.115625 0.20546875
3 0.1578125 0.746875 0.1125 0.178125
0 0.4734375 0.4890625 0.121875 0.21640625
2 0.634375 0.16640625 0.140625 0.328125
0 0.309375 0.90859375 0.096875 0.171875
1 0.70625 0.35 0.06875 0.121875
1 0.02421875 0.625 0.0484375 0.171875
1 0.3984375 0.6109375 0.075 0.13359375
1 0.540625 0.4859375 0.059375 0.10546875
2 0.0484375 0.7890625 0.096875 0.41640625
0 0.1515625 0.2109375 0.1125 0.2
3 0.3140625 0.1140625 0.090625 0.221875
2 0.790625 0.4859375 0.1875 0.521875