1 0.778125 0.621875 0.075 0.13359375
1 0.3125 0.20859375 0.0625 0.1109375
2 0.140625 0.61953125 0.19375 0.271875
1 0.775 0.0859375 0.059375 0.10546875
2 0.6140625 0.6140625 0.115625 0.20546875
0 0.8453125 0.196875 0.109375 0.19453125
1 0.925 0.21640625 0.08125 0.14453125
2 0.215625 0.771875 0.078125 0.16640625
2 0.453125 0.6140625 0.134375 0.2890625
3 0.8546875 0.33359375 0.11875 0.19453125
0 0.296875 0.75 0.134375 0.2390625
0 0.0640625 0.3640625 0.128125 0.23359375
0 0.534375 0.3640625 0.090625 0.1609375
0 0.8484375 0.625 0.1125 0.2
1 0.6875 0.8859375 0.078125 0.1390625