0 0.475 0.34140625 0.09375 0.1669921875
0 0.2453125 0.9140625 0.1296875 0.1298828125
1 0.88125 0.20859375 0.08671875 0.08671875
2 0.709375 0.61953125 0.19375 0.271875
1 0.2453125 0.35546875 0.12109375 0.121484375
3 0.1703125 0.06953125 0.10234375 0.10234375
2 0.784375 0.771875 0.078125 0.1658203125
2 0.94609375 0.61328125 0.1078125 0.1671875
0 0.1640625 0.60859375 0.125 0.221875
0 0.475 0.20546875 0.12109375 0.1212890625
0 0.328125 0.48046875 0.14296875 0.1431640625
0 0.865625 0.75 0.134375 0.23828125
0 0.63125 0.3640625 0.13125 0.2341796875
2 0.1734375 0.246875 0.309375 0.309765625
3 0.39375 0.625 0.1359375 0.1359375
1 0.39375 0.34140625 0.08125 0.144921875