3 0.8234375 0.771875 0.13125 0.221875
0 0.66875 0.88359375 0.178125 0.178125
1 0.8296875 0.475 0.1296875 0.130078125
3 0.2734375 0.4859375 0.225 0.2248046875
1 0.90625 0.4890625 0.109375 0.108984375
1 0.1921875 0.903125 0.1171875 0.1171875
1 0.04609375 0.47734375 0.0921875 0.1078125
2 0.28125 0.20859375 0.1578125 0.1578125
0 0.96953125 0.7796875 0.0609375 0.109375
0 0.6640625 0.1140625 0.1734375 0.1734375
3 0.5171875 0.9 0.0640625 0.0640625
3 0.0015625 0.63359375 0.003125 0.144921875
3 0.5046875 0.60859375 0.175 0.1109375
0 0.903125 0.6140625 0.178125 0.178125
3 0.1171875 0.34140625 0.084375 0.1390625