0 0.6546875 0.11640625 0.178125 0.178125
0 0.94765625 0.3640625 0.1046875 0.233984375
2 0.2625 0.471875 0.1125 0.394140625
0 0.109375 0.353125 0.14375 0.1435546875
3 0.26875 0.19140625 0.11796875 0.118359375
2 0.7265625 0.5 0.203125 0.202734375
1 0.7234375 0.75546875 0.134375 0.134375
3 0.9484375 0.7640625 0.103125 0.240234375
2 0.584375 0.46953125 0.40546875 0.40546875
3 0.4890625 0.8890625 0.1796875 0.180078125
2 0.88125 0.49375 0.2375 0.2875
2 0.975 0.1859375 0.05 0.3658203125
0 0.8875 0.13046875 0.19921875 0.1994140625
3 0.96640625 0.36015625 0.0671875 0.1171875
1 0.2671875 0.8890625 0.09375 0.1658203125
2 0.1171875 0.1828125 0.234375 0.275
2 0.26875 0.33359375 0.29921875 0.29921875