0 0.8140625 0.871875 0.1953125 0.1953125
2 0.08828125 0.496875 0.1765625 0.378125
2 0.271875 0.2 0.2015625 0.20234375
3 0.4265625 0.2140625 0.1578125 0.1578125
2 0.03203125 0.8796875 0.0640625 0.121875
2 0.92265625 0.3546875 0.1546875 0.171875
3 0.665625 0.503125 0.1953125 0.1953125
2 0.121875 0.35 0.24375 0.321875
2 0.275 0.80546875 0.26015625 0.2603515625
2 0.98671875 0.353125 0.0265625 0.2439453125
2 0.109375 0.36875 0.21875 0.390625
1 0.8203125 0.3640625 0.1 0.1
1 0.8171875 0.225 0.0953125 0.0953125
3 0.496875 0.0859375 0.13125 0.13203125
0 0.346875 0.35 0.128125 0.228125
1 0.8859375 0.08359375 0.12109375 0.121484375
0 0.9640625 0.76640625 0.071875 0.171875
3 0.2625 0.48046875 0.159375 0.271875
2 0.0796875 0.640625 0.159375 0.21875
3 0.0109375 0.75546875 0.021875 0.144921875