1 0.0375 0.49375 0.075 0.10625
1 0.684375 0.775 0.065625 0.1158203125
0 0.30625 0.503125 0.14375 0.143359375
3 0.6078125 0.6390625 0.121875 0.216015625
3 0.0359375 0.08359375 0.071875 0.1015625
0 0.85 0.3640625 0.1 0.178125
3 0.21875 0.771875 0.1015625 0.101953125
2 0.146875 0.75546875 0.23046875 0.23046875
3 0.6890625 0.2140625 0.1875 0.35
0 0.01484375 0.225 0.0296875 0.171875
1 0.690625 0.61953125 0.09140625 0.0912109375
3 0.3859375 0.19140625 0.140625 0.2548828125
2 0.221875 0.228125 0.2953125 0.2953125