0 0.4109375 0.20859375 0.14296875 0.143359375
2 0.5640625 0.625 0.10625 0.3
3 0.4765625 0.753125 0.171875 0.172265625
3 0.4796875 0.203125 0.084375 0.16171875
2 0.86875 0.75859375 0.2125 0.4048828125
3 0.8625 0.63046875 0.0984375 0.0984375
0 0.4875 0.878125 0.1859375 0.186328125
0 0.06171875 0.3296875 0.1234375 0.1625
3 0.7859375 0.20859375 0.24765625 0.247265625
2 0.109375 0.36328125 0.21875 0.2234375
1 0.634375 0.61640625 0.12578125 0.12578125
2 0.88125 0.4890625 0.140625 0.2841796875
0 0.4125 0.09453125 0.103125 0.1830078125
2 0.92265625 0.61328125 0.1546875 0.1765625
2 0.159375 0.346875 0.3109375 0.3107421875
3 0.4 0.34453125 0.08125 0.1951171875
1 0.55625 0.075 0.08125 0.1439453125