2 0.14609375 0.49375 0.2921875 0.3125
0 0.2140625 0.8859375 0.121875 0.1216796875
2 0.1265625 0.778125 0.171875 0.2560546875
3 0.20625 0.771875 0.153125 0.2439453125
3 0.83125 0.20859375 0.25625 0.25625
1 0.2078125 0.0859375 0.1296875 0.1298828125
2 0.596875 0.84453125 0.121875 0.3048828125
0 0.6859375 0.33359375 0.19140625 0.1912109375
1 0.68125 0.91953125 0.12109375 0.1212890625
0 0.3625 0.621875 0.2046875 0.20390625
0 0.7640625 0.496875 0.2 0.199609375
1 0.671875 0.21953125 0.12578125 0.12578125
0 0.284375 0.3359375 0.1609375 0.160546875
2 0.0578125 0.6359375 0.115625 0.571875
3 0.2890625 0.746875 0.1453125 0.1453125
0 0.6046875 0.4890625 0.121875 0.2158203125
2 0.765625 0.16640625 0.234375 0.234375
0 0.440625 0.90859375 0.134375 0.134375
1 0.8375 0.35 0.06875 0.121875
1 0.13125 0.625 0.096875 0.171875
1 0.5296875 0.6109375 0.1046875 0.104296875
1 0.671875 0.4859375 0.0828125 0.082421875
2 0.14140625 0.78828125 0.2828125 0.3078125
2 0.0703125 0.80234375 0.140625 0.2234375
0 0.2828125 0.2109375 0.15625 0.15625
3 0.4453125 0.1140625 0.15625 0.15625
2 0.8703125 0.4859375 0.259375 0.346875