1 0.8859375 0.35859375 0.13046875 0.130078125
3 0.9796875 0.821875 0.040625 0.35
1 0.334375 0.775 0.065625 0.1158203125
0 0.02578125 0.50234375 0.0515625 0.0953125
3 0.2578125 0.6390625 0.16875 0.1689453125
1 0.9484375 0.61015625 0.103125 0.1234375
0 0.5 0.3640625 0.1390625 0.1390625
2 0.878125 0.24375 0.24375 0.325
1 0.7390625 0.90859375 0.12109375 0.121484375
3 0.3390625 0.2140625 0.26875 0.26875
1 0.340625 0.61953125 0.09140625 0.091015625
3 0.07109375 0.190625 0.1421875 0.18125
1 0.95703125 0.765625 0.0859375 0.10625
2 0.8109375 0.7609375 0.3296875 0.3296875