3 0.2265625 0.753125 0.1984375 0.1982421875
1 0.0734375 0.21640625 0.12578125 0.12578125
3 0.0734375 0.746875 0.1390625 0.1390625
2 0.5390625 0.78046875 0.25859375 0.2583984375
3 0.97734375 0.75 0.0453125 0.171875
1 0.3765625 0.4859375 0.1 0.1
3 0.3859375 0.78046875 0.16015625 0.160546875
1 0.9296875 0.6140625 0.1171875 0.1171875
3 0.0328125 0.89375 0.065625 0.096875
1 0.7609375 0.63046875 0.10859375 0.10859375
1 0.290625 0.496875 0.1171875 0.1171875
1 0.95859375 0.4890625 0.0828125 0.1125
2 0.1421875 0.75 0.2453125 0.2453125
2 0.928125 0.103125 0.128125 0.2
0 0.771875 0.49140625 0.146875 0.2609375
3 0.06953125 0.34609375 0.1390625 0.1546875
1 0.53125 0.35546875 0.0625 0.1109375