0 0.878125 0.0859375 0.1296875 0.1298828125
1 0.253125 0.35 0.059375 0.1060546875
0 0.3390625 0.471875 0.14375 0.2560546875
2 0.334375 0.771875 0.2234375 0.2234375
3 0.496875 0.7609375 0.1390625 0.1390625
0 0.875 0.871875 0.1953125 0.1953125
0 0.4234375 0.903125 0.134375 0.134375
0 0.02890625 0.19609375 0.0578125 0.1078125
0 0.00234375 0.9 0.0046875 0.178125
0 0.93828125 0.77109375 0.1234375 0.1515625
0 0.3453125 0.61640625 0.1 0.178125
3 0.4125 0.503125 0.25625 0.25625
3 0.090625 0.46875 0.18125 0.240625
3 0.084375 0.153125 0.16875 0.2125
0 0.18125 0.90546875 0.14296875 0.1431640625
3 0.2546875 0.1359375 0.2140625 0.2142578125
3 0.7265625 0.19453125 0.20234375 0.2025390625
0 0.6546875 0.9 0.1265625 0.12578125