0 0.4203125 0.871875 0.1953125 0.1953125
3 0.05703125 0.21328125 0.1140625 0.1515625
2 0.5859375 0.35546875 0.21953125 0.21953125
2 0.890625 0.47734375 0.21875 0.2921875
3 0.271875 0.503125 0.06875 0.321875
1 0.9953125 0.0890625 0.009375 0.171875
2 0.8640625 0.34921875 0.271875 0.4140625
0 0.95546875 0.7578125 0.0890625 0.146875
2 0.6484375 0.353125 0.190625 0.1908203125
1 0.4265625 0.3640625 0.1 0.1
1 0.4234375 0.225 0.0953125 0.0953125
3 0.103125 0.0859375 0.13125 0.131640625
0 0.034375 0.34921875 0.06875 0.1234375
1 0.4921875 0.08359375 0.0875 0.155078125
0 0.5828125 0.76640625 0.134375 0.134375
2 0.8140625 0.475 0.265625 0.583984375