0 0.5359375 0.33359375 0.1953125 0.1953125
0 0.1453125 0.09140625 0.1390625 0.1390625
3 0.3875 0.8859375 0.20625 0.20625
2 0.6109375 0.771875 0.165625 0.1658203125
2 0.3921875 0.478125 0.228125 0.227734375
2 0.8453125 0.503125 0.23125 0.230859375
2 0.45625 0.76953125 0.16875 0.16875
0 0.378125 0.08359375 0.090625 0.1609375
3 0.08671875 0.3328125 0.1734375 0.1875
2 0.2984375 0.33046875 0.11953125 0.11953125
2 0.128125 0.63515625 0.25625 0.3609375
3 0.459375 0.20546875 0.15625 0.271875
3 0.2296875 0.771875 0.23125 0.2939453125
0 0.2265625 0.103125 0.1125 0.2
3 0.1484375 0.6359375 0.05625 0.271875
2 0.928125 0.34375 0.14375 0.21875
3 0.93984375 0.47734375 0.1203125 0.1796875
0 0.6109375 0.2140625 0.203125 0.20390625
2 0.6203125 0.14140625 0.196875 0.278125
3 0.3046875 0.64140625 0.18515625 0.1849609375
3 0.6953125 0.3390625 0.171875 0.190234375