0 0.9640625 0.20859375 0.071875 0.18359375
0 0.3484375 0.621875 0.13125 0.23359375
0 0.0484375 0.128125 0.096875 0.25
3 0.990625 0.753125 0.01875 0.21640625
0 0.340625 0.3609375 0.090625 0.1609375
0 0.99453125 0.878125 0.0109375 0.2390625
0 0.5875 0.33046875 0.134375 0.2390625
0 0.4265625 0.10859375 0.11875 0.2109375
2 0.659375 0.3640625 0.253125 0.228125
2 0.1890625 0.625 0.2125 0.49453125
0 0.109375 0.21953125 0.1125 0.2
0 0.96484375 0.09453125 0.0703125 0.18359375
3 0.265625 0.20546875 0.071875 0.40546875
3 0.00234375 0.09453125 0.0046875 0.18359375
1 0.04140625 0.63359375 0.0828125 0.1609375
2 0.728125 0.346875 0.1375 0.48359375
1 0.1046875 0.896875 0.08125 0.14453125
3 0.9640625 0.34453125 0.071875 0.19453125