1 0.96796875 0.3578125 0.0640625 0.096875
1 0.465625 0.775 0.065625 0.1158203125
0 0.0875 0.503125 0.103125 0.1841796875
3 0.3890625 0.6390625 0.16875 0.1689453125
0 0.63125 0.3640625 0.1390625 0.1390625
3 0.009375 0.771875 0.01875 0.166015625
2 0.92734375 0.24375 0.1453125 0.259375
1 0.8703125 0.90859375 0.12109375 0.1212890625
3 0.4703125 0.2140625 0.26875 0.26875
1 0.471875 0.61953125 0.09140625 0.091015625
3 0.1671875 0.19140625 0.140625 0.2548828125
2 0.88359375 0.76015625 0.2328125 0.3109375
2 0.08359375 0.22734375 0.1671875 0.2609375