3 0.740625 0.503125 0.08125 0.14453125
0 0.8265625 0.503125 0.09375 0.16640625
3 0.65625 0.353125 0.196875 0.36640625
2 0.1890625 0.503125 0.228125 0.23359375
0 0.675 0.20546875 0.121875 0.21640625
3 0.7359375 0.90546875 0.084375 0.13359375
0 0.5859375 0.7609375 0.1125 0.2
3 0.95546875 0.75 0.0890625 0.271875
2 0.353125 0.34453125 0.153125 0.371875
3 0.3609375 0.478125 0.159375 0.29453125
0 0.0140625 0.2140625 0.028125 0.2609375
2 0.03125 0.14140625 0.0625 0.278125
0 0.5953125 0.89453125 0.115625 0.20546875
3 0.96640625 0.49140625 0.0671875 0.15546875
3 0.0625 0.3390625 0.125 0.1890625