1 0.2125 0.2140625 0.078125 0.140234375
2 0.275 0.70546875 0.44296875 0.4431640625
3 0.3546875 0.221875 0.271875 0.272265625
2 0.4453125 0.60859375 0.2640625 0.2640625
0 0.115625 0.88046875 0.18203125 0.182421875
1 0.5890625 0.60859375 0.0953125 0.0953125
3 0.603125 0.21640625 0.109375 0.171875
3 0.3578125 0.48359375 0.121875 0.2
2 0.828125 0.2140625 0.2796875 0.2796875
1 0.0546875 0.6359375 0.1 0.1
0 0.0421875 0.46875 0.084375 0.13125
0 0.196875 0.7609375 0.125 0.221875
3 0.121875 0.7609375 0.1765625 0.1767578125
0 0.13125 0.48046875 0.14765625 0.14765625
1 0.271875 0.05859375 0.08671875 0.08671875