0 0.571875 0.0859375 0.09375 0.16640625
1 0.96484375 0.20859375 0.0703125 0.13359375
0 0.89375 0.61640625 0.1 0.178125
0 0.05234375 0.471875 0.1046875 0.25546875
2 0.05078125 0.771875 0.1015625 0.3
3 0.190625 0.7609375 0.178125 0.1
3 0.975 0.903125 0.034375 0.1890625
3 0.8828125 0.8859375 0.13125 0.221875
0 0.56875 0.871875 0.140625 0.25
0 0.1171875 0.903125 0.096875 0.171875
0 0.6609375 0.771875 0.11875 0.2109375
0 0.04453125 0.61640625 0.0890625 0.178125
3 0.10625 0.503125 0.184375 0.328125
3 0.01484375 0.1359375 0.0296875 0.26640625
3 0.4203125 0.19453125 0.15 0.25546875
0 0.3484375 0.9 0.090625 0.1609375
1 0.95859375 0.0890625 0.0828125 0.171875