0 0.3609375 0.33359375 0.1953125 0.1953125
0 0.0296875 0.090625 0.059375 0.1
3 0.2125 0.8859375 0.190625 0.221875
2 0.4359375 0.771875 0.0875 0.2439453125
2 0.2171875 0.478125 0.2 0.2560546875
2 0.6703125 0.503125 0.23125 0.230859375
2 0.28125 0.76953125 0.109375 0.228125
0 0.203125 0.08359375 0.12578125 0.12578125
2 0.1234375 0.33046875 0.11953125 0.11953125
3 0.284375 0.20546875 0.2140625 0.2140625
3 0.08515625 0.771875 0.1703125 0.2939453125
0 0.05390625 0.103125 0.1078125 0.2
3 0.034375 0.63515625 0.06875 0.1359375
2 0.834375 0.34453125 0.2625 0.2625
3 0.8421875 0.478125 0.159375 0.2939453125
0 0.4359375 0.2140625 0.203125 0.203515625
2 0.4453125 0.14140625 0.2375 0.2375
3 0.1296875 0.64140625 0.18515625 0.1849609375
3 0.5203125 0.3390625 0.171875 0.190234375