3 0.5609375 0.771875 0.1765625 0.1765625
0 0.40625 0.88359375 0.178125 0.178125
1 0.975 0.62734375 0.05 0.0859375
1 0.5671875 0.475 0.1296875 0.1298828125
0 0.8671875 0.88046875 0.13125 0.2330078125
3 0.071875 0.4859375 0.14375 0.1841796875
1 0.64375 0.4890625 0.109375 0.108984375
2 0.0515625 0.20859375 0.103125 0.1453125
0 0.7875 0.78046875 0.16484375 0.16484375
0 0.4015625 0.1140625 0.1734375 0.1734375
3 0.2546875 0.9 0.0640625 0.0640625
0 0.94765625 0.1296875 0.1046875 0.153125
2 0.8453125 0.64140625 0.309375 0.3609375
2 0.975 0.8390625 0.05 0.316015625
3 0.2421875 0.60859375 0.14296875 0.14296875
0 0.640625 0.6140625 0.178125 0.178125
1 0.99765625 0.35859375 0.0046875 0.1169921875
1 0.7953125 0.08046875 0.08671875 0.08671875