0 0.0671875 0.87109375 0.134375 0.1734375
2 0.1921875 0.35546875 0.228125 0.2109375
2 0.56875 0.478125 0.3265625 0.3267578125
2 0.8765625 0.6328125 0.246875 0.278125
2 0.8796875 0.14375 0.240625 0.25625
2 0.721875 0.775 0.16875 0.16875
1 0.6453125 0.0890625 0.096875 0.171875
2 0.584375 0.35 0.45625 0.4564453125
3 0.884375 0.7640625 0.146875 0.1466796875
3 0.815625 0.21640625 0.23125 0.4109375
0 0.6484375 0.75859375 0.20390625 0.20390625
2 0.2546875 0.353125 0.1375 0.2439453125
1 0.034375 0.3640625 0.06875 0.128125
1 0.03203125 0.225 0.0640625 0.121875
0 0.9453125 0.353125 0.109375 0.2341796875
0 0.9390625 0.50234375 0.121875 0.1515625
1 0.0984375 0.08359375 0.12109375 0.1212890625
0 0.1890625 0.76640625 0.096875 0.171875
2 0.4203125 0.475 0.425 0.4248046875