1 0.321875 0.76640625 0.075 0.1330078125
1 0.778125 0.35 0.0828125 0.0826171875
2 0.05234375 0.6328125 0.1046875 0.203125
2 0.05546875 0.14375 0.1109375 0.16875
2 0.3078125 0.3390625 0.134375 0.483984375
0 0.8640625 0.471875 0.2 0.1998046875
2 0.859375 0.771875 0.146875 0.3
3 0.96171875 0.76015625 0.0765625 0.0828125
0 0.940625 0.903125 0.11875 0.134375
0 0.471875 0.196875 0.11875 0.212109375
0 0.4796875 0.9 0.1 0.178125
2 0.3125 0.60859375 0.15625 0.1951171875
0 0.8703125 0.61640625 0.1390625 0.1390625
3 0.90078125 0.50234375 0.1984375 0.2421875
3 0.540625 0.46953125 0.215625 0.3548828125
0 0.153125 0.871875 0.1953125 0.1953125
3 0.54375 0.153125 0.25625 0.25625
0 0.0515625 0.35234375 0.103125 0.1453125
0 0.03515625 0.503125 0.0703125 0.2158203125
0 0.70625 0.90546875 0.103125 0.1830078125
3 0.3140625 0.0890625 0.075 0.171875
2 0.3984375 0.19453125 0.24140625 0.2416015625
3 0.7796875 0.1359375 0.2140625 0.2142578125
2 0.228125 0.675 0.16875 0.6439453125
0 0.16875 0.60859375 0.146875 0.2609375