0 0.9265625 0.771875 0.11875 0.212109375
3 0.225 0.09140625 0.1234375 0.1234375
1 0.76875 0.34140625 0.11328125 0.1130859375
0 0.228125 0.75546875 0.16015625 0.1603515625
1 0.4625 0.91640625 0.0953125 0.0953125
1 0.1484375 0.35546875 0.065625 0.116796875
0 0.8546875 0.103125 0.1125 0.2
3 0.0609375 0.64140625 0.10234375 0.1025390625
2 0.2234375 0.35 0.1796875 0.18046875
2 0.08203125 0.15234375 0.1640625 0.1953125
0 0.4484375 0.09140625 0.1 0.178125
3 0.453125 0.20546875 0.0625 0.2890625
1 0.0265625 0.90234375 0.053125 0.0859375
0 0.303125 0.203125 0.1375 0.2439453125
2 0.8140625 0.715625 0.371875 0.434375
0 0.5375 0.21640625 0.134375 0.134375
0 0.7734375 0.0890625 0.134375 0.134375
2 0.896875 0.21328125 0.20625 0.2390625
1 0.0734375 0.2109375 0.1171875 0.1171875
1 0.7 0.2 0.1171875 0.1171875