0 0.6640625 0.196875 0.1828125 0.1826171875
3 0.753125 0.2 0.309375 0.3095703125
1 0.353125 0.471875 0.1 0.1
2 0.6796875 0.85 0.203125 0.2939453125
3 0.4375 0.6359375 0.303125 0.3033203125
2 0.828125 0.2140625 0.240625 0.190234375
3 0.50625 0.35546875 0.10234375 0.10234375
0 0.909375 0.6390625 0.134375 0.134375
2 0.86484375 0.63515625 0.2703125 0.3703125
3 0.0234375 0.153125 0.046875 0.3
2 0.1953125 0.76640625 0.22265625 0.22265625
3 0.3625 0.3640625 0.1765625 0.176953125
2 0.4375 0.86640625 0.128125 0.2609375
3 0.196875 0.478125 0.0875 0.1439453125
1 0.66875 0.35 0.0875 0.087109375
2 0.3640625 0.26640625 0.4 0.4
1 0.4453125 0.771875 0.0953125 0.0953125
1 0.28125 0.19453125 0.134375 0.134375
1 0.05234375 0.0828125 0.1046875 0.125
2 0.8609375 0.80234375 0.278125 0.3140625
3 0.06171875 0.9078125 0.1234375 0.134375