2 0.0703125 0.840625 0.140625 0.196875
1 0.31875 0.75859375 0.08125 0.1451171875
3 0.2421875 0.20546875 0.115625 0.115625
3 0.16875 0.75859375 0.13125 0.128125
3 0.7109375 0.4859375 0.265625 0.1841796875
1 0.6296875 0.903125 0.1171875 0.1171875
1 0.4765625 0.478125 0.1078125 0.108203125
2 0.71875 0.20859375 0.0875 0.228125
3 0.95234375 0.9 0.06171875 0.06171875
1 0.0921875 0.76953125 0.11328125 0.1130859375
1 0.2484375 0.89453125 0.078125 0.1390625
3 0.328125 0.63359375 0.18515625 0.184765625
3 0.234375 0.6140625 0.2875 0.171875
0 0.03984375 0.3390625 0.0796875 0.25
3 0.92734375 0.60859375 0.128125 0.128125
1 0.2359375 0.35 0.084375 0.15
3 0.5546875 0.34140625 0.11171875 0.11171875