0 0.2265625 0.196875 0.1828125 0.1826171875
3 0.315625 0.2 0.309375 0.3095703125
2 0.7046875 0.49453125 0.271875 0.3548828125
0 0.7828125 0.8859375 0.0875 0.1560546875
2 0.6953125 0.778125 0.2140625 0.213671875
3 0.775 0.771875 0.153125 0.2439453125
2 0.2421875 0.85 0.2484375 0.2486328125
1 0.7765625 0.0859375 0.1296875 0.1298828125
3 0.090625 0.63515625 0.18125 0.2421875
2 0.390625 0.2140625 0.215625 0.215234375
3 0.06875 0.35546875 0.065625 0.1390625
0 0.92890625 0.621875 0.1421875 0.262109375
0 0.853125 0.3359375 0.115625 0.205859375
0 0.471875 0.6390625 0.096875 0.171875
2 0.5390625 0.6359375 0.290625 0.571875
3 0.8578125 0.746875 0.1125 0.178125
2 0.05625 0.865625 0.1125 0.1625
1 0.23125 0.35 0.0625 0.112109375
0 0.96328125 0.9078125 0.0734375 0.10625
2 0.0890625 0.26640625 0.178125 0.2953125
1 0.02109375 0.771875 0.0421875 0.121875
1 0.7 0.625 0.134375 0.134375
2 0.6984375 0.7890625 0.196875 0.4158203125
2 0.475 0.803125 0.346875 0.347265625
0 0.8515625 0.2109375 0.15625 0.15625
3 0.984375 0.1140625 0.03125 0.221875