0 0.3671875 0.20859375 0.14296875 0.1431640625
2 0.5203125 0.625 0.203125 0.203125
3 0.4328125 0.753125 0.128125 0.2158203125
3 0.4359375 0.203125 0.1234375 0.123046875
2 0.825 0.75859375 0.2125 0.405078125
3 0.81875 0.63046875 0.0984375 0.0984375
0 0.44375 0.878125 0.1859375 0.186328125
0 0.0453125 0.3296875 0.090625 0.140625
3 0.7421875 0.20859375 0.2 0.2951171875
2 0.09296875 0.36328125 0.1859375 0.2015625
1 0.590625 0.61640625 0.12578125 0.12578125
2 0.8375 0.4890625 0.2125 0.2123046875
0 0.36875 0.09453125 0.14296875 0.1431640625
2 0.9015625 0.6140625 0.1875 0.1876953125
2 0.115625 0.346875 0.1375 0.4841796875
3 0.35625 0.34453125 0.08125 0.1951171875
1 0.5125 0.075 0.1125 0.112890625