3 0.3421875 0.771875 0.1765625 0.1765625
3 0.8890625 0.128125 0.05 0.25
0 0.1875 0.88359375 0.128125 0.228125
1 0.8140625 0.628125 0.1265625 0.126171875
1 0.3484375 0.475 0.1296875 0.1298828125
0 0.6484375 0.88046875 0.13125 0.2330078125
1 0.425 0.4890625 0.109375 0.108984375
0 0.56875 0.78046875 0.11875 0.2109375
0 0.1828125 0.1140625 0.1734375 0.1734375
3 0.04296875 0.9 0.05703125 0.05703125
0 0.8 0.13046875 0.19921875 0.199609375
2 0.653125 0.64140625 0.3609375 0.3609375
2 0.81875 0.8390625 0.175 0.3158203125
3 0.05546875 0.60859375 0.1109375 0.1109375
0 0.421875 0.6140625 0.178125 0.178125
1 0.809375 0.35859375 0.09140625 0.0912109375
1 0.5765625 0.08046875 0.08671875 0.08671875