2 0.7703125 0.1109375 0.109375 0.21640625
3 0.296875 0.75 0.084375 0.171875
2 0.96796875 0.63359375 0.0640625 0.2890625
3 0.9265625 0.346875 0.0875 0.15
1 0.765625 0.496875 0.06875 0.121875
0 0.859375 0.3359375 0.090625 0.1609375
3 0.60625 0.46953125 0.071875 0.18359375
1 0.2296875 0.6140625 0.084375 0.15
1 0.0609375 0.63046875 0.078125 0.1390625
0 0.4515625 0.621875 0.109375 0.19453125
1 0.6203125 0.63046875 0.084375 0.15
1 0.528125 0.3609375 0.096875 0.171875
0 0.6859375 0.8890625 0.121875 0.21640625
1 0.5359375 0.19140625 0.075 0.13359375
1 0.2953125 0.4890625 0.096875 0.171875
2 0.228125 0.103125 0.128125 0.2
3 0.459375 0.35546875 0.19375 0.36640625
0 0.07265625 0.49140625 0.1453125 0.2609375
2 0.98515625 0.85546875 0.0296875 0.28359375