0 0.16875 0.34140625 0.09375 0.16640625
1 0.575 0.20859375 0.0625 0.1109375
2 0.403125 0.61953125 0.19375 0.271875
2 0.8765625 0.6140625 0.115625 0.20546875
2 0.478125 0.771875 0.078125 0.16640625
2 0.715625 0.6140625 0.134375 0.2890625
0 0.16875 0.20546875 0.0875 0.15546875
0 0.03671875 0.48046875 0.0734375 0.18359375
0 0.559375 0.75 0.134375 0.2390625
0 0.325 0.3640625 0.13125 0.23359375
3 0.0875 0.625 0.09375 0.178125
0 0.796875 0.3640625 0.090625 0.1609375
1 0.0875 0.34140625 0.08125 0.14453125
1 0.95 0.8859375 0.078125 0.1390625