2 0.2015625 0.1109375 0.1625 0.1626953125
3 0.509375 0.478125 0.1 0.178125
2 0.50625 0.771875 0.2203125 0.220703125
2 0.5140625 0.63359375 0.29375 0.2890625
0 0.94453125 0.103125 0.1109375 0.140625
2 0.875 0.22109375 0.25 0.3140625
3 0.3578125 0.346875 0.11875 0.11875
1 0.196875 0.496875 0.0953125 0.0953125
0 0.290625 0.3359375 0.125 0.125390625
3 0.6734375 0.34140625 0.11875 0.11875
3 0.05 0.46875 0.1 0.128125
3 0.89453125 0.840625 0.2109375 0.225
2 0.825 0.471875 0.3 0.300390625
3 0.97578125 0.21015625 0.0484375 0.0828125
3 0.9046875 0.75546875 0.125 0.233203125
1 0.0515625 0.63046875 0.084375 0.15
1 0.02421875 0.36015625 0.0484375 0.0890625
0 0.1171875 0.8890625 0.16875 0.169140625
1 0.01796875 0.190625 0.0359375 0.06875
3 0.821875 0.34453125 0.13125 0.221875
3 0.7453125 0.128125 0.128125 0.25
2 0.509375 0.85546875 0.24921875 0.2494140625
1 0.95390625 0.76875 0.0921875 0.115625
2 0.95703125 0.8390625 0.0859375 0.3158203125
3 0.8234375 0.15859375 0.23828125 0.23828125