2 0.146875 0.6140625 0.1796875 0.1794921875
1 0.86875 0.2140625 0.109375 0.108984375
1 0.5390625 0.75859375 0.11328125 0.1130859375
2 0.84453125 0.7046875 0.3109375 0.403125
3 0.92890625 0.221875 0.1421875 0.240625
2 0.953125 0.6078125 0.09375 0.1375
0 0.771875 0.88046875 0.18203125 0.1822265625
3 0.3140625 0.18046875 0.19375 0.3548828125
3 0.95703125 0.48359375 0.0859375 0.1234375
3 0.4703125 0.225 0.253125 0.253515625
1 0.7109375 0.6359375 0.1 0.1
0 0.6328125 0.46953125 0.1734375 0.1734375
1 0.4734375 0.0859375 0.1296875 0.1298828125
1 0.03515625 0.3640625 0.0703125 0.09375
0 0.853125 0.7609375 0.125 0.221875
3 0.778125 0.7609375 0.1765625 0.1767578125
0 0.4609375 0.3640625 0.10625 0.190234375
2 0.15625 0.1 0.171875 0.172265625
0 0.7875 0.48046875 0.10625 0.1890625
3 0.5515625 0.153125 0.246875 0.246875
3 0.2375 0.20546875 0.20234375 0.20234375
0 0.05546875 0.1296875 0.1109375 0.159375
1 0.928125 0.05859375 0.0625 0.1109375