3 0.85625 0.2109375 0.184375 0.34453125
1 0.7125 0.76640625 0.08125 0.14453125
0 0.1609375 0.353125 0.096875 0.171875
3 0.628125 0.3609375 0.090625 0.15546875
0 0.9390625 0.196875 0.11875 0.2109375
3 0.4671875 0.2 0.159375 0.11640625
3 0.2375 0.896875 0.08125 0.1609375
0 0.93984375 0.49453125 0.1203125 0.23359375
3 0.6234375 0.6140625 0.13125 0.2390625
3 0.7921875 0.2109375 0.24375 0.41640625
2 0.15625 0.503125 0.2 0.2109375
1 0.9453125 0.078125 0.084375 0.15
3 0.46875 0.753125 0.196875 0.30546875