1 0.03828125 0.2140625 0.0765625 0.1390625
0 0.9609375 0.76640625 0.078125 0.1609375
2 0.12578125 0.70546875 0.2515625 0.58359375
3 0.1796875 0.221875 0.10625 0.4390625
2 0.2703125 0.60859375 0.3 0.228125
0 0.003125 0.88046875 0.00625 0.23359375
1 0.4140625 0.60859375 0.06875 0.121875
3 0.96640625 0.63046875 0.0671875 0.16640625
3 0.428125 0.21640625 0.109375 0.171875
3 0.1828125 0.48359375 0.121875 0.2
2 0.653125 0.2140625 0.1375 0.421875
0 0.0421875 0.7609375 0.084375 0.221875
3 0.0203125 0.7609375 0.040625 0.16640625
0 0.0046875 0.48046875 0.009375 0.1890625
1 0.096875 0.05859375 0.0625 0.1109375