0 0.7421875 0.621875 0.13125 0.2341796875
0 0.4203125 0.128125 0.140625 0.25
0 0.734375 0.3609375 0.125 0.12578125
3 0.28125 0.1109375 0.190625 0.191015625
0 0.9375 0.3296875 0.125 0.1625
0 0.8203125 0.10859375 0.16484375 0.16484375
2 0.94375 0.36328125 0.1125 0.1515625
1 0.1171875 0.7640625 0.090625 0.159765625
3 0.184375 0.35859375 0.059375 0.1048828125
2 0.5828125 0.625 0.353125 0.353515625
0 0.503125 0.21953125 0.15625 0.15625
2 0.1109375 0.22421875 0.221875 0.2796875
3 0.659375 0.20546875 0.23828125 0.2384765625
3 0.35625 0.09453125 0.084375 0.183203125
1 0.43125 0.63359375 0.090625 0.1609375
1 0.4984375 0.896875 0.1125 0.1126953125