2 0.1984375 0.19140625 0.24296875 0.2431640625
3 0.940625 0.9046875 0.11875 0.140625
3 0.746875 0.771875 0.1515625 0.151953125
2 0.5984375 0.61640625 0.17734375 0.1771484375
1 0.3546875 0.628125 0.1296875 0.1298828125
3 0.0109375 0.75859375 0.021875 0.178125
0 0.821875 0.49140625 0.1953125 0.1953125
0 0.1984375 0.63046875 0.16015625 0.1603515625
1 0.7515625 0.621875 0.1078125 0.108203125
0 0.2046875 0.09140625 0.1390625 0.1390625
2 0.9296875 0.1796875 0.140625 0.2125
1 0.5875 0.771875 0.134375 0.134375
3 0.4375 0.796875 0.3078125 0.3078125
2 0.7390625 0.1 0.1546875 0.1548828125
2 0.1140625 0.3609375 0.203125 0.20390625
3 0.1125 0.88046875 0.121875 0.2330078125
1 0.9046875 0.6390625 0.08125 0.1439453125
1 0.6734375 0.3640625 0.075 0.1341796875
2 0.80703125 0.29609375 0.3859375 0.4265625