0 0.97109375 0.190625 0.0578125 0.090625
3 0.084375 0.503125 0.1125 0.1126953125
0 0.1703125 0.503125 0.1296875 0.1298828125
2 0.6265625 0.2 0.203125 0.3341796875
0 0.9546875 0.48046875 0.090625 0.1359375
3 0.04921875 0.353125 0.0984375 0.3658203125
2 0.8296875 0.27421875 0.340625 0.4078125
1 0.93828125 0.19609375 0.1234375 0.1296875
0 0.546875 0.1109375 0.121875 0.2158203125
0 0.05703125 0.2046875 0.1140625 0.146875
3 0.0796875 0.90546875 0.10859375 0.1087890625
3 0.31875 0.75 0.2 0.2
1 0.5625 0.625 0.0828125 0.082421875
3 0.70625 0.9140625 0.128125 0.128125
2 0.86875 0.8859375 0.23125 0.15
0 0.796875 0.778125 0.1390625 0.1390625
2 0.7859375 0.21953125 0.146875 0.2390625
1 0.5625 0.2 0.0625 0.112109375
3 0.3203125 0.49140625 0.12109375 0.1212890625
1 0.565625 0.903125 0.121875 0.1216796875
2 0.46875 0.61640625 0.1375 0.1375