1 0.75625 0.225 0.1046875 0.1044921875
3 0.525 0.20859375 0.25625 0.25625
2 0.290625 0.84453125 0.121875 0.3048828125
0 0.3796875 0.33359375 0.1375 0.2451171875
1 0.375 0.91953125 0.0875 0.1548828125
0 0.06484375 0.621875 0.1296875 0.262109375
0 0.4578125 0.496875 0.14375 0.2560546875
1 0.365625 0.21953125 0.12578125 0.12578125
0 0.0390625 0.33515625 0.078125 0.1203125
3 0.03671875 0.74609375 0.0734375 0.1078125
0 0.2984375 0.4890625 0.121875 0.216015625
2 0.459375 0.16640625 0.140625 0.328125
0 0.134375 0.90859375 0.096875 0.171875
1 0.53125 0.35 0.06875 0.121875
1 0.2234375 0.6109375 0.1046875 0.104296875
1 0.365625 0.4859375 0.0828125 0.0826171875
0 0.03671875 0.21015625 0.0734375 0.1171875
3 0.1390625 0.1140625 0.15625 0.15625
2 0.9875 0.503125 0.025 0.21171875
2 0.615625 0.4859375 0.1875 0.521875