0 0.5796875 0.33359375 0.1953125 0.1953125
0 0.021875 0.765625 0.04375 0.084375
0 0.1890625 0.09140625 0.1390625 0.1390625
3 0.43125 0.8859375 0.190625 0.221875
2 0.6546875 0.771875 0.0875 0.2439453125
2 0.4359375 0.478125 0.228125 0.2279296875
3 0.02109375 0.6296875 0.0421875 0.084375
2 0.8875 0.503125 0.225 0.2341796875
2 0.5 0.76953125 0.109375 0.228125
0 0.421875 0.08359375 0.12578125 0.12578125
3 0.10625 0.33359375 0.2 0.2109375
2 0.3421875 0.33046875 0.11953125 0.11953125
2 0.15 0.63515625 0.3 0.3609375
3 0.503125 0.20546875 0.15625 0.271875
3 0.2734375 0.771875 0.2625 0.2626953125
0 0.2703125 0.103125 0.15625 0.15625
3 0.1921875 0.6359375 0.1640625 0.1640625
2 0.94453125 0.34375 0.1109375 0.196875
3 0.990625 0.478125 0.01875 0.294140625
0 0.6546875 0.2140625 0.203125 0.203515625
2 0.6640625 0.14140625 0.196875 0.278125
3 0.3484375 0.64140625 0.125 0.2451171875
3 0.7390625 0.3390625 0.18125 0.180859375