1 0.5359375 0.35859375 0.13046875 0.1302734375
1 0.7734375 0.346875 0.06875 0.121875
3 0.703125 0.821875 0.1875 0.35
1 0.0203125 0.77421875 0.040625 0.0671875
1 0.6109375 0.6109375 0.125 0.125390625
0 0.15 0.3640625 0.1390625 0.1390625
2 0.6140625 0.24453125 0.36953125 0.369921875
1 0.3890625 0.90859375 0.0875 0.1548828125
3 0.07421875 0.21328125 0.1484375 0.2171875
1 0.0234375 0.61875 0.046875 0.06875
1 0.628125 0.76640625 0.084375 0.15
2 0.4609375 0.7609375 0.3296875 0.3296875
3 0.8515625 0.20859375 0.07421875 0.0740234375