0 0.3046875 0.11640625 0.178125 0.178125
0 0.6109375 0.3640625 0.1828125 0.1826171875
2 0.3765625 0.5 0.203125 0.20234375
1 0.3734375 0.75546875 0.134375 0.134375
3 0.6125 0.7640625 0.1859375 0.18515625
2 0.234375 0.46953125 0.40546875 0.40546875
3 0.1390625 0.8890625 0.1796875 0.1798828125
2 0.6859375 0.49453125 0.41640625 0.41640625
2 0.6875 0.1859375 0.2703125 0.2705078125
0 0.5375 0.13046875 0.14375 0.255078125
3 0.69375 0.3609375 0.16875 0.1689453125
2 0.01171875 0.33359375 0.0234375 0.3890625