0 0.9265625 0.76953125 0.090625 0.1609375
1 0.621875 0.0640625 0.065625 0.11640625
0 0.228125 0.896875 0.1125 0.2
0 0.0765625 0.09140625 0.1 0.178125
0 0.9734375 0.203125 0.053125 0.228125
1 0.5328125 0.896875 0.06875 0.121875
1 0.390625 0.771875 0.071875 0.128125
3 0.7046875 0.496875 0.11875 0.2109375
2 0.0078125 0.503125 0.015625 0.26640625
2 0.4625 0.775 0.215625 0.321875
3 0.5375 0.6140625 0.153125 0.178125
2 0.003125 0.61640625 0.00625 0.33359375
1 0.390625 0.19453125 0.09375 0.16640625
0 0.97734375 0.4859375 0.0453125 0.171875