0 0.6734375 0.20859375 0.103125 0.18359375
0 0.05390625 0.621875 0.1078125 0.23359375
2 0.8265625 0.625 0.10625 0.3
3 0.7390625 0.753125 0.128125 0.21640625
3 0.7421875 0.203125 0.084375 0.1609375
0 0.03984375 0.3609375 0.0796875 0.1609375
0 0.75 0.878125 0.134375 0.2390625
0 0.28125 0.33046875 0.134375 0.2390625
3 0.97421875 0.20859375 0.0515625 0.29453125
0 0.1203125 0.10859375 0.11875 0.2109375
2 0.353125 0.3640625 0.253125 0.228125
1 0.896875 0.61640625 0.090625 0.1609375
0 0.675 0.09453125 0.103125 0.18359375
2 0.421875 0.346875 0.1375 0.48359375
3 0.6625 0.34453125 0.08125 0.19453125
1 0.81875 0.075 0.08125 0.14453125