0 0.396875 0.0859375 0.09375 0.1658203125
1 0.7921875 0.20859375 0.10390625 0.104296875
0 0.71875 0.61640625 0.1390625 0.1390625
3 0.05234375 0.7609375 0.1046875 0.1
3 0.8 0.903125 0.034375 0.187890625
3 0.7078125 0.8859375 0.1765625 0.1765625
0 0.39375 0.871875 0.1953125 0.1953125
0 0.4859375 0.771875 0.11875 0.212109375
2 0.9078125 0.4828125 0.184375 0.25625
1 0.946875 0.2109375 0.078125 0.140234375
3 0.01171875 0.503125 0.0234375 0.328125
0 0.940625 0.61640625 0.11875 0.25
3 0.98203125 0.88046875 0.0359375 0.233203125
3 0.2453125 0.19453125 0.20234375 0.2025390625
0 0.1734375 0.9 0.1265625 0.126171875
1 0.790625 0.0890625 0.096875 0.171875