1 0.475 0.2140625 0.078125 0.1390625
1 0.1453125 0.75859375 0.08125 0.14453125
2 0.5375 0.70546875 0.303125 0.58359375
3 0.6171875 0.221875 0.10625 0.4390625
2 0.7078125 0.60859375 0.3 0.228125
0 0.378125 0.88046875 0.13125 0.23359375
1 0.8515625 0.60859375 0.06875 0.121875
3 0.00859375 0.18046875 0.0171875 0.35546875
3 0.865625 0.21640625 0.109375 0.171875
3 0.6203125 0.48359375 0.121875 0.2
3 0.08046875 0.225 0.1609375 0.3390625
1 0.3171875 0.6359375 0.071875 0.128125
0 0.2390625 0.46953125 0.125 0.221875
1 0.0796875 0.0859375 0.09375 0.16640625
0 0.459375 0.7609375 0.125 0.221875
3 0.384375 0.7609375 0.1875 0.16640625
0 0.0671875 0.3640625 0.10625 0.1890625
0 0.39375 0.48046875 0.10625 0.1890625
3 0.1578125 0.153125 0.19375 0.3
1 0.534375 0.05859375 0.0625 0.1109375