3 0.6203125 0.753125 0.1125 0.28359375
1 0.4671875 0.21640625 0.090625 0.1609375
3 0.4671875 0.746875 0.078125 0.2
2 0.90390625 0.78046875 0.1921875 0.26640625
1 0.7703125 0.4859375 0.071875 0.128125
0 0.034375 0.875 0.06875 0.24453125
3 0.7796875 0.78046875 0.115625 0.20546875
0 0.2203125 0.34453125 0.146875 0.2609375
0 0.01875 0.08359375 0.0375 0.1609375
0 0.0671875 0.353125 0.1125 0.2
3 0.3875 0.89453125 0.0875 0.15546875
1 0.684375 0.496875 0.084375 0.15
1 0.0078125 0.61640625 0.015625 0.11640625
2 0.5359375 0.75 0.190625 0.3
3 0.3875 0.346875 0.259375 0.1890625
1 0.303125 0.61953125 0.0625 0.1109375
1 0.925 0.35546875 0.0625 0.1109375