1 0.109375 0.33359375 0.0625 0.1109375
0 0.8140625 0.128125 0.140625 0.25
1 0.1171875 0.90546875 0.1171875 0.1171875
3 0.675 0.1109375 0.190625 0.1908203125
1 0.2796875 0.35546875 0.13046875 0.1302734375
2 0.2703125 0.30546875 0.37578125 0.376171875
1 0.5109375 0.7640625 0.125 0.125390625
3 0.578125 0.35859375 0.08203125 0.0822265625
2 0.8890625 0.62421875 0.221875 0.3109375
2 0.08046875 0.3390625 0.1609375 0.190625
0 0.896875 0.21953125 0.1125 0.2
0 0.1890625 0.20859375 0.103125 0.1830078125
2 0.4375 0.225 0.24375 0.3939453125
3 0.75 0.09453125 0.13359375 0.1337890625
0 0.07109375 0.19921875 0.1421875 0.1796875
1 0.825 0.63359375 0.12578125 0.12578125
1 0.8921875 0.896875 0.08125 0.1439453125