3 0.8390625 0.753125 0.1125 0.2841796875
1 0.6859375 0.21640625 0.12578125 0.12578125
3 0.6859375 0.746875 0.1390625 0.1390625
1 0.9765625 0.4859375 0.046875 0.128125
0 0.21875 0.875 0.190625 0.1908203125
3 0.9703125 0.78046875 0.059375 0.2048828125
0 0.4390625 0.34453125 0.20390625 0.20390625
0 0.2109375 0.08359375 0.090625 0.1609375
1 0.053125 0.475 0.1046875 0.104296875
0 0.2859375 0.353125 0.1125 0.2
0 0.1359375 0.771875 0.1375 0.2439453125
3 0.60625 0.89453125 0.12109375 0.1212890625
1 0.903125 0.496875 0.1171875 0.1171875
1 0.2015625 0.61640625 0.065625 0.1169921875
2 0.7546875 0.75 0.190625 0.3
3 0.60625 0.346875 0.259375 0.187890625
1 0.521875 0.61953125 0.08671875 0.08671875