3 0.99375 0.36640625 0.0125 0.728125
3 0.0359375 0.5 0.071875 0.24453125
0 0.0140625 0.35859375 0.028125 0.19453125
2 0.7578125 0.225 0.125 0.44453125
2 0.603125 0.496875 0.278125 0.328125
2 0.20625 0.8 0.1875 0.39453125
2 0.4484375 0.73359375 0.1625 0.528125
2 0.96953125 0.76640625 0.0609375 0.3890625
2 0.21875 0.6140625 0.265625 0.278125
3 0.89296875 0.46953125 0.2140625 0.33359375
1 0.2828125 0.48046875 0.09375 0.16640625
0 0.6046875 0.746875 0.1375 0.24453125
0 0.8296875 0.20546875 0.0875 0.15546875
3 0.44375 0.4890625 0.078125 0.16640625
0 0.8359375 0.3359375 0.13125 0.23359375
0 0.3671875 0.34453125 0.0875 0.15546875
3 0.0484375 0.1390625 0.09375 0.271875
0 0.4546875 0.621875 0.090625 0.1609375
0 0.5296875 0.0859375 0.09375 0.16640625
1 0.3734375 0.75 0.0875 0.15546875
3 0.75625 0.61953125 0.140625 0.1
3 0.6015625 0.1359375 0.075 0.26640625
3 0.9078125 0.18046875 0.184375 0.35546875
3 0.51875 0.4859375 0.153125 0.1390625
2 0.4484375 0.34453125 0.128125 0.178125
3 0.5265625 0.6359375 0.084375 0.1609375
0 0.75625 0.0890625 0.096875 0.171875
2 0.8359375 0.8859375 0.125 0.2109375