3 0.92578125 0.2109375 0.1484375 0.34453125
1 0.8 0.76640625 0.08125 0.14453125
0 0.2484375 0.353125 0.096875 0.171875
3 0.715625 0.3609375 0.090625 0.15546875
0 0.98359375 0.196875 0.0328125 0.2109375
3 0.5546875 0.2 0.159375 0.11640625
3 0.325 0.896875 0.08125 0.1609375
0 0.98359375 0.49453125 0.0328125 0.23359375
3 0.7109375 0.6140625 0.13125 0.2390625
3 0.87890625 0.2109375 0.2421875 0.41640625
2 0.24375 0.503125 0.2 0.2109375
1 0.9953125 0.078125 0.009375 0.15
3 0.55625 0.753125 0.196875 0.30546875