3 0.6203125 0.753125 0.1984375 0.1982421875
1 0.4671875 0.21640625 0.090625 0.1609375
3 0.4671875 0.746875 0.1390625 0.1390625
2 0.90390625 0.78046875 0.1921875 0.2669921875
1 0.7703125 0.4859375 0.071875 0.128125
0 0.034375 0.875 0.06875 0.2439453125
3 0.7796875 0.78046875 0.16015625 0.1603515625
0 0.2203125 0.34453125 0.20390625 0.20390625
0 0.03359375 0.0828125 0.0671875 0.1
0 0.0671875 0.353125 0.1125 0.2
3 0.3875 0.89453125 0.12109375 0.1212890625
1 0.684375 0.496875 0.1171875 0.1171875
1 0.0203125 0.615625 0.040625 0.065625
2 0.5359375 0.75 0.2453125 0.2453125
3 0.3875 0.346875 0.2234375 0.223828125
1 0.303125 0.61953125 0.0625 0.1109375
1 0.925 0.35546875 0.08671875 0.08671875