3 0.46875 0.5 0.16875 0.24453125
0 0.4546875 0.35859375 0.109375 0.19453125
2 0.97265625 0.496875 0.0546875 0.328125
2 0.6875 0.8 0.1875 0.39453125
2 0.92421875 0.73359375 0.1515625 0.528125
0 0.1375 0.8859375 0.125 0.221875
2 0.7 0.6140625 0.265625 0.278125
2 0.225 0.203125 0.171875 0.4
1 0.7640625 0.48046875 0.09375 0.16640625
3 0.3734375 0.33359375 0.15625 0.15
3 0.925 0.4890625 0.078125 0.16640625
0 0.8484375 0.34453125 0.0875 0.15546875
0 0.221875 0.8890625 0.121875 0.21640625
1 0.01484375 0.0859375 0.0296875 0.10546875
3 0.5296875 0.1390625 0.09375 0.271875
0 0.9359375 0.621875 0.090625 0.1609375
2 0.3015625 0.503125 0.146875 0.25
0 0.98203125 0.0859375 0.0359375 0.16640625
1 0.8546875 0.75 0.0875 0.15546875
3 0.96171875 0.4859375 0.0765625 0.1390625
2 0.9296875 0.34453125 0.128125 0.178125
1 0.378125 0.91640625 0.059375 0.10546875
3 0.9828125 0.6359375 0.034375 0.1609375