1 0.3921875 0.49453125 0.09375 0.16640625
3 0.1515625 0.20859375 0.128125 0.21640625
1 0.1578125 0.49140625 0.065625 0.11640625
2 0.2359375 0.228125 0.11875 0.45
0 0.7 0.503125 0.103125 0.18359375
3 0.9703125 0.6390625 0.059375 0.21640625
3 0.3890625 0.08359375 0.09375 0.1609375
1 0.065625 0.775 0.08125 0.14453125
3 0.6125 0.771875 0.0375 0.16640625
2 0.540625 0.75546875 0.1 0.3609375
3 0.99453125 0.2140625 0.0109375 0.35
0 0.375 0.225 0.096875 0.171875
3 0.7796875 0.19140625 0.140625 0.25546875
1 0.2234375 0.61953125 0.0875 0.15546875
2 0.615625 0.228125 0.140625 0.45
0 0.01953125 0.503125 0.0390625 0.1890625