1 0.24375 0.503125 0.096875 0.171875
0 0.9296875 0.87421875 0.140625 0.1765625
0 0.04453125 0.7609375 0.0890625 0.233984375
0 0.9453125 0.0828125 0.109375 0.125
1 0.796875 0.475 0.1046875 0.104296875
2 0.1625 0.496875 0.31875 0.987890625
2 0.16875 0.3609375 0.2515625 0.2513671875
0 0.96484375 0.35234375 0.0703125 0.1140625
0 0.0890625 0.49140625 0.146875 0.2609375
0 0.8796875 0.771875 0.190625 0.1908203125
3 0.2578125 0.85 0.11875 0.294140625
2 0.2484375 0.74140625 0.228125 0.5109375
2 0.025 0.6328125 0.05 0.1
1 0.9453125 0.61640625 0.09140625 0.0912109375
3 0.39765625 0.853125 0.3171875 0.29375