0 0.3109375 0.75546875 0.146875 0.2609375
3 0.8625 0.5 0.16875 0.24453125
0 0.8484375 0.35859375 0.109375 0.19453125
1 0.15625 0.3390625 0.090625 0.1609375
2 0.99375 0.8 0.0125 0.39453125
0 0.53125 0.8859375 0.125 0.221875
2 0.98046875 0.6140625 0.0390625 0.278125
2 0.61875 0.203125 0.171875 0.4
0 0.07109375 0.13046875 0.1421875 0.25546875
3 0.1453125 0.2359375 0.246875 0.46640625
3 0.7671875 0.33359375 0.15625 0.15
1 0.071875 0.76640625 0.0875 0.15546875
2 0.303125 0.46953125 0.1125 0.4
0 0.615625 0.8890625 0.121875 0.21640625
1 0.39375 0.0859375 0.059375 0.10546875
3 0.9234375 0.1390625 0.09375 0.271875
0 0.228125 0.75 0.09375 0.16640625
2 0.6953125 0.503125 0.146875 0.25
0 0.3140625 0.203125 0.109375 0.19453125
2 0.2359375 0.84140625 0.246875 0.3109375
3 0.0671875 0.9 0.090625 0.1609375
1 0.771875 0.91640625 0.059375 0.10546875