3 0.1234375 0.771875 0.13125 0.221875
3 0.6703125 0.128125 0.15 0.15
0 0.95 0.6109375 0.1 0.2560546875
0 0.040625 0.8828125 0.08125 0.13125
1 0.5953125 0.628125 0.1265625 0.12578125
1 0.1296875 0.475 0.09375 0.1658203125
0 0.4296875 0.88046875 0.18203125 0.1822265625
1 0.20625 0.4890625 0.078125 0.13984375
0 0.35 0.78046875 0.16484375 0.16484375
0 0.0375 0.11328125 0.075 0.1234375
0 0.58125 0.13046875 0.19921875 0.1994140625
3 0.93671875 0.19453125 0.1265625 0.3830078125
2 0.434375 0.64140625 0.3609375 0.3609375
2 0.6 0.8390625 0.2453125 0.2455078125
0 0.203125 0.6140625 0.128125 0.228125
1 0.590625 0.35859375 0.065625 0.116796875
1 0.3578125 0.08046875 0.08671875 0.08671875