3 0.0796875 0.9109375 0.096875 0.171875
0 0.03515625 0.878125 0.0703125 0.2390625
1 0.99296875 0.3390625 0.0140625 0.1609375
0 0.93671875 0.13046875 0.1265625 0.25546875
0 0.0796875 0.49453125 0.10625 0.1890625
3 0.9484375 0.2359375 0.103125 0.46640625
1 0.946875 0.76640625 0.0875 0.15546875
2 0.1125 0.14140625 0.225 0.278125
3 0.1640625 0.11640625 0.1375 0.228125
1 0.159375 0.4890625 0.071875 0.128125
3 0.7890625 0.4890625 0.109375 0.1890625
0 0.025 0.35546875 0.05 0.16640625
2 0.99375 0.84140625 0.0125 0.3109375
3 0.9421875 0.9 0.090625 0.1609375