3 0.76875 0.2109375 0.2640625 0.2642578125
1 0.625 0.76640625 0.11328125 0.1130859375
0 0.0734375 0.353125 0.134375 0.134375
3 0.540625 0.3609375 0.1234375 0.1232421875
0 0.8515625 0.196875 0.165625 0.16484375
3 0.3796875 0.2 0.159375 0.116015625
3 0.15 0.896875 0.08125 0.162109375
0 0.8578125 0.49453125 0.18203125 0.182421875
3 0.5359375 0.6140625 0.1859375 0.18515625
3 0.7046875 0.2109375 0.3296875 0.3298828125
2 0.08984375 0.50234375 0.1796875 0.1890625
1 0.8578125 0.078125 0.1171875 0.1171875
3 0.38125 0.753125 0.196875 0.3060546875