2 0.9859375 0.19140625 0.028125 0.28359375
3 0.4515625 0.128125 0.05 0.25
0 0.753125 0.6109375 0.14375 0.25546875
1 0.3765625 0.628125 0.090625 0.1609375
3 0.8484375 0.75859375 0.096875 0.178125
0 0.2109375 0.88046875 0.13125 0.23359375
1 0.01328125 0.4890625 0.0265625 0.1390625
0 0.13125 0.78046875 0.11875 0.2109375
0 0.3625 0.13046875 0.14375 0.25546875
3 0.759375 0.19453125 0.209375 0.38359375
2 0.215625 0.64140625 0.24375 0.478125
2 0.38125 0.8390625 0.175 0.31640625
1 0.8421875 0.33046875 0.065625 0.11640625
2 0.9703125 0.3609375 0.059375 0.3109375
3 0.96328125 0.88046875 0.0734375 0.23359375
0 0.02421875 0.6140625 0.0484375 0.228125
1 0.371875 0.35859375 0.065625 0.11640625
1 0.1390625 0.08046875 0.0625 0.1109375