1 0.06875 0.503125 0.134375 0.134375
0 0.7875 0.875 0.190625 0.1908203125
0 0.9421875 0.34375 0.115625 0.1625
0 0.7796875 0.08359375 0.12578125 0.12578125
1 0.621875 0.475 0.075 0.1341796875
2 0.0734375 0.496875 0.146875 0.987890625
2 0.06953125 0.36015625 0.1390625 0.2109375
0 0.8546875 0.353125 0.15625 0.15625
0 0.7046875 0.771875 0.1375 0.2439453125
3 0.09296875 0.84921875 0.1859375 0.2078125
2 0.13359375 0.740625 0.2671875 0.35
1 0.7703125 0.61640625 0.065625 0.1169921875
3 0.2234375 0.86640625 0.375 0.2609375