3 0.4453125 0.753125 0.1984375 0.1982421875
1 0.2921875 0.21640625 0.12578125 0.12578125
3 0.2921875 0.746875 0.1390625 0.1390625
2 0.7578125 0.78046875 0.25859375 0.2583984375
1 0.5953125 0.4859375 0.1 0.1
3 0.6046875 0.78046875 0.16015625 0.1603515625
0 0.059375 0.34453125 0.11875 0.2609375
3 0.2125 0.89453125 0.12109375 0.1212890625
1 0.9703125 0.63046875 0.059375 0.1390625
1 0.509375 0.496875 0.084375 0.15
2 0.3609375 0.75 0.2453125 0.2453125
0 0.95859375 0.49140625 0.0828125 0.2609375
3 0.2125 0.346875 0.2234375 0.223828125
1 0.128125 0.61953125 0.08671875 0.08671875
1 0.75 0.35546875 0.0625 0.1109375