0 0.0578125 0.190625 0.115625 0.121875
3 0.521875 0.20546875 0.2 0.2
1 0.2875 0.075 0.1125 0.1126953125
1 0.6796875 0.503125 0.1265625 0.126171875
0 0.07421875 0.4796875 0.1484375 0.175
2 0.290625 0.625 0.159375 0.187890625
1 0.2109375 0.475 0.0953125 0.0953125
2 0.0171875 0.275 0.034375 0.5439453125
2 0.3828125 0.34140625 0.203125 0.2951171875
2 0.5390625 0.3359375 0.2984375 0.2982421875
1 0.03046875 0.19609375 0.0609375 0.0953125
2 0.6859375 0.25546875 0.33203125 0.3322265625
3 0.8359375 0.153125 0.2359375 0.2359375
0 0.36875 0.20546875 0.10625 0.1890625
3 0.4484375 0.76640625 0.2125 0.15
0 0.6140625 0.10546875 0.115625 0.2048828125
2 0.0265625 0.88515625 0.053125 0.0859375
1 0.9171875 0.08359375 0.12578125 0.12578125
1 0.6078125 0.33046875 0.09140625 0.0912109375
2 0.7734375 0.3359375 0.134375 0.4439453125
3 0.9203125 0.90859375 0.14609375 0.1462890625
3 0.765625 0.6359375 0.071875 0.2158203125