0 0.528125 0.0859375 0.1296875 0.1298828125
1 0.9234375 0.20859375 0.075 0.1330078125
0 0.85 0.61640625 0.1390625 0.1390625
0 0.0546875 0.47109375 0.109375 0.1578125
2 0.02890625 0.771875 0.0578125 0.3
3 0.146875 0.7609375 0.1390625 0.1390625
3 0.93125 0.903125 0.1109375 0.111328125
3 0.8390625 0.8859375 0.13125 0.221875
0 0.525 0.871875 0.1953125 0.1953125
0 0.0734375 0.903125 0.134375 0.134375
0 0.6171875 0.771875 0.165625 0.165234375
0 0.02265625 0.61640625 0.0453125 0.178125
3 0.07734375 0.503125 0.1546875 0.328125
3 0.3765625 0.19453125 0.20234375 0.2025390625
0 0.3046875 0.9 0.1265625 0.126171875
1 0.921875 0.0890625 0.134375 0.134375