3 0.834375 0.178125 0.21875 0.35
1 0.9140625 0.0890625 0.096875 0.171875
0 0.3765625 0.33046875 0.128125 0.228125
3 0.3703125 0.203125 0.215625 0.3609375
2 0.7578125 0.24453125 0.234375 0.48359375
3 0.95859375 0.14453125 0.0828125 0.28359375
1 0.2921875 0.771875 0.065625 0.11640625
0 0.459375 0.4859375 0.103125 0.18359375
0 0.0265625 0.20859375 0.053125 0.23359375
3 0.97578125 0.8609375 0.0484375 0.271875
1 0.540625 0.75546875 0.078125 0.1390625
3 0.6953125 0.121875 0.121875 0.2390625
0 0.96875 0.48359375 0.0625 0.2109375