3 0.02890625 0.771875 0.0578125 0.221875
3 0.5390625 0.128125 0.05 0.25
0 0.840625 0.6109375 0.2 0.1998046875
1 0.4640625 0.628125 0.1265625 0.126171875
3 0.9359375 0.75859375 0.096875 0.178125
1 0.0375 0.47421875 0.075 0.1046875
0 0.2984375 0.88046875 0.13125 0.2330078125
1 0.075 0.4890625 0.078125 0.140234375
0 0.21875 0.78046875 0.16484375 0.16484375
0 0.45 0.13046875 0.19921875 0.1994140625
3 0.846875 0.19453125 0.29609375 0.2962890625
2 0.303125 0.64140625 0.24375 0.478125
2 0.46875 0.8390625 0.175 0.3158203125
1 0.9296875 0.33046875 0.065625 0.1169921875
0 0.08046875 0.6140625 0.1609375 0.178125
1 0.459375 0.35859375 0.065625 0.1169921875
1 0.2265625 0.08046875 0.0625 0.1109375