1 0.078125 0.621875 0.075 0.133984375
1 0.075 0.0859375 0.059375 0.1060546875
0 0.384375 0.88046875 0.13125 0.2330078125
3 0.459375 0.49453125 0.15859375 0.1587890625
3 0.953125 0.6328125 0.09375 0.175
0 0.1453125 0.196875 0.1515625 0.1517578125
3 0.6140625 0.11953125 0.20234375 0.2025390625
1 0.225 0.21640625 0.11328125 0.1130859375
3 0.76875 0.746875 0.15625 0.15625
3 0.1546875 0.33359375 0.15703125 0.1568359375
3 0.46875 0.753125 0.109375 0.109765625
2 0.5484375 0.803125 0.2671875 0.267578125
0 0.1484375 0.625 0.15625 0.15625
1 0.02734375 0.88515625 0.0546875 0.0828125