0 0.51875 0.34140625 0.13046875 0.1302734375
0 0.2890625 0.9140625 0.09375 0.1658203125
1 0.925 0.20859375 0.08671875 0.08671875
2 0.753125 0.61953125 0.2328125 0.2328125
1 0.2890625 0.35546875 0.12109375 0.1212890625
3 0.2140625 0.06953125 0.115625 0.0890625
2 0.828125 0.771875 0.121875 0.122265625
2 0.9625 0.61328125 0.075 0.1453125
0 0.2078125 0.60859375 0.125 0.221875
0 0.51875 0.20546875 0.12109375 0.1212890625
0 0.371875 0.48046875 0.14296875 0.1431640625
0 0.9078125 0.74921875 0.184375 0.1859375
0 0.675 0.3640625 0.1828125 0.1826171875
2 0.2171875 0.246875 0.13125 0.487890625
3 0.4375 0.625 0.1359375 0.1359375
1 0.4375 0.34140625 0.11328125 0.1130859375
3 0.00859375 0.20859375 0.0171875 0.0669921875