0 0.2734375 0.33359375 0.1953125 0.1953125
3 0.9359375 0.35234375 0.128125 0.2078125
3 0.125 0.8859375 0.190625 0.221875
2 0.3484375 0.771875 0.165625 0.166015625
2 0.1296875 0.478125 0.228125 0.227734375
2 0.5828125 0.503125 0.23125 0.2310546875
2 0.19375 0.76953125 0.109375 0.228125
0 0.115625 0.08359375 0.090625 0.1609375
2 0.0375 0.33046875 0.075 0.1609375
3 0.196875 0.20546875 0.15625 0.271875
3 0.0671875 0.77109375 0.134375 0.1890625
0 0.94609375 0.76015625 0.1078125 0.1390625
0 0.03203125 0.10234375 0.0640625 0.1109375
2 0.746875 0.34453125 0.2625 0.2625
3 0.7546875 0.478125 0.2265625 0.2267578125
0 0.3484375 0.2140625 0.146875 0.259765625
2 0.3578125 0.14140625 0.196875 0.278125
3 0.06953125 0.640625 0.1390625 0.175
0 0.9484375 0.89375 0.103125 0.1375
3 0.4328125 0.3390625 0.18125 0.180859375