3 0.946875 0.77109375 0.10625 0.1453125
0 0.84375 0.88359375 0.178125 0.178125
1 0.05625 0.7578125 0.1125 0.1125
3 0.028125 0.2046875 0.05625 0.078125
1 0.96328125 0.47421875 0.0734375 0.1046875
3 0.4484375 0.4859375 0.225 0.2248046875
1 0.3671875 0.903125 0.084375 0.15
1 0.2140625 0.478125 0.1078125 0.108203125
2 0.45625 0.20859375 0.1578125 0.1578125
0 0.8390625 0.1140625 0.1734375 0.1734375
3 0.6921875 0.9 0.0640625 0.0640625
1 0.0265625 0.89375 0.053125 0.08125
3 0.0890625 0.63359375 0.16171875 0.1615234375
3 0.06484375 0.6140625 0.1296875 0.14375
3 0.6796875 0.60859375 0.14296875 0.14296875
1 0.0078125 0.35 0.015625 0.15
3 0.2921875 0.34140625 0.084375 0.1390625