0 0.9640625 0.20859375 0.071875 0.183203125
0 0.3484375 0.621875 0.13125 0.2341796875
0 0.0671875 0.12734375 0.134375 0.1734375
3 0.965625 0.75234375 0.06875 0.1171875
0 0.340625 0.3609375 0.090625 0.159765625
0 0.965625 0.87734375 0.06875 0.1234375
0 0.5875 0.33046875 0.18671875 0.18671875
0 0.4265625 0.10859375 0.16484375 0.16484375
2 0.659375 0.3640625 0.240625 0.240625
2 0.1890625 0.625 0.2125 0.4939453125
0 0.109375 0.21953125 0.15625 0.15625
0 0.95078125 0.09375 0.0984375 0.128125
3 0.265625 0.20546875 0.071875 0.4048828125
3 0.02421875 0.09375 0.0484375 0.09375
1 0.05078125 0.6328125 0.1015625 0.121875
2 0.728125 0.346875 0.1375 0.4841796875
1 0.1046875 0.896875 0.08125 0.1439453125
3 0.9640625 0.34453125 0.071875 0.1951171875