1 0.9703125 0.76640625 0.059375 0.13359375
2 0.2625 0.478125 0.209375 0.44453125
2 0.5859375 0.63359375 0.159375 0.39453125
2 0.5890625 0.14453125 0.24375 0.28359375
2 0.415625 0.775 0.115625 0.221875
1 0.3390625 0.0890625 0.096875 0.171875
2 0.9484375 0.3390625 0.103125 0.48359375
2 0.278125 0.35 0.21875 0.69453125
3 0.578125 0.7640625 0.109375 0.18359375
3 0.509375 0.21640625 0.23125 0.4109375
0 0.3421875 0.75859375 0.146875 0.2609375
2 0.00859375 0.353125 0.0171875 0.24453125
2 0.9453125 0.60859375 0.109375 0.19453125
0 0.809375 0.871875 0.140625 0.25
0 0.65 0.353125 0.13125 0.23359375
0 0.665625 0.503125 0.121875 0.21640625
3 0.96640625 0.0890625 0.0671875 0.171875
2 0.884375 0.675 0.16875 0.64453125
0 0.825 0.60859375 0.146875 0.2609375
2 0.1234375 0.475 0.246875 0.58359375