3 0.8125 0.2109375 0.2640625 0.2642578125
1 0.66875 0.76640625 0.08125 0.1451171875
0 0.1171875 0.353125 0.096875 0.171875
3 0.584375 0.3609375 0.090625 0.155859375
0 0.8953125 0.196875 0.165625 0.165234375
3 0.4234375 0.2 0.1375 0.1376953125
3 0.19375 0.896875 0.121875 0.121484375
0 0.9015625 0.49453125 0.18203125 0.182421875
3 0.5796875 0.6140625 0.1859375 0.18515625
3 0.7484375 0.2109375 0.3296875 0.3298828125
2 0.1125 0.503125 0.20625 0.205859375
1 0.9015625 0.078125 0.1171875 0.1171875
3 0.425 0.753125 0.196875 0.3060546875