1 0.34375 0.2140625 0.078125 0.1390625
1 0.02734375 0.75859375 0.0546875 0.14453125
2 0.40625 0.70546875 0.303125 0.58359375
3 0.4859375 0.221875 0.10625 0.4390625
2 0.5765625 0.60859375 0.3 0.228125
0 0.246875 0.88046875 0.13125 0.23359375
1 0.7203125 0.60859375 0.06875 0.121875
3 0.734375 0.21640625 0.109375 0.171875
3 0.4890625 0.48359375 0.121875 0.2
3 0.01484375 0.225 0.0296875 0.3390625
2 0.9453125 0.2140625 0.109375 0.421875
1 0.1859375 0.6359375 0.071875 0.128125
0 0.1078125 0.46953125 0.125 0.221875
0 0.328125 0.7609375 0.125 0.221875
3 0.253125 0.7609375 0.1875 0.16640625
0 0.2625 0.48046875 0.10625 0.1890625
3 0.06171875 0.153125 0.1234375 0.3
1 0.403125 0.05859375 0.0625 0.1109375