0 0.5671875 0.11640625 0.128125 0.228125
0 0.8734375 0.3640625 0.13125 0.23359375
2 0.175 0.471875 0.1125 0.39453125
0 0.03671875 0.353125 0.0734375 0.18359375
3 0.18125 0.19140625 0.13125 0.10546875
2 0.6390625 0.5 0.09375 0.3109375
1 0.6359375 0.75546875 0.096875 0.171875
3 0.875 0.7640625 0.13125 0.2390625
2 0.496875 0.46953125 0.221875 0.5890625
3 0.4015625 0.8890625 0.14375 0.21640625
2 0.86328125 0.49453125 0.2734375 0.3890625
2 0.93125 0.1859375 0.1375 0.36640625
0 0.8 0.13046875 0.14375 0.25546875
3 0.94765625 0.3609375 0.1046875 0.21640625
1 0.1796875 0.8890625 0.09375 0.16640625
2 0.05234375 0.18359375 0.1046875 0.3609375
2 0.18125 0.33359375 0.209375 0.3890625