0 0.834375 0.0859375 0.09375 0.16640625
1 0.209375 0.35 0.059375 0.10546875
0 0.2953125 0.471875 0.14375 0.25546875
2 0.290625 0.771875 0.146875 0.3
3 0.453125 0.7609375 0.178125 0.1
0 0.83125 0.871875 0.140625 0.25
0 0.3796875 0.903125 0.096875 0.171875
0 0.9234375 0.771875 0.11875 0.2109375
0 0.3015625 0.61640625 0.1 0.178125
3 0.36875 0.503125 0.184375 0.328125
3 0.03984375 0.46953125 0.0796875 0.35546875
3 0.040625 0.153125 0.08125 0.3
0 0.1375 0.90546875 0.103125 0.18359375
3 0.2109375 0.1359375 0.1625 0.26640625
3 0.6828125 0.19453125 0.15 0.25546875
0 0.6109375 0.9 0.090625 0.1609375