0 0.58125 0.19140625 0.0875 0.15546875
2 0.1890625 0.2 0.203125 0.33359375
3 0.9859375 0.20546875 0.028125 0.25
1 0.8125 0.075 0.08125 0.14453125
0 0.5828125 0.48046875 0.128125 0.228125
2 0.815625 0.625 0.159375 0.1890625
1 0.7359375 0.475 0.06875 0.121875
2 0.425 0.275 0.26875 0.54453125
2 0.903125 0.34140625 0.19375 0.29453125
2 0.996875 0.3359375 0.00625 0.45546875
1 0.5046875 0.196875 0.09375 0.16640625
0 0.109375 0.1109375 0.121875 0.21640625
0 0.89375 0.20546875 0.10625 0.1890625
3 0.93359375 0.76640625 0.1328125 0.15
1 0.125 0.625 0.059375 0.10546875
3 0.26875 0.9140625 0.134375 0.121875
2 0.43125 0.8859375 0.23125 0.15
0 0.359375 0.778125 0.1 0.178125
2 0.3484375 0.21953125 0.146875 0.2390625
1 0.125 0.2 0.0625 0.1109375
1 0.128125 0.903125 0.0875 0.15546875
2 0.046875 0.61640625 0.09375 0.15