2 0.14453125 0.19375 0.2890625 0.29375
2 0.378125 0.80546875 0.32578125 0.326171875
3 0.03046875 0.47421875 0.0609375 0.1109375
2 0.996875 0.496875 0.00625 0.1841796875
3 0.97890625 0.49453125 0.0421875 0.1830078125
3 0.6921875 0.8140625 0.25 0.3658203125
3 0.5390625 0.89140625 0.15234375 0.15234375
2 0.775 0.7609375 0.16875 0.378125
0 0.1515625 0.89453125 0.16015625 0.1603515625
0 0.06953125 0.103125 0.1390625 0.15625
0 0.290625 0.128125 0.140625 0.25
1 0.91875 0.35 0.134375 0.134375
2 0.09609375 0.33828125 0.1921875 0.2515625