2 0.23125 0.503125 0.1890625 0.1890625
3 0.61875 0.09140625 0.1234375 0.1234375
3 0.146875 0.21640625 0.22578125 0.22578125
0 0.621875 0.75546875 0.16015625 0.1603515625
1 0.85625 0.91640625 0.06875 0.121875
2 0.04921875 0.19609375 0.0984375 0.1953125
1 0.01953125 0.48828125 0.0390625 0.0640625
3 0.1421875 0.46953125 0.075 0.133203125
1 0.225 0.078125 0.084375 0.15
3 0.228125 0.34453125 0.25625 0.25625
1 0.5421875 0.35546875 0.065625 0.116796875
3 0.4546875 0.64140625 0.071875 0.133203125
2 0.6171875 0.35 0.121875 0.237890625
2 0.4609375 0.153125 0.1953125 0.1953125
0 0.8421875 0.09140625 0.1390625 0.1390625
3 0.846875 0.20546875 0.0625 0.2890625
2 0.3 0.75859375 0.26015625 0.2599609375
1 0.3734375 0.903125 0.084375 0.15
0 0.696875 0.203125 0.1375 0.2439453125
0 0.93125 0.21640625 0.134375 0.134375
1 0.4671875 0.2109375 0.1171875 0.1171875