0 0.94765625 0.621875 0.1046875 0.23359375
0 0.6390625 0.128125 0.140625 0.25
0 0.953125 0.3609375 0.090625 0.1609375
3 0.5 0.1109375 0.165625 0.21640625
1 0.1046875 0.35546875 0.09375 0.16640625
2 0.0953125 0.30546875 0.146875 0.60546875
0 0.98984375 0.10859375 0.0203125 0.2109375
1 0.3359375 0.7640625 0.090625 0.1609375
3 0.403125 0.35859375 0.059375 0.10546875
2 0.8015625 0.625 0.2125 0.49453125
0 0.721875 0.21953125 0.1125 0.2
0 0.0328125 0.20859375 0.065625 0.18359375
2 0.2625 0.225 0.24375 0.39453125
3 0.878125 0.20546875 0.071875 0.40546875
3 0.575 0.09453125 0.084375 0.18359375
1 0.65 0.63359375 0.090625 0.1609375
1 0.7171875 0.896875 0.08125 0.14453125