1 0.58125 0.225 0.1046875 0.1044921875
3 0.35 0.20859375 0.25625 0.25625
0 0.9046875 0.353125 0.134375 0.134375
2 0.115625 0.84453125 0.21328125 0.2134765625
0 0.2046875 0.33359375 0.19140625 0.1912109375
1 0.2 0.91953125 0.0875 0.155078125
0 0.2828125 0.496875 0.14375 0.2560546875
1 0.190625 0.21953125 0.12578125 0.12578125
0 0.1234375 0.4890625 0.121875 0.2158203125
3 0.95703125 0.89609375 0.0859375 0.1109375
2 0.284375 0.16640625 0.234375 0.234375
0 0.02421875 0.9078125 0.0484375 0.090625
1 0.35625 0.35 0.0953125 0.0953125
1 0.0484375 0.6109375 0.075 0.133984375
1 0.190625 0.4859375 0.059375 0.1060546875
3 0.03125 0.1140625 0.0625 0.115625
2 0.9 0.503125 0.2 0.212109375
2 0.440625 0.4859375 0.3546875 0.3546875