0 0.7265625 0.871875 0.1953125 0.1953125
2 0.08046875 0.49609375 0.1609375 0.2328125
2 0.184375 0.2 0.2015625 0.20234375
3 0.3390625 0.2140625 0.1578125 0.1578125
2 0.8890625 0.35546875 0.21640625 0.21640625
3 0.578125 0.503125 0.1953125 0.1953125
2 0.0390625 0.35 0.078125 0.478125
2 0.1875 0.80546875 0.1375 0.3830078125
2 0.9265625 0.35234375 0.146875 0.1796875
1 0.7328125 0.3640625 0.1 0.1
1 0.7296875 0.225 0.0953125 0.0953125
3 0.409375 0.0859375 0.103125 0.159765625
0 0.259375 0.35 0.178125 0.178125
1 0.7984375 0.08359375 0.12109375 0.121484375
0 0.8890625 0.76640625 0.096875 0.171875
3 0.175 0.48046875 0.215625 0.215625
2 0.046875 0.640625 0.09375 0.175
2 0.921875 0.47421875 0.15625 0.2984375