1 0.821875 0.621875 0.1046875 0.1044921875
1 0.35625 0.20859375 0.0625 0.1109375
2 0.184375 0.61953125 0.2328125 0.2328125
1 0.81875 0.0859375 0.0828125 0.0826171875
2 0.6578125 0.6140625 0.1609375 0.1607421875
0 0.8890625 0.196875 0.1515625 0.1517578125
1 0.9546875 0.215625 0.090625 0.109375
2 0.259375 0.771875 0.121875 0.122265625
2 0.496875 0.6140625 0.2125 0.212109375
3 0.8984375 0.33359375 0.15703125 0.1568359375
0 0.340625 0.75 0.1859375 0.186328125
0 0.10625 0.3640625 0.1828125 0.1826171875
0 0.578125 0.3640625 0.125 0.12578125
0 0.8921875 0.625 0.15625 0.15625
1 0.73125 0.8859375 0.078125 0.140234375