2 0.4171875 0.19140625 0.24296875 0.243359375
0 0.0984375 0.61015625 0.196875 0.1984375
3 0.9421875 0.77109375 0.115625 0.1421875
2 0.8171875 0.61640625 0.1375 0.2169921875
1 0.5734375 0.628125 0.09375 0.166015625
3 0.1921875 0.75859375 0.1375 0.1375
0 0.95703125 0.490625 0.0859375 0.140625
0 0.4171875 0.63046875 0.16015625 0.160546875
1 0.965625 0.621875 0.06875 0.137890625
0 0.4234375 0.09140625 0.1390625 0.1390625
3 0.12578125 0.19375 0.2515625 0.296875
1 0.80625 0.771875 0.134375 0.134375
3 0.65625 0.796875 0.3078125 0.3078125
1 0.1859375 0.33046875 0.09140625 0.0912109375
2 0.95 0.1 0.1 0.1939453125
2 0.3328125 0.3609375 0.096875 0.31015625
3 0.33125 0.88046875 0.17734375 0.1775390625
1 0.8921875 0.3640625 0.1046875 0.1044921875
2 0.89375 0.29609375 0.2125 0.3359375