1 0.3484375 0.49453125 0.09375 0.1669921875
3 0.1078125 0.20859375 0.17265625 0.1724609375
1 0.1140625 0.49140625 0.09140625 0.091015625
2 0.1921875 0.228125 0.11875 0.45
0 0.65625 0.503125 0.14375 0.1435546875
3 0.9484375 0.6390625 0.103125 0.2158203125
3 0.3453125 0.08359375 0.09375 0.1609375
1 0.03125 0.775 0.0625 0.1439453125
3 0.56875 0.771875 0.1015625 0.1017578125
2 0.496875 0.75546875 0.23046875 0.23046875
3 0.97265625 0.2140625 0.0546875 0.35
0 0.33125 0.225 0.134375 0.134375
3 0.7359375 0.19140625 0.19765625 0.198046875
1 0.1796875 0.61953125 0.12109375 0.1212890625
2 0.571875 0.228125 0.2953125 0.2953125