0 0.934375 0.19609375 0.13125 0.1640625
3 0.93046875 0.19921875 0.1390625 0.2234375
1 0.659375 0.471875 0.1 0.1
3 0.04140625 0.20546875 0.0828125 0.1390625
1 0.1109375 0.503125 0.1265625 0.126171875
2 0.91953125 0.84921875 0.1609375 0.2046875
3 0.74375 0.6359375 0.303125 0.3033203125
2 0.071875 0.33515625 0.14375 0.2484375
3 0.8125 0.35546875 0.10234375 0.10234375
2 0.14140625 0.2546875 0.2828125 0.33125
3 0.2671875 0.153125 0.2359375 0.2359375
2 0.5015625 0.76640625 0.134375 0.3109375
3 0.66875 0.3640625 0.1765625 0.17734375
0 0.0640625 0.1046875 0.128125 0.153125
2 0.74375 0.86640625 0.19453125 0.19453125
3 0.503125 0.478125 0.0875 0.1439453125
1 0.96484375 0.34921875 0.0703125 0.0828125
2 0.6703125 0.26640625 0.4 0.4
1 0.7515625 0.771875 0.0953125 0.0953125
1 0.5875 0.19453125 0.096875 0.171875
1 0.3484375 0.08359375 0.090625 0.1609375
1 0.0421875 0.3296875 0.084375 0.090625
2 0.2046875 0.3359375 0.134375 0.444140625
3 0.3515625 0.90859375 0.14609375 0.146484375
3 0.196875 0.6359375 0.14375 0.1439453125