0 0.84375 0.19140625 0.0875 0.15546875
0 0.02109375 0.503125 0.0421875 0.16640625
2 0.4515625 0.2 0.203125 0.33359375
0 0.8453125 0.48046875 0.128125 0.228125
2 0.99921875 0.625 0.0015625 0.1890625
1 0.98203125 0.475 0.0359375 0.121875
2 0.6875 0.275 0.26875 0.54453125
1 0.7671875 0.196875 0.09375 0.16640625
0 0.371875 0.1109375 0.121875 0.21640625
3 0.14375 0.75 0.128125 0.271875
1 0.3875 0.625 0.059375 0.10546875
3 0.53125 0.9140625 0.134375 0.121875
2 0.69375 0.8859375 0.23125 0.15
0 0.621875 0.778125 0.1 0.178125
2 0.6109375 0.21953125 0.146875 0.2390625
1 0.3875 0.2 0.0625 0.1109375
3 0.1453125 0.49140625 0.0875 0.15546875
1 0.390625 0.903125 0.0875 0.15546875
2 0.29375 0.61640625 0.125 0.15