0 0.921875 0.871875 0.15625 0.1875
2 0.1640625 0.49609375 0.328125 0.3359375
2 0.403125 0.2 0.2015625 0.201953125
3 0.5578125 0.2140625 0.0875 0.228125
2 0.0875 0.88046875 0.16953125 0.169921875
2 0.971875 0.3546875 0.05625 0.10625
3 0.796875 0.503125 0.1953125 0.1953125
2 0.1765625 0.34921875 0.353125 0.3640625
2 0.40625 0.80546875 0.26015625 0.2603515625
2 0.159375 0.36875 0.31875 0.453125
1 0.95078125 0.3640625 0.0984375 0.1
1 0.9484375 0.225 0.0953125 0.0953125
3 0.628125 0.0859375 0.103125 0.159765625
0 0.478125 0.35 0.178125 0.178125
1 0.98671875 0.08359375 0.0265625 0.155078125
3 0.39375 0.48046875 0.159375 0.271875
2 0.1671875 0.64140625 0.23359375 0.23359375
3 0.0875 0.75546875 0.13125 0.144921875