2 0.9015625 0.1109375 0.1625 0.1626953125
2 0.06875 0.7796875 0.1375 0.18125
3 0.428125 0.75 0.128125 0.128125
1 0.896875 0.496875 0.0953125 0.0953125
0 0.959375 0.33515625 0.08125 0.1078125
3 0.7375 0.46953125 0.071875 0.1830078125
1 0.3609375 0.6140625 0.084375 0.15
1 0.1921875 0.63046875 0.078125 0.1390625
0 0.5828125 0.621875 0.1515625 0.1517578125
1 0.7515625 0.63046875 0.1171875 0.1171875
1 0.659375 0.3609375 0.096875 0.171875
0 0.8171875 0.8890625 0.121875 0.2158203125
1 0.6671875 0.19140625 0.10390625 0.1041015625
1 0.4265625 0.4890625 0.134375 0.134375
2 0.359375 0.103125 0.1640625 0.1640625
3 0.590625 0.35546875 0.28046875 0.2802734375
0 0.203125 0.49140625 0.20390625 0.20390625