0 0.8390625 0.196875 0.13125 0.23359375
3 0.9078125 0.2 0.184375 0.39453125
1 0.528125 0.471875 0.071875 0.128125
1 0.0125 0.503125 0.025 0.1609375
2 0.8546875 0.85 0.203125 0.29453125
3 0.6125 0.6359375 0.240625 0.36640625
2 0.94140625 0.2140625 0.1171875 0.1890625
3 0.68125 0.35546875 0.065625 0.1390625
2 0.0328125 0.25546875 0.065625 0.50546875
3 0.1359375 0.153125 0.171875 0.3
2 0.3703125 0.76640625 0.134375 0.3109375
3 0.5375 0.3640625 0.14375 0.2109375
2 0.6125 0.86640625 0.128125 0.2609375
3 0.371875 0.478125 0.0875 0.14453125
1 0.84375 0.35 0.0625 0.1109375
2 0.5390625 0.26640625 0.271875 0.528125
1 0.6203125 0.771875 0.06875 0.121875
1 0.45625 0.19453125 0.096875 0.171875
1 0.2171875 0.08359375 0.090625 0.1609375
2 0.0734375 0.3359375 0.134375 0.44453125
2 0.9671875 0.803125 0.065625 0.3890625
3 0.2203125 0.90859375 0.1375 0.15546875
3 0.065625 0.6359375 0.071875 0.21640625