3 0.521875 0.503125 0.08125 0.1439453125
0 0.6078125 0.503125 0.1296875 0.1298828125
2 0.94375 0.19921875 0.1125 0.1859375
3 0.4375 0.353125 0.28125 0.2814453125
2 0.0421875 0.503125 0.084375 0.2341796875
0 0.94375 0.11015625 0.1125 0.1453125
0 0.45625 0.20546875 0.16953125 0.169140625
3 0.5171875 0.90546875 0.10859375 0.1087890625
0 0.3671875 0.7609375 0.15625 0.15625
3 0.75625 0.75 0.128125 0.271875
2 0.134375 0.34453125 0.2625 0.2625
1 0.975 0.62421875 0.05 0.0671875
3 0.1421875 0.478125 0.2265625 0.2267578125
1 0.984375 0.2 0.03125 0.112109375
0 0.3765625 0.89453125 0.16015625 0.1603515625
3 0.7578125 0.49140625 0.12109375 0.121484375
1 0.96484375 0.90234375 0.0703125 0.0984375
2 0.90625 0.61640625 0.1375 0.1375