3 0.396875 0.178125 0.284375 0.284375
1 0.4765625 0.0890625 0.096875 0.171875
0 0.0015625 0.33046875 0.003125 0.228125
3 0.06015625 0.20234375 0.1203125 0.2015625
2 0.3203125 0.24453125 0.234375 0.4830078125
3 0.5578125 0.14453125 0.21953125 0.2197265625
0 0.05 0.48515625 0.1 0.1296875
1 0.7109375 0.20546875 0.0875 0.1548828125
3 0.56875 0.8609375 0.190625 0.190625
2 0.97265625 0.2359375 0.0546875 0.4658203125
1 0.103125 0.75546875 0.10859375 0.10859375
3 0.2578125 0.121875 0.121875 0.237890625
1 0.97734375 0.91640625 0.0453125 0.0765625
0 0.559375 0.48359375 0.16484375 0.16484375