3 0.4296875 0.771875 0.13125 0.221875
3 0.95 0.12734375 0.1 0.1484375
0 0.275 0.88359375 0.128125 0.228125
1 0.9015625 0.628125 0.090625 0.162109375
1 0.4359375 0.475 0.1296875 0.1298828125
0 0.7359375 0.88046875 0.18203125 0.182421875
3 0.00625 0.4859375 0.0125 0.1841796875
1 0.5125 0.4890625 0.078125 0.140234375
0 0.65625 0.78046875 0.16484375 0.16484375
0 0.2703125 0.1140625 0.1734375 0.1734375
3 0.1234375 0.9 0.1 0.028125
0 0.8875 0.13046875 0.19921875 0.1994140625
2 0.740625 0.64140625 0.3609375 0.3609375
2 0.89140625 0.83828125 0.2171875 0.2453125
3 0.1109375 0.60859375 0.14296875 0.14296875
0 0.509375 0.6140625 0.178125 0.178125
1 0.896875 0.35859375 0.09140625 0.0912109375
1 0.6640625 0.08046875 0.08671875 0.08671875