2 0.1890625 0.78046875 0.25 0.2669921875
3 0.646875 0.75 0.128125 0.128125
1 0.0390625 0.48515625 0.078125 0.0953125
3 0.06015625 0.7796875 0.1203125 0.15
3 0.94609375 0.46875 0.1078125 0.128125
1 0.5796875 0.6140625 0.084375 0.15
1 0.4109375 0.63046875 0.10859375 0.10859375
0 0.8015625 0.621875 0.1515625 0.1517578125
1 0.9640625 0.63046875 0.071875 0.15
1 0.878125 0.3609375 0.134375 0.134375
0 0.96328125 0.88828125 0.0734375 0.1203125
1 0.8859375 0.19140625 0.10390625 0.1041015625
1 0.6453125 0.4890625 0.134375 0.134375
2 0.578125 0.103125 0.1640625 0.1640625
3 0.809375 0.35546875 0.19375 0.366796875
0 0.421875 0.49140625 0.20390625 0.20390625
1 0.18125 0.35546875 0.08671875 0.08671875