1 0.3921875 0.49453125 0.13046875 0.1302734375
3 0.1515625 0.20859375 0.17265625 0.1724609375
1 0.1578125 0.49140625 0.065625 0.116796875
2 0.2359375 0.228125 0.284375 0.284375
0 0.7 0.503125 0.103125 0.1841796875
3 0.9703125 0.6390625 0.059375 0.2158203125
3 0.3890625 0.08359375 0.09375 0.1609375
1 0.065625 0.775 0.08125 0.1439453125
3 0.6125 0.771875 0.1015625 0.101953125
2 0.540625 0.75546875 0.23046875 0.23046875
3 0.99453125 0.2140625 0.0109375 0.35
0 0.375 0.225 0.134375 0.134375
3 0.7796875 0.19140625 0.19765625 0.1978515625
1 0.2234375 0.61953125 0.12109375 0.1212890625
2 0.615625 0.228125 0.140625 0.45
0 0.0375 0.50234375 0.075 0.1140625