0 0.3578125 0.771875 0.165625 0.165234375
1 0.2 0.34140625 0.11328125 0.112890625
1 0.59375 0.90546875 0.13046875 0.1302734375
0 0.74375 0.8859375 0.134375 0.134375
0 0.2859375 0.103125 0.15625 0.15625
2 0.5953125 0.48046875 0.203125 0.4830078125
2 0.5921875 0.1125 0.228125 0.225
2 0.5171875 0.61640625 0.2 0.2
0 0.6 0.196875 0.190625 0.191015625
0 0.8171875 0.8890625 0.11875 0.209765625
3 0.8265625 0.34453125 0.09921875 0.0990234375
2 0.278125 0.71640625 0.43515625 0.43515625
0 0.02734375 0.215625 0.0546875 0.09375
0 0.2046875 0.0890625 0.134375 0.134375
2 0.35 0.2140625 0.24375 0.244140625
1 0.13125 0.2 0.1171875 0.1171875
3 0.74375 0.775 0.2640625 0.26484375
2 0.92109375 0.490625 0.1578125 0.240625