0 0.95390625 0.8828125 0.0921875 0.1375
1 0.23125 0.75859375 0.11328125 0.112890625
3 0.1546875 0.20546875 0.109375 0.121875
3 0.08125 0.75859375 0.1296875 0.1296875
3 0.6234375 0.4859375 0.225 0.2248046875
1 0.5421875 0.903125 0.084375 0.15
1 0.3890625 0.478125 0.1078125 0.108203125
2 0.63125 0.20859375 0.0875 0.228125
0 0.95390625 0.11328125 0.0921875 0.1359375
3 0.8671875 0.9 0.0640625 0.0640625
1 0.02265625 0.76953125 0.0453125 0.1451171875
1 0.1609375 0.89453125 0.10859375 0.10859375
3 0.240625 0.63359375 0.225 0.1451171875
3 0.146875 0.6140625 0.2875 0.171875
3 0.8546875 0.60859375 0.14296875 0.14296875
1 0.1484375 0.35 0.1171875 0.1171875
3 0.4671875 0.34140625 0.11171875 0.11171875