2 0.146875 0.6140625 0.153125 0.20546875
1 0.86875 0.2140625 0.078125 0.1390625
1 0.5390625 0.75859375 0.08125 0.14453125
2 0.88984375 0.70546875 0.2203125 0.58359375
3 0.97890625 0.221875 0.0421875 0.4390625
2 0.97578125 0.60859375 0.0484375 0.228125
0 0.771875 0.88046875 0.13125 0.23359375
3 0.3140625 0.18046875 0.19375 0.35546875
3 0.9765625 0.48359375 0.046875 0.2
3 0.4703125 0.225 0.16875 0.3390625
1 0.7109375 0.6359375 0.071875 0.128125
0 0.6328125 0.46953125 0.125 0.221875
1 0.4734375 0.0859375 0.09375 0.16640625
1 0.02421875 0.3640625 0.0484375 0.1390625
0 0.853125 0.7609375 0.125 0.221875
3 0.778125 0.7609375 0.1875 0.16640625
0 0.4609375 0.3640625 0.10625 0.1890625
2 0.15625 0.1 0.15 0.19453125
0 0.7875 0.48046875 0.10625 0.1890625
3 0.5515625 0.153125 0.19375 0.3
3 0.2375 0.20546875 0.24375 0.1609375
0 0.03203125 0.13046875 0.0640625 0.25546875
1 0.928125 0.05859375 0.0625 0.1109375