2 0.9453125 0.1109375 0.109375 0.21640625
2 0.06953125 0.78046875 0.1390625 0.26640625
3 0.471875 0.75 0.084375 0.171875
1 0.940625 0.496875 0.06875 0.121875
0 0.99453125 0.3359375 0.0109375 0.1609375
3 0.78125 0.46953125 0.071875 0.18359375
1 0.4046875 0.6140625 0.084375 0.15
1 0.2359375 0.63046875 0.078125 0.1390625
0 0.6265625 0.621875 0.109375 0.19453125
1 0.7953125 0.63046875 0.084375 0.15
1 0.703125 0.3609375 0.096875 0.171875
0 0.8609375 0.8890625 0.121875 0.21640625
1 0.7109375 0.19140625 0.075 0.13359375
1 0.4703125 0.4890625 0.096875 0.171875
2 0.403125 0.103125 0.128125 0.2
3 0.634375 0.35546875 0.19375 0.36640625
0 0.246875 0.49140625 0.146875 0.2609375
1 0.01875 0.35546875 0.0375 0.1109375