0 0.253125 0.88046875 0.13125 0.23359375
3 0.328125 0.49453125 0.1125 0.20546875
3 0.92734375 0.63359375 0.1453125 0.33359375
0 0.034375 0.196875 0.06875 0.19453125
3 0.4828125 0.11953125 0.171875 0.23359375
1 0.09375 0.21640625 0.08125 0.14453125
3 0.6375 0.746875 0.1125 0.2
3 0.04140625 0.33359375 0.0828125 0.19453125
3 0.3375 0.753125 0.08125 0.1390625
1 0.9984375 0.221875 0.003125 0.10546875
2 0.4171875 0.803125 0.146875 0.3890625
0 0.03671875 0.625 0.0734375 0.2
3 0.95625 0.20546875 0.0875 0.19453125