2 0.6421875 0.496875 0.29375 0.378125
2 0.884375 0.2 0.165625 0.2390625
3 0.99765625 0.2140625 0.0046875 0.228125
2 0.56875 0.88046875 0.10625 0.23359375
2 0.653125 0.35 0.25 0.478125
1 0.0359375 0.90546875 0.071875 0.16640625
0 0.175 0.8859375 0.096875 0.171875
2 0.0640625 0.48046875 0.128125 0.48359375
2 0.071875 0.1109375 0.14375 0.21640625
2 0.0171875 0.61640625 0.034375 0.228125
2 0.8875 0.80546875 0.1375 0.38359375
2 0.5734375 0.36953125 0.175 0.73359375
0 0.05 0.196875 0.1 0.24453125
0 0.94765625 0.35 0.1046875 0.228125
0 0.2484375 0.8890625 0.11875 0.2109375
3 0.2578125 0.34453125 0.053125 0.14453125
3 0.175 0.775 0.190625 0.3390625
2 0.41875 0.49140625 0.11875 0.4109375
3 0.875 0.48046875 0.159375 0.271875
2 0.6484375 0.64140625 0.128125 0.3390625
3 0.56875 0.75546875 0.13125 0.14453125