2 0.671875 0.6140625 0.1796875 0.179296875
2 0.4421875 0.496875 0.1796875 0.1798828125
1 0.2828125 0.46953125 0.065625 0.116796875
3 0.8390625 0.18046875 0.27421875 0.2744140625
1 0.359375 0.19140625 0.11328125 0.1130859375
3 0.92421875 0.22421875 0.1515625 0.2140625
1 0.28125 0.35546875 0.084375 0.15
1 0.9609375 0.08515625 0.078125 0.1078125
1 0.534375 0.3640625 0.078125 0.140234375
0 0.96640625 0.3640625 0.0671875 0.190234375
2 0.68125 0.1 0.171875 0.1720703125
3 0.0484375 0.8796875 0.096875 0.14375
3 0.9546875 0.15234375 0.090625 0.1609375
3 0.7625 0.20546875 0.20234375 0.20234375
0 0.5171875 0.13046875 0.19921875 0.1994140625
2 0.4484375 0.34453125 0.13125 0.2390625