0 0.3609375 0.33359375 0.140625 0.25
0 0.01015625 0.09140625 0.0203125 0.178125
3 0.2125 0.8859375 0.190625 0.221875
2 0.4359375 0.771875 0.0875 0.24453125
2 0.2171875 0.478125 0.2 0.25546875
2 0.6703125 0.503125 0.228125 0.23359375
2 0.28125 0.76953125 0.109375 0.228125
0 0.203125 0.08359375 0.090625 0.1609375
2 0.1234375 0.33046875 0.078125 0.1609375
3 0.284375 0.20546875 0.15625 0.271875
3 0.08515625 0.771875 0.1703125 0.29453125
0 0.05390625 0.103125 0.1078125 0.2
3 0.00078125 0.6359375 0.0015625 0.271875
2 0.834375 0.34453125 0.153125 0.371875
3 0.8421875 0.478125 0.159375 0.29453125
0 0.4359375 0.2140625 0.146875 0.2609375
2 0.4453125 0.14140625 0.196875 0.278125
3 0.1296875 0.64140625 0.125 0.24453125
3 0.5203125 0.3390625 0.171875 0.1890625