2 0.671875 0.6140625 0.153125 0.2060546875
2 0.4421875 0.496875 0.1796875 0.180078125
1 0.2828125 0.46953125 0.09140625 0.0912109375
3 0.8390625 0.18046875 0.27421875 0.2744140625
1 0.359375 0.19140625 0.11328125 0.1130859375
3 0.92421875 0.22421875 0.1515625 0.2140625
1 0.28125 0.35546875 0.1171875 0.1171875
1 0.9609375 0.08515625 0.078125 0.1078125
1 0.534375 0.3640625 0.078125 0.13984375
0 0.95078125 0.36328125 0.0984375 0.1296875
2 0.68125 0.1 0.171875 0.1720703125
3 0.02578125 0.88046875 0.0515625 0.2330078125
3 0.9546875 0.15234375 0.090625 0.1609375
3 0.7625 0.20546875 0.24375 0.1609375
0 0.5171875 0.13046875 0.14375 0.255078125
2 0.4484375 0.34453125 0.13125 0.2390625