0 0.0421875 0.34140625 0.084375 0.1669921875
1 0.909375 0.621875 0.075 0.1341796875
1 0.44375 0.20859375 0.0625 0.1109375
2 0.271875 0.61953125 0.2328125 0.2328125
1 0.90625 0.0859375 0.059375 0.1060546875
2 0.7453125 0.6140625 0.115625 0.2060546875
0 0.9609375 0.196875 0.078125 0.1939453125
2 0.346875 0.771875 0.078125 0.1658203125
2 0.584375 0.6140625 0.134375 0.28984375
0 0.04921875 0.2046875 0.0984375 0.11875
3 0.94765625 0.3328125 0.1046875 0.134375
0 0.428125 0.75 0.1859375 0.18671875
0 0.19375 0.3640625 0.1828125 0.1826171875
3 0.0234375 0.625 0.046875 0.090625
0 0.665625 0.3640625 0.125 0.125390625
0 0.96171875 0.625 0.0765625 0.2
1 0.81875 0.8859375 0.109375 0.10859375