0 0.75625 0.19140625 0.0875 0.15546875
2 0.3640625 0.2 0.203125 0.33359375
1 0.9734375 0.075 0.053125 0.14453125
0 0.7578125 0.48046875 0.128125 0.228125
2 0.95546875 0.625 0.0890625 0.1890625
1 0.9109375 0.475 0.06875 0.121875
2 0.6 0.275 0.26875 0.54453125
2 0.990625 0.34140625 0.01875 0.29453125
1 0.6796875 0.196875 0.09375 0.16640625
0 0.284375 0.1109375 0.121875 0.21640625
3 0.06015625 0.75 0.1203125 0.271875
1 0.3 0.625 0.059375 0.10546875
3 0.44375 0.9140625 0.134375 0.121875
2 0.60625 0.8859375 0.23125 0.15
0 0.534375 0.778125 0.1 0.178125
2 0.5234375 0.21953125 0.146875 0.2390625
1 0.3 0.2 0.0625 0.1109375
3 0.0578125 0.49140625 0.0875 0.15546875
1 0.303125 0.903125 0.0875 0.15546875
2 0.20625 0.61640625 0.125 0.15