2 0.9453125 0.1109375 0.109375 0.2158203125
2 0.08515625 0.7796875 0.1703125 0.203125
3 0.471875 0.75 0.128125 0.128125
1 0.940625 0.496875 0.0953125 0.0953125
0 0.97578125 0.33515625 0.0484375 0.0859375
3 0.78125 0.46953125 0.071875 0.1830078125
1 0.4046875 0.6140625 0.084375 0.15
1 0.2359375 0.63046875 0.10859375 0.10859375
0 0.6265625 0.621875 0.1515625 0.1517578125
1 0.7953125 0.63046875 0.1171875 0.1171875
1 0.703125 0.3609375 0.134375 0.134375
0 0.8609375 0.8890625 0.16875 0.169140625
1 0.7109375 0.19140625 0.10390625 0.1041015625
1 0.4703125 0.4890625 0.096875 0.171875
2 0.403125 0.103125 0.1640625 0.1640625
3 0.634375 0.35546875 0.28046875 0.280078125
0 0.246875 0.49140625 0.146875 0.2609375
1 0.02734375 0.3546875 0.0546875 0.075