0 0.2734375 0.33359375 0.140625 0.25
3 0.97578125 0.353125 0.0484375 0.36640625
3 0.125 0.8859375 0.190625 0.221875
2 0.3484375 0.771875 0.0875 0.24453125
2 0.1296875 0.478125 0.2 0.25546875
2 0.5828125 0.503125 0.228125 0.23359375
2 0.19375 0.76953125 0.109375 0.228125
0 0.115625 0.08359375 0.090625 0.1609375
2 0.0375 0.33046875 0.075 0.1609375
3 0.196875 0.20546875 0.15625 0.271875
3 0.04140625 0.771875 0.0828125 0.29453125
0 0.96171875 0.7609375 0.0765625 0.2
0 0.01015625 0.103125 0.0203125 0.2
2 0.746875 0.34453125 0.153125 0.371875
3 0.7546875 0.478125 0.159375 0.29453125
0 0.3484375 0.2140625 0.146875 0.2609375
2 0.3578125 0.14140625 0.196875 0.278125
3 0.05234375 0.64140625 0.1046875 0.24453125
0 0.965625 0.89453125 0.06875 0.20546875
3 0.4328125 0.3390625 0.171875 0.1890625