0 0.6203125 0.76953125 0.12578125 0.12578125
1 0.315625 0.0640625 0.090625 0.0908203125
2 0.91328125 0.33828125 0.1734375 0.2984375
0 0.7046875 0.203125 0.178125 0.178125
3 0.8609375 0.8859375 0.165625 0.165625
1 0.2265625 0.896875 0.0953125 0.0953125
0 0.7859375 0.34453125 0.16015625 0.1603515625
1 0.084375 0.771875 0.1 0.1
3 0.91015625 0.46875 0.1796875 0.259375
1 0.94296875 0.21875 0.1140625 0.121875
3 0.3984375 0.496875 0.11875 0.212109375
3 0.9671875 0.6359375 0.065625 0.2
1 0.8515625 0.625 0.09375 0.166015625
2 0.15625 0.775 0.215625 0.321875
3 0.23125 0.6140625 0.165625 0.165625
1 0.084375 0.19453125 0.13046875 0.1302734375
0 0.696875 0.4859375 0.134375 0.134375
0 0.8625 0.34140625 0.18203125 0.1822265625
1 0.9453125 0.771875 0.1 0.1