0 0.5328125 0.76953125 0.090625 0.1609375
1 0.228125 0.0640625 0.090625 0.091015625
2 0.9296875 0.3390625 0.128125 0.55
0 0.6171875 0.203125 0.128125 0.228125
3 0.7734375 0.8859375 0.165625 0.165625
1 0.1390625 0.896875 0.06875 0.121875
0 0.6984375 0.34453125 0.115625 0.205078125
1 0.01640625 0.771875 0.0328125 0.128125
3 0.90703125 0.46953125 0.1859375 0.421875
1 0.859375 0.21953125 0.0875 0.1548828125
3 0.3109375 0.496875 0.165625 0.16484375
3 0.9203125 0.6359375 0.146875 0.2
1 0.7640625 0.625 0.09375 0.166015625
2 0.10625 0.77421875 0.2125 0.2484375
3 0.14375 0.6140625 0.165625 0.165625
1 0.03671875 0.19375 0.0734375 0.10625
0 0.609375 0.4859375 0.134375 0.134375
0 0.775 0.34140625 0.18203125 0.1822265625
1 0.8578125 0.771875 0.1 0.1