2 0.7671875 0.19140625 0.203125 0.28359375
3 0.1453125 0.128125 0.05 0.25
0 0.446875 0.6109375 0.14375 0.25546875
1 0.0703125 0.628125 0.090625 0.1609375
1 0.9234375 0.628125 0.09375 0.16640625
3 0.5421875 0.75859375 0.096875 0.178125
0 0.7671875 0.63046875 0.115625 0.20546875
0 0.7734375 0.09140625 0.1 0.178125
0 0.0640625 0.13046875 0.128125 0.25546875
3 0.453125 0.19453125 0.209375 0.38359375
2 0.015625 0.64140625 0.03125 0.478125
3 0.94921875 0.796875 0.1015625 0.4
2 0.08125 0.8390625 0.1625 0.31640625
1 0.5359375 0.33046875 0.065625 0.11640625
2 0.6828125 0.3609375 0.096875 0.3109375
3 0.68125 0.88046875 0.121875 0.23359375
1 0.065625 0.35859375 0.065625 0.11640625