0 0.9265625 0.76953125 0.12578125 0.12578125
1 0.621875 0.0640625 0.065625 0.116015625
0 0.228125 0.896875 0.15625 0.15625
0 0.0765625 0.09140625 0.1390625 0.1390625
0 0.9515625 0.203125 0.096875 0.140625
1 0.5328125 0.896875 0.06875 0.121875
1 0.390625 0.771875 0.1 0.1
3 0.7046875 0.496875 0.165625 0.16484375
2 0.0078125 0.503125 0.015625 0.266015625
2 0.4625 0.775 0.26875 0.26875
3 0.5375 0.6140625 0.165625 0.165625
2 0.04375 0.615625 0.0875 0.16875
1 0.390625 0.19453125 0.09375 0.1669921875
0 0.9609375 0.48515625 0.078125 0.1078125