2 0.453125 0.6140625 0.153125 0.20546875
2 0.2234375 0.496875 0.115625 0.24453125
1 0.8453125 0.75859375 0.08125 0.14453125
1 0.0640625 0.46953125 0.065625 0.11640625
3 0.6203125 0.18046875 0.19375 0.35546875
1 0.140625 0.19140625 0.08125 0.14453125
3 0.7765625 0.225 0.16875 0.3390625
1 0.0625 0.35546875 0.084375 0.15
1 0.990625 0.6359375 0.01875 0.128125
0 0.93828125 0.46953125 0.1234375 0.221875
1 0.7796875 0.0859375 0.09375 0.16640625
1 0.315625 0.3640625 0.078125 0.1390625
3 0.9953125 0.7609375 0.009375 0.16640625
0 0.7671875 0.3640625 0.10625 0.1890625
2 0.4625 0.1 0.15 0.19453125
3 0.8578125 0.153125 0.19375 0.3
3 0.54375 0.20546875 0.24375 0.1609375
0 0.2984375 0.13046875 0.14375 0.25546875
2 0.2296875 0.34453125 0.13125 0.2390625