3 0.99375 0.36640625 0.0125 0.728125
3 0.05703125 0.49921875 0.1140625 0.1578125
0 0.034375 0.3578125 0.06875 0.1125
2 0.7578125 0.225 0.125 0.4439453125
2 0.603125 0.496875 0.303125 0.303125
2 0.20625 0.8 0.1875 0.3939453125
2 0.4484375 0.73359375 0.3453125 0.3453125
2 0.96953125 0.76640625 0.0609375 0.3890625
2 0.21875 0.6140625 0.271875 0.271875
3 0.878125 0.46875 0.24375 0.275
1 0.2828125 0.48046875 0.09375 0.1669921875
0 0.6046875 0.746875 0.190625 0.191015625
0 0.8296875 0.20546875 0.12109375 0.1212890625
3 0.44375 0.4890625 0.121875 0.1220703125
0 0.8359375 0.3359375 0.1828125 0.1826171875
0 0.3671875 0.34453125 0.12109375 0.121484375
3 0.0484375 0.1390625 0.09375 0.271875
0 0.4546875 0.621875 0.1265625 0.126171875
0 0.5296875 0.0859375 0.1296875 0.130078125
1 0.3734375 0.75 0.121875 0.1216796875
3 0.75625 0.61953125 0.140625 0.1
3 0.6015625 0.1359375 0.075 0.2658203125
3 0.9078125 0.18046875 0.184375 0.3548828125
3 0.51875 0.4859375 0.146875 0.146484375
2 0.4484375 0.34453125 0.128125 0.178125
3 0.5265625 0.6359375 0.121875 0.122265625
0 0.75625 0.0890625 0.096875 0.171875
2 0.8359375 0.8859375 0.1671875 0.167578125