0 0.0390625 0.75546875 0.078125 0.2609375
3 0.55625 0.5 0.16875 0.24453125
0 0.5421875 0.35859375 0.109375 0.19453125
2 0.775 0.8 0.1875 0.39453125
2 0.96796875 0.73359375 0.0640625 0.528125
0 0.225 0.8859375 0.125 0.221875
2 0.7875 0.6140625 0.265625 0.278125
2 0.3125 0.203125 0.171875 0.4
1 0.8515625 0.48046875 0.09375 0.16640625
3 0.4609375 0.33359375 0.15625 0.15
3 0.98671875 0.4890625 0.0265625 0.16640625
2 0.0265625 0.46953125 0.053125 0.4
0 0.9359375 0.34453125 0.0875 0.15546875
0 0.309375 0.8890625 0.121875 0.21640625
1 0.0875 0.0859375 0.059375 0.10546875
3 0.6171875 0.1390625 0.09375 0.271875
0 0.9890625 0.621875 0.021875 0.1609375
2 0.3890625 0.503125 0.146875 0.25
1 0.9421875 0.75 0.0875 0.15546875
0 0.03125 0.203125 0.0625 0.19453125
2 0.0265625 0.84140625 0.053125 0.3109375
2 0.9765625 0.34453125 0.046875 0.178125
1 0.465625 0.91640625 0.059375 0.10546875