0 0.4890625 0.771875 0.11875 0.2109375
1 0.33125 0.34140625 0.08125 0.14453125
1 0.0296875 0.91640625 0.059375 0.121875
1 0.725 0.90546875 0.09375 0.16640625
0 0.875 0.8859375 0.096875 0.171875
0 0.4171875 0.103125 0.1125 0.2
2 0.7265625 0.48046875 0.203125 0.48359375
2 0.7234375 0.1109375 0.240625 0.21640625
2 0.6484375 0.61640625 0.171875 0.228125
0 0.03046875 0.09140625 0.0609375 0.178125
3 0.0234375 0.20546875 0.046875 0.2890625
0 0.73125 0.196875 0.1375 0.24453125
0 0.94453125 0.8890625 0.1109375 0.2109375
3 0.9578125 0.34453125 0.053125 0.14453125
2 0.409375 0.71640625 0.309375 0.5609375
0 0.1 0.21640625 0.096875 0.171875
0 0.3359375 0.0890625 0.096875 0.171875
2 0.48125 0.2140625 0.178125 0.3109375
1 0.2625 0.2 0.084375 0.15
3 0.875 0.775 0.190625 0.3390625