1 0.365625 0.76640625 0.075 0.1330078125
1 0.821875 0.35 0.0828125 0.0826171875
2 0.06875 0.6328125 0.1375 0.225
2 0.04921875 0.14453125 0.0984375 0.2830078125
2 0.3515625 0.3390625 0.309375 0.3091796875
0 0.90390625 0.47109375 0.1921875 0.1984375
2 0.903125 0.771875 0.146875 0.3
3 0.978125 0.76015625 0.04375 0.0609375
3 0.03046875 0.76328125 0.0609375 0.1015625
3 0.05546875 0.215625 0.1109375 0.2125
0 0.95703125 0.90234375 0.0859375 0.1140625
0 0.515625 0.196875 0.165625 0.165234375
0 0.5234375 0.9 0.1390625 0.1390625
2 0.35625 0.60859375 0.17578125 0.1755859375
0 0.9140625 0.61640625 0.1390625 0.1390625
3 0.94453125 0.503125 0.1109375 0.328125
3 0.584375 0.46953125 0.28515625 0.2853515625
0 0.196875 0.871875 0.1953125 0.1953125
3 0.5875 0.153125 0.25625 0.25625
0 0.06796875 0.35234375 0.1359375 0.1671875
0 0.06953125 0.50234375 0.1390625 0.1640625
0 0.75 0.90546875 0.14296875 0.1431640625
3 0.3578125 0.0890625 0.075 0.171875
2 0.4421875 0.19453125 0.24140625 0.2416015625
3 0.8234375 0.1359375 0.2140625 0.2142578125
2 0.271875 0.675 0.40625 0.4064453125
0 0.2125 0.60859375 0.146875 0.2609375