2 0.7765625 0.75 0.128125 0.1658203125
2 0.0921875 0.625 0.184375 0.203125
0 0.9484375 0.87734375 0.103125 0.1484375
3 0.04921875 0.75234375 0.0984375 0.1390625
3 0.03515625 0.20234375 0.0703125 0.1015625
2 0.85625 0.196875 0.2359375 0.236328125
2 0.3875 0.75859375 0.30859375 0.3087890625
3 0.38125 0.63046875 0.06875 0.128125
0 0.05703125 0.87734375 0.1140625 0.1546875
3 0.3046875 0.20859375 0.24765625 0.2474609375
1 0.153125 0.61640625 0.12578125 0.12578125
2 0.9453125 0.140625 0.109375 0.165625
2 0.4 0.4890625 0.140625 0.2841796875
0 0.96484375 0.3546875 0.0703125 0.103125
2 0.4640625 0.6140625 0.1875 0.1876953125
3 0.7828125 0.61953125 0.134375 0.2109375
1 0.075 0.075 0.1125 0.112890625