0 0.2296875 0.33359375 0.1953125 0.1953125
3 0.91953125 0.35234375 0.1609375 0.2296875
3 0.08828125 0.8859375 0.1765625 0.221875
2 0.3046875 0.771875 0.0875 0.244140625
2 0.1015625 0.47734375 0.203125 0.2203125
2 0.5390625 0.503125 0.228125 0.2341796875
2 0.15 0.76953125 0.16875 0.16875
0 0.071875 0.08359375 0.12578125 0.12578125
2 0.03125 0.3296875 0.0625 0.096875
0 0.959375 0.2046875 0.08125 0.125
3 0.153125 0.20546875 0.2140625 0.2140625
3 0.01953125 0.771875 0.0390625 0.2939453125
0 0.92890625 0.7609375 0.1421875 0.15625
2 0.703125 0.34453125 0.2625 0.2625
3 0.7109375 0.478125 0.2265625 0.2267578125
0 0.3046875 0.2140625 0.146875 0.26015625
2 0.3140625 0.14140625 0.196875 0.278125
3 0.053125 0.640625 0.10625 0.153125
0 0.93203125 0.89375 0.1359375 0.159375
3 0.3890625 0.3390625 0.171875 0.190234375