0 0.8828125 0.196875 0.13125 0.2341796875
3 0.89765625 0.19921875 0.2046875 0.2671875
1 0.571875 0.471875 0.1 0.1
1 0.04609375 0.50234375 0.0921875 0.1140625
2 0.8984375 0.85 0.203125 0.2939453125
3 0.65625 0.6359375 0.303125 0.3033203125
2 0.9484375 0.21328125 0.103125 0.1328125
3 0.725 0.35546875 0.10234375 0.10234375
2 0.10390625 0.2546875 0.2078125 0.30625
3 0.1796875 0.153125 0.2359375 0.2359375
2 0.4140625 0.76640625 0.22265625 0.22265625
3 0.58125 0.3640625 0.1765625 0.176953125
0 0.03125 0.1046875 0.0625 0.109375
2 0.65625 0.86640625 0.19453125 0.19453125
3 0.415625 0.478125 0.115625 0.1158203125
1 0.8875 0.35 0.0625 0.112109375
2 0.5828125 0.26640625 0.271875 0.528125
1 0.6640625 0.771875 0.0953125 0.0953125
1 0.5 0.19453125 0.096875 0.171875
1 0.2609375 0.08359375 0.090625 0.1609375
2 0.1171875 0.3359375 0.134375 0.4439453125
2 0.94296875 0.80234375 0.1140625 0.2046875
3 0.2640625 0.90859375 0.14609375 0.1462890625
3 0.109375 0.6359375 0.14375 0.1439453125