0 0.98125 0.0859375 0.0375 0.16640625
1 0.384375 0.35 0.059375 0.10546875
0 0.4703125 0.471875 0.14375 0.25546875
2 0.465625 0.771875 0.146875 0.3
3 0.628125 0.7609375 0.178125 0.1
0 0.96796875 0.871875 0.0640625 0.25
0 0.5546875 0.903125 0.096875 0.171875
0 0.078125 0.196875 0.11875 0.2109375
0 0.0859375 0.9 0.1 0.178125
0 0.4765625 0.61640625 0.1 0.178125
3 0.54375 0.503125 0.184375 0.328125
3 0.146875 0.46953125 0.215625 0.35546875
3 0.15 0.153125 0.2125 0.3
0 0.3125 0.90546875 0.103125 0.18359375
2 0.02734375 0.19453125 0.0546875 0.38359375
3 0.3859375 0.1359375 0.1625 0.26640625
3 0.8578125 0.19453125 0.15 0.25546875
0 0.7859375 0.9 0.090625 0.1609375