2 0.1109375 0.19140625 0.203125 0.2830078125
3 0.8859375 0.90546875 0.16171875 0.1619140625
3 0.659375 0.771875 0.109375 0.1939453125
2 0.5109375 0.61640625 0.17734375 0.1771484375
1 0.2671875 0.628125 0.09375 0.166015625
2 0.95703125 0.36328125 0.0859375 0.1484375
0 0.734375 0.49140625 0.1953125 0.1953125
0 0.1109375 0.63046875 0.16015625 0.160546875
1 0.6640625 0.621875 0.1078125 0.10859375
0 0.1171875 0.09140625 0.1390625 0.1390625
2 0.896875 0.1796875 0.20625 0.25625
1 0.5 0.771875 0.134375 0.134375
3 0.35 0.796875 0.215625 0.4
2 0.6515625 0.1 0.1546875 0.1548828125
2 0.06640625 0.36015625 0.1328125 0.1921875
3 0.0609375 0.8796875 0.121875 0.159375
1 0.8171875 0.6390625 0.08125 0.144140625
1 0.5859375 0.3640625 0.1046875 0.104296875
2 0.7390625 0.296875 0.425 0.425390625