2 0.075 0.50234375 0.15 0.1890625
3 0.44375 0.09140625 0.1234375 0.1234375
1 0.9734375 0.34140625 0.053125 0.1451171875
3 0.05546875 0.215625 0.1109375 0.171875
0 0.446875 0.75546875 0.16015625 0.1603515625
1 0.68125 0.91640625 0.0953125 0.0953125
3 0.00234375 0.46953125 0.0046875 0.1330078125
1 0.05390625 0.07734375 0.1078125 0.1171875
3 0.1015625 0.34375 0.203125 0.209375
1 0.3671875 0.35546875 0.065625 0.116796875
3 0.2796875 0.64140625 0.10234375 0.1025390625
2 0.4421875 0.35 0.121875 0.237890625
2 0.2859375 0.153125 0.1953125 0.1953125
0 0.6671875 0.09140625 0.1390625 0.1390625
3 0.671875 0.20546875 0.0625 0.2890625
2 0.12734375 0.7578125 0.2546875 0.259375
1 0.1984375 0.903125 0.1171875 0.1171875
0 0.521875 0.203125 0.190625 0.1908203125
2 0.89609375 0.715625 0.2078125 0.325
0 0.75625 0.21640625 0.096875 0.171875
0 0.95703125 0.08828125 0.0859375 0.1140625
1 0.2921875 0.2109375 0.1171875 0.1171875
1 0.91875 0.2 0.084375 0.15