1 0.6984375 0.49453125 0.09375 0.16640625
3 0.4578125 0.20859375 0.128125 0.21640625
1 0.4640625 0.49140625 0.065625 0.11640625
0 0.02421875 0.8859375 0.0484375 0.21640625
2 0.5421875 0.228125 0.11875 0.45
0 0.97734375 0.503125 0.0453125 0.18359375
2 0.0375 0.496875 0.075 0.18359375
3 0.6953125 0.08359375 0.09375 0.1609375
1 0.371875 0.775 0.08125 0.14453125
3 0.91875 0.771875 0.0375 0.16640625
2 0.846875 0.75546875 0.1 0.3609375
0 0.68125 0.225 0.096875 0.171875
1 0.5296875 0.61953125 0.0875 0.15546875
0 0.221875 0.3609375 0.140625 0.25
3 0.071875 0.76953125 0.14375 0.2609375
2 0.921875 0.228125 0.140625 0.45
0 0.2921875 0.503125 0.10625 0.1890625