0 0.946875 0.75546875 0.10625 0.2609375
1 0.8125 0.3390625 0.090625 0.1609375
0 0.7265625 0.13046875 0.14375 0.25546875
3 0.8015625 0.2359375 0.246875 0.46640625
1 0.728125 0.76640625 0.0875 0.15546875
2 0.003125 0.14140625 0.00625 0.278125
2 0.9515625 0.46953125 0.096875 0.4
3 0.00703125 0.11640625 0.0140625 0.228125
0 0.884375 0.75 0.09375 0.16640625
0 0.9578125 0.203125 0.084375 0.19453125
3 0.5703125 0.4890625 0.109375 0.1890625
2 0.884375 0.84140625 0.23125 0.3109375
3 0.7234375 0.9 0.090625 0.1609375