1 0.9171875 0.49453125 0.09375 0.1669921875
3 0.6765625 0.20859375 0.17265625 0.1724609375
1 0.6828125 0.49140625 0.09140625 0.0912109375
0 0.20625 0.8859375 0.121875 0.2158203125
2 0.7609375 0.228125 0.284375 0.284375
2 0.20625 0.496875 0.1796875 0.179296875
3 0.9140625 0.08359375 0.12734375 0.12734375
3 0.1203125 0.49453125 0.12890625 0.1291015625
1 0.590625 0.775 0.1125 0.1126953125
0 0.9 0.225 0.096875 0.171875
1 0.7484375 0.61953125 0.0875 0.1548828125
0 0.440625 0.3609375 0.140625 0.25
3 0.2875 0.76953125 0.15 0.2609375
1 0.04609375 0.35 0.0921875 0.171875
0 0.5109375 0.503125 0.10625 0.187890625