2 0.409375 0.6140625 0.153125 0.2060546875
2 0.1796875 0.496875 0.1796875 0.1798828125
1 0.8015625 0.75859375 0.08125 0.1451171875
0 0.95859375 0.8796875 0.0828125 0.13125
1 0.034375 0.46875 0.06875 0.084375
3 0.5765625 0.18046875 0.27421875 0.2744140625
1 0.096875 0.19140625 0.11328125 0.1130859375
3 0.7328125 0.225 0.253125 0.253515625
1 0.04140625 0.3546875 0.0828125 0.10625
1 0.96875 0.6359375 0.0625 0.128125
0 0.8953125 0.46953125 0.1734375 0.1734375
1 0.7359375 0.0859375 0.1296875 0.130078125
1 0.271875 0.3640625 0.109375 0.10859375
3 0.959375 0.76015625 0.08125 0.1109375
0 0.7234375 0.3640625 0.10625 0.18984375
2 0.41875 0.1 0.171875 0.1720703125
0 0.9984375 0.48046875 0.003125 0.1890625
3 0.8140625 0.153125 0.19375 0.3
3 0.5 0.20546875 0.24375 0.1609375
0 0.2546875 0.13046875 0.19921875 0.199609375
2 0.1859375 0.34453125 0.18515625 0.18515625