0 0.090625 0.0859375 0.09375 0.16640625
1 0.4859375 0.20859375 0.075 0.13359375
0 0.4125 0.61640625 0.1 0.178125
1 0.996875 0.46953125 0.00625 0.11640625
3 0.49375 0.903125 0.034375 0.1890625
3 0.4015625 0.8859375 0.13125 0.221875
0 0.0875 0.871875 0.140625 0.25
0 0.1796875 0.771875 0.11875 0.2109375
2 0.6484375 0.48359375 0.128125 0.40546875
1 0.99140625 0.35546875 0.0171875 0.15
1 0.640625 0.2109375 0.078125 0.1390625
0 0.6453125 0.61640625 0.140625 0.25
3 0.7265625 0.88046875 0.1375 0.23359375
3 0.00703125 0.19453125 0.0140625 0.25546875
1 0.484375 0.0890625 0.096875 0.171875