3 0.796875 0.36640625 0.31875 0.728125
2 0.4078125 0.225 0.125 0.44453125
2 0.253125 0.496875 0.278125 0.328125
2 0.953125 0.16953125 0.09375 0.33359375
2 0.0984375 0.73359375 0.1625 0.528125
2 0.65 0.76640625 0.121875 0.3890625
2 0.00078125 0.6140625 0.0015625 0.278125
3 0.5609375 0.46953125 0.25 0.33359375
0 0.2546875 0.746875 0.1375 0.24453125
0 0.4796875 0.20546875 0.0875 0.15546875
3 0.09375 0.4890625 0.078125 0.16640625
0 0.4859375 0.3359375 0.13125 0.23359375
0 0.03046875 0.34453125 0.0609375 0.15546875
0 0.1046875 0.621875 0.090625 0.1609375
0 0.1796875 0.0859375 0.09375 0.16640625
1 0.03359375 0.75 0.0671875 0.15546875
1 0.7265625 0.21640625 0.08125 0.14453125
3 0.40625 0.61953125 0.140625 0.1
3 0.2515625 0.1359375 0.075 0.26640625
3 0.565625 0.18046875 0.2 0.35546875
3 0.16875 0.4859375 0.153125 0.1390625
1 0.803125 0.475 0.06875 0.121875
2 0.8828125 0.2140625 0.14375 0.29453125
2 0.0984375 0.34453125 0.128125 0.178125
3 0.1765625 0.6359375 0.084375 0.1609375
0 0.40625 0.0890625 0.096875 0.171875
2 0.4859375 0.8859375 0.125 0.2109375