3 0.1671875 0.771875 0.13125 0.221875
3 0.7140625 0.128125 0.15 0.15
0 0.946875 0.61015625 0.10625 0.1546875
0 0.05703125 0.8828125 0.1140625 0.153125
1 0.6390625 0.628125 0.090625 0.162109375
1 0.1734375 0.475 0.1296875 0.1298828125
0 0.4734375 0.88046875 0.13125 0.2330078125
1 0.25 0.4890625 0.109375 0.108984375
0 0.39375 0.78046875 0.16484375 0.16484375
0 0.05390625 0.11328125 0.1078125 0.1453125
0 0.625 0.13046875 0.19921875 0.1994140625
3 0.95859375 0.19453125 0.0828125 0.383203125
2 0.478125 0.64140625 0.3609375 0.3609375
2 0.64375 0.8390625 0.175 0.3158203125
0 0.246875 0.6140625 0.128125 0.228125
1 0.634375 0.35859375 0.065625 0.1169921875
1 0.4015625 0.08046875 0.0625 0.1109375