2 0.803125 0.6140625 0.153125 0.20546875
2 0.5734375 0.496875 0.115625 0.24453125
1 0.4140625 0.46953125 0.065625 0.11640625
3 0.93671875 0.18046875 0.1265625 0.35546875
1 0.490625 0.19140625 0.08125 0.14453125
2 0.05 0.48359375 0.1 0.40546875
1 0.4125 0.35546875 0.084375 0.15
1 0.03359375 0.2109375 0.0671875 0.1390625
1 0.665625 0.3640625 0.078125 0.1390625
0 0.0515625 0.61640625 0.103125 0.25
2 0.8125 0.1 0.15 0.19453125
3 0.1140625 0.88046875 0.1375 0.23359375
3 0.8859375 0.20546875 0.228125 0.1609375
0 0.6484375 0.13046875 0.14375 0.25546875
2 0.5796875 0.34453125 0.13125 0.2390625