0 0.6546875 0.621875 0.1828125 0.1826171875
0 0.3328125 0.128125 0.1953125 0.1953125
0 0.646875 0.3609375 0.125 0.125390625
3 0.19375 0.1109375 0.190625 0.1908203125
0 0.89375 0.33046875 0.18671875 0.18671875
0 0.7328125 0.10859375 0.16484375 0.16484375
2 0.91953125 0.3640625 0.1609375 0.228125
1 0.04765625 0.76328125 0.0953125 0.1171875
3 0.096875 0.35859375 0.08203125 0.0822265625
2 0.4953125 0.625 0.353125 0.3533203125
0 0.415625 0.21953125 0.15625 0.15625
2 0.078125 0.22421875 0.15625 0.2359375
3 0.571875 0.20546875 0.23828125 0.2384765625
3 0.26875 0.09453125 0.084375 0.1830078125
1 0.34375 0.63359375 0.12578125 0.12578125
2 0.9265625 0.34609375 0.146875 0.2578125
1 0.4109375 0.896875 0.1125 0.1126953125