2 0.3796875 0.496875 0.3359375 0.3359375
2 0.621875 0.2 0.2015625 0.201953125
3 0.7765625 0.2140625 0.0875 0.228125
2 0.30625 0.88046875 0.16953125 0.169921875
3 0.95234375 0.50234375 0.0953125 0.1703125
2 0.390625 0.35 0.25 0.478125
2 0.625 0.80546875 0.26015625 0.2603515625
2 0.3109375 0.36953125 0.45390625 0.4541015625
3 0.846875 0.0859375 0.13125 0.13203125
0 0.696875 0.35 0.178125 0.178125
0 0.02265625 0.8890625 0.0453125 0.21015625
3 0.0109375 0.34453125 0.021875 0.144921875
3 0.00390625 0.775 0.0078125 0.337890625
2 0.15625 0.49140625 0.11875 0.4109375
3 0.6125 0.48046875 0.215625 0.215625
2 0.3859375 0.64140625 0.128125 0.3390625
3 0.30625 0.75546875 0.13828125 0.1380859375