2 0.2859375 0.19140625 0.24296875 0.2431640625
3 0.9734375 0.9046875 0.053125 0.096875
0 0.04609375 0.61015625 0.0921875 0.1453125
3 0.834375 0.771875 0.109375 0.1939453125
2 0.6859375 0.61640625 0.17734375 0.1771484375
1 0.4421875 0.628125 0.1296875 0.1298828125
3 0.0609375 0.75859375 0.096875 0.178125
0 0.909375 0.49140625 0.140625 0.25
0 0.2859375 0.63046875 0.115625 0.205078125
1 0.8390625 0.621875 0.078125 0.137890625
0 0.2921875 0.09140625 0.1390625 0.1390625
3 0.03828125 0.19453125 0.0765625 0.3830078125
1 0.675 0.771875 0.134375 0.134375
3 0.525 0.796875 0.3078125 0.3078125
1 0.0546875 0.33046875 0.09140625 0.091015625
2 0.8265625 0.1 0.1546875 0.1548828125
2 0.2015625 0.3609375 0.203125 0.203515625
3 0.2 0.88046875 0.121875 0.2330078125
1 0.96328125 0.63828125 0.0734375 0.0953125
1 0.7609375 0.3640625 0.1046875 0.1044921875
2 0.84453125 0.296875 0.3109375 0.403125