1 0.85625 0.503125 0.096875 0.171875
3 0.2296875 0.90546875 0.140625 0.1830078125
3 0.0453125 0.77109375 0.090625 0.1265625
0 0.6359375 0.7609375 0.1828125 0.182421875
2 0.775 0.496875 0.31875 0.987890625
2 0.396875 0.3640625 0.153125 0.271875
2 0.78125 0.3609375 0.2515625 0.2513671875
0 0.7015625 0.49140625 0.146875 0.2609375
0 0.078125 0.49140625 0.140625 0.25
1 0.0234375 0.621875 0.046875 0.137890625
0 0.5453125 0.353125 0.146875 0.147265625
3 0.8703125 0.85 0.11875 0.2939453125
2 0.8375 0.740625 0.325 0.36875
2 0.321875 0.18046875 0.31171875 0.3119140625
2 0.55625 0.63359375 0.115625 0.2
2 0.04375 0.09921875 0.0875 0.1234375
3 0.91171875 0.86640625 0.1765625 0.2609375
1 0.1609375 0.6390625 0.1125 0.1126953125
2 0.153125 0.29609375 0.30625 0.4015625