0 0.6203125 0.76953125 0.090625 0.1609375
1 0.315625 0.0640625 0.065625 0.11640625
2 0.9765625 0.3390625 0.046875 0.55
0 0.7046875 0.203125 0.128125 0.228125
3 0.8609375 0.8859375 0.109375 0.221875
1 0.2265625 0.896875 0.06875 0.121875
0 0.7859375 0.34453125 0.115625 0.20546875
1 0.084375 0.771875 0.071875 0.128125
3 0.95078125 0.46953125 0.0984375 0.421875
1 0.946875 0.21953125 0.0875 0.15546875
3 0.3984375 0.496875 0.11875 0.2109375
3 0.9671875 0.6359375 0.065625 0.2
1 0.8515625 0.625 0.09375 0.16640625
2 0.15625 0.775 0.215625 0.321875
3 0.23125 0.6140625 0.153125 0.178125
1 0.084375 0.19453125 0.09375 0.16640625
0 0.696875 0.4859375 0.096875 0.171875
0 0.8625 0.34140625 0.13125 0.23359375
1 0.9453125 0.771875 0.071875 0.128125