1 0.2609375 0.49453125 0.09375 0.166796875
3 0.0421875 0.20859375 0.084375 0.2169921875
1 0.03671875 0.490625 0.0734375 0.0875
2 0.1234375 0.228125 0.246875 0.284375
1 0.946875 0.775 0.090625 0.0908203125
0 0.56875 0.503125 0.103125 0.1841796875
3 0.8703125 0.6390625 0.16875 0.1689453125
3 0.2578125 0.08359375 0.12734375 0.12734375
3 0.48125 0.771875 0.0375 0.1658203125
2 0.409375 0.75546875 0.1 0.3609375
3 0.92890625 0.2140625 0.1421875 0.35
0 0.24375 0.225 0.134375 0.134375
1 0.953125 0.61953125 0.065625 0.116796875
3 0.6484375 0.19140625 0.19765625 0.1978515625
1 0.0921875 0.61953125 0.0875 0.155078125
2 0.484375 0.228125 0.2953125 0.2953125