0 0.4015625 0.76953125 0.12578125 0.12578125
3 0.94453125 0.34609375 0.1109375 0.1703125
1 0.096875 0.0640625 0.065625 0.116015625
2 0.7984375 0.3390625 0.3390625 0.3390625
0 0.4859375 0.203125 0.178125 0.178125
3 0.6421875 0.8859375 0.109375 0.221875
1 0.03046875 0.89609375 0.0609375 0.0828125
0 0.5671875 0.34453125 0.16015625 0.1603515625
3 0.8 0.46953125 0.328125 0.328125
1 0.728125 0.21953125 0.12109375 0.1212890625
3 0.1796875 0.496875 0.165625 0.165234375
3 0.7890625 0.6359375 0.1734375 0.1734375
1 0.6328125 0.625 0.1296875 0.1298828125
2 0.02265625 0.775 0.0453125 0.321875
3 0.05546875 0.61328125 0.1109375 0.1328125
1 0.953125 0.4890625 0.0859375 0.086328125
0 0.478125 0.4859375 0.134375 0.134375
0 0.64375 0.34140625 0.13125 0.2330078125
1 0.7265625 0.771875 0.1 0.1