1 0.628125 0.76640625 0.10390625 0.1041015625
2 0.06171875 0.47734375 0.1234375 0.2296875
2 0.2359375 0.63359375 0.27734375 0.2771484375
2 0.2390625 0.14453125 0.26328125 0.2634765625
2 0.075 0.775 0.15 0.16875
1 0.03515625 0.08828125 0.0703125 0.1046875
2 0.6140625 0.3390625 0.309375 0.308984375
2 0.01875 0.35 0.0375 0.6939453125
3 0.228125 0.7640625 0.109375 0.1841796875
3 0.159375 0.215625 0.31875 0.321875
0 0.05703125 0.7578125 0.1140625 0.1625
0 0.778125 0.196875 0.165625 0.165234375
0 0.7859375 0.9 0.1 0.178125
2 0.61875 0.60859375 0.17578125 0.1755859375
3 0.846875 0.46953125 0.215625 0.3548828125
0 0.459375 0.871875 0.140625 0.25
3 0.85 0.153125 0.25625 0.25625
0 0.3 0.353125 0.1828125 0.1826171875
0 0.315625 0.503125 0.16875 0.1689453125
0 0.9625 0.9046875 0.075 0.1125
3 0.6203125 0.0890625 0.1234375 0.1234375
2 0.7046875 0.19453125 0.24140625 0.2416015625
2 0.534375 0.675 0.40625 0.406640625
0 0.475 0.60859375 0.146875 0.2609375