0 0.2359375 0.20859375 0.103125 0.18359375
2 0.3890625 0.625 0.10625 0.3
3 0.3015625 0.753125 0.128125 0.21640625
3 0.3046875 0.203125 0.084375 0.1609375
2 0.69375 0.75859375 0.2125 0.40546875
3 0.6875 0.63046875 0.06875 0.128125
0 0.3125 0.878125 0.134375 0.2390625
3 0.6109375 0.20859375 0.2 0.29453125
2 0.02109375 0.3640625 0.0421875 0.228125
1 0.459375 0.61640625 0.090625 0.1609375
2 0.70625 0.4890625 0.140625 0.28359375
0 0.2375 0.09453125 0.103125 0.18359375
2 0.7703125 0.6140625 0.159375 0.21640625
2 0.0265625 0.346875 0.053125 0.48359375
3 0.225 0.34453125 0.08125 0.19453125
1 0.38125 0.075 0.08125 0.14453125