2 0.678125 0.625 0.115625 0.20546875
2 0.9421875 0.753125 0.115625 0.25546875
0 0.603125 0.60859375 0.103125 0.18359375
0 0.0671875 0.49140625 0.090625 0.1609375
0 0.540625 0.6109375 0.128125 0.228125
0 0.69375 0.125 0.1375 0.24453125
2 0.084375 0.76953125 0.16875 0.45546875
2 0.5234375 0.3640625 0.24375 0.721875
2 0.2203125 0.5 0.290625 0.46640625
2 0.53125 0.828125 0.140625 0.3390625
0 0.8390625 0.76640625 0.096875 0.171875
1 0.0046875 0.35 0.009375 0.11640625
1 0.97890625 0.35859375 0.0421875 0.16640625