0 0.5625 0.34140625 0.09375 0.16640625
0 0.3328125 0.9140625 0.09375 0.16640625
1 0.96875 0.20859375 0.0625 0.1109375
2 0.796875 0.61953125 0.19375 0.271875
1 0.3328125 0.35546875 0.0875 0.15546875
3 0.2578125 0.06953125 0.115625 0.0890625
2 0.871875 0.771875 0.078125 0.16640625
0 0.2515625 0.60859375 0.125 0.221875
0 0.5625 0.20546875 0.0875 0.15546875
0 0.415625 0.48046875 0.103125 0.18359375
0 0.94296875 0.75 0.1140625 0.2390625
0 0.71875 0.3640625 0.13125 0.23359375
2 0.2609375 0.246875 0.13125 0.4890625
3 0.48125 0.625 0.09375 0.178125
1 0.48125 0.34140625 0.08125 0.14453125
3 0.03046875 0.20859375 0.0609375 0.06640625