0 0.7546875 0.33359375 0.1953125 0.1953125
0 0.1359375 0.76640625 0.12578125 0.12578125
0 0.3640625 0.09140625 0.1 0.178125
3 0.60625 0.8859375 0.20625 0.20625
2 0.8296875 0.771875 0.165625 0.166015625
2 0.6109375 0.478125 0.2 0.2560546875
3 0.1390625 0.63046875 0.075 0.1669921875
2 0.9515625 0.50234375 0.096875 0.1421875
2 0.675 0.76953125 0.16875 0.16875
0 0.596875 0.08359375 0.090625 0.1609375
3 0.28125 0.33359375 0.20546875 0.20546875
2 0.5171875 0.33046875 0.11953125 0.11953125
2 0.2953125 0.6359375 0.3609375 0.360546875
3 0.678125 0.20546875 0.15625 0.271875
3 0.4484375 0.771875 0.23125 0.2939453125
0 0.4453125 0.103125 0.1125 0.2
3 0.3671875 0.6359375 0.1640625 0.1640625
0 0.8296875 0.2140625 0.203125 0.203515625
2 0.8390625 0.14140625 0.2375 0.2375
3 0.5234375 0.64140625 0.18515625 0.184765625
3 0.91171875 0.33828125 0.1765625 0.1796875