2 0.2328125 0.78046875 0.25 0.26640625
3 0.690625 0.75 0.084375 0.171875
1 0.0703125 0.4859375 0.071875 0.128125
3 0.0796875 0.78046875 0.115625 0.20546875
3 0.98203125 0.46953125 0.0359375 0.18359375
1 0.6234375 0.6140625 0.084375 0.15
1 0.4546875 0.63046875 0.078125 0.1390625
0 0.8453125 0.621875 0.109375 0.19453125
1 0.9859375 0.63046875 0.028125 0.15
1 0.921875 0.3609375 0.096875 0.171875
1 0.01328125 0.496875 0.0265625 0.15
1 0.9296875 0.19140625 0.075 0.13359375
1 0.6890625 0.4890625 0.096875 0.171875
2 0.621875 0.103125 0.128125 0.2
3 0.853125 0.35546875 0.19375 0.36640625
0 0.465625 0.49140625 0.146875 0.2609375
1 0.225 0.35546875 0.0625 0.1109375