2 0.3625 0.503125 0.10625 0.271875
3 0.75 0.09140625 0.1234375 0.1234375
3 0.278125 0.21640625 0.1625 0.2890625
0 0.753125 0.75546875 0.16015625 0.1603515625
1 0.9671875 0.915625 0.065625 0.084375
1 0.0453125 0.640625 0.090625 0.103125
2 0.0984375 0.19609375 0.196875 0.2609375
1 0.1125 0.4890625 0.090625 0.0908203125
3 0.2734375 0.46953125 0.075 0.1330078125
1 0.35625 0.078125 0.1171875 0.1171875
3 0.359375 0.34453125 0.290625 0.221875
1 0.6734375 0.35546875 0.09140625 0.0912109375
2 0.0578125 0.35 0.115625 0.437890625
3 0.5859375 0.64140625 0.10234375 0.1025390625
2 0.7484375 0.35 0.1796875 0.180078125
2 0.5921875 0.153125 0.1953125 0.1953125
0 0.96171875 0.09140625 0.0765625 0.178125
3 0.9734375 0.20546875 0.053125 0.2890625
2 0.43125 0.75859375 0.26015625 0.2599609375
2 0.065625 0.22109375 0.13125 0.1703125
1 0.5046875 0.903125 0.084375 0.15
0 0.828125 0.203125 0.1375 0.244140625
1 0.5984375 0.2109375 0.084375 0.15