0 0.4984375 0.20859375 0.103125 0.1830078125
2 0.6515625 0.625 0.203125 0.203125
3 0.5640625 0.753125 0.171875 0.1720703125
3 0.5671875 0.203125 0.084375 0.162109375
2 0.89296875 0.7578125 0.2140625 0.278125
3 0.95 0.63046875 0.0984375 0.0984375
0 0.575 0.878125 0.134375 0.237890625
0 0.10625 0.33046875 0.18671875 0.18671875
3 0.8734375 0.20859375 0.24765625 0.247265625
0 0.028125 0.10859375 0.05625 0.1078125
2 0.178125 0.3640625 0.253125 0.228125
1 0.721875 0.61640625 0.12578125 0.12578125
2 0.94921875 0.4890625 0.1015625 0.283984375
0 0.5 0.09453125 0.103125 0.1830078125
2 0.95546875 0.61328125 0.0890625 0.1328125
2 0.246875 0.346875 0.3109375 0.310546875
3 0.4875 0.34453125 0.13828125 0.1380859375
1 0.64375 0.075 0.1125 0.1126953125