0 0.5328125 0.196875 0.1828125 0.182421875
3 0.621875 0.2 0.225 0.3939453125
1 0.221875 0.471875 0.1 0.1
2 0.9375 0.49453125 0.125 0.3548828125
2 0.9578125 0.778125 0.084375 0.2560546875
2 0.5484375 0.85 0.2484375 0.2486328125
3 0.30625 0.6359375 0.240625 0.3658203125
2 0.696875 0.2140625 0.215625 0.215234375
3 0.375 0.35546875 0.065625 0.1390625
0 0.778125 0.6390625 0.134375 0.134375
2 0.81484375 0.6359375 0.3703125 0.43125
2 0.0875 0.765625 0.175 0.221875
3 0.23125 0.3640625 0.1765625 0.17734375
2 0.30625 0.86640625 0.19453125 0.19453125
3 0.065625 0.478125 0.115625 0.1158203125
1 0.5375 0.35 0.0875 0.087109375
2 0.2328125 0.26640625 0.4 0.4
1 0.3140625 0.771875 0.06875 0.121875
1 0.15 0.19453125 0.134375 0.134375
1 0.9625 0.62421875 0.075 0.1078125
2 0.9125 0.78828125 0.175 0.2546875
2 0.78125 0.803125 0.346875 0.347265625