2 0.7296875 0.496875 0.29375 0.378125
2 0.94453125 0.2 0.1109375 0.2390625
2 0.65625 0.88046875 0.10625 0.23359375
2 0.740625 0.35 0.25 0.478125
1 0.1125 0.90546875 0.09375 0.16640625
0 0.2625 0.8859375 0.096875 0.171875
2 0.1140625 0.48046875 0.203125 0.48359375
2 0.115625 0.1109375 0.23125 0.21640625
2 0.0609375 0.61640625 0.121875 0.228125
2 0.953125 0.80546875 0.09375 0.38359375
2 0.6609375 0.36953125 0.175 0.73359375
0 0.11875 0.196875 0.1375 0.24453125
0 0.99140625 0.35 0.0171875 0.228125
0 0.3359375 0.8890625 0.11875 0.2109375
3 0.3453125 0.34453125 0.053125 0.14453125
3 0.2625 0.775 0.190625 0.3390625
2 0.50625 0.49140625 0.11875 0.4109375
3 0.94140625 0.48046875 0.1171875 0.271875
2 0.7359375 0.64140625 0.128125 0.3390625
3 0.65625 0.75546875 0.13125 0.14453125