1 0.959375 0.22421875 0.08125 0.0984375
2 0.0921875 0.49453125 0.184375 0.3548828125
0 0.1265625 0.8859375 0.121875 0.1216796875
2 0.07890625 0.77734375 0.1578125 0.1890625
3 0.11875 0.771875 0.1984375 0.198828125
3 0.74375 0.20859375 0.25625 0.25625
1 0.1203125 0.0859375 0.1296875 0.1298828125
2 0.509375 0.84453125 0.121875 0.305078125
0 0.5984375 0.33359375 0.19140625 0.191015625
1 0.59375 0.91953125 0.0875 0.155078125
0 0.275 0.621875 0.2046875 0.20390625
0 0.6765625 0.496875 0.2 0.1998046875
1 0.584375 0.21953125 0.090625 0.1609375
0 0.196875 0.3359375 0.1609375 0.1607421875
2 0.08203125 0.6359375 0.1640625 0.3
3 0.2015625 0.746875 0.1453125 0.1453125
0 0.5171875 0.4890625 0.16875 0.1689453125
2 0.678125 0.16640625 0.234375 0.234375
0 0.353125 0.90859375 0.134375 0.134375
1 0.75 0.35 0.0953125 0.0953125
1 0.05546875 0.62421875 0.1109375 0.1328125
1 0.4421875 0.6109375 0.1046875 0.1044921875
1 0.584375 0.4859375 0.059375 0.105859375
2 0.1046875 0.78828125 0.209375 0.2796875
0 0.1953125 0.2109375 0.1125 0.2
3 0.3578125 0.1140625 0.090625 0.221875
2 0.834375 0.4859375 0.1875 0.521875