0 0.5671875 0.621875 0.13125 0.23359375
0 0.2453125 0.128125 0.140625 0.25
0 0.559375 0.3609375 0.090625 0.1609375
3 0.10625 0.1109375 0.165625 0.21640625
0 0.80625 0.33046875 0.134375 0.2390625
0 0.6453125 0.10859375 0.11875 0.2109375
2 0.87578125 0.3640625 0.2484375 0.228125
3 0.01953125 0.35859375 0.0390625 0.10546875
2 0.4078125 0.625 0.2125 0.49453125
0 0.328125 0.21953125 0.1125 0.2
3 0.484375 0.20546875 0.071875 0.40546875
3 0.18125 0.09453125 0.084375 0.18359375
1 0.25625 0.63359375 0.090625 0.1609375
2 0.9390625 0.346875 0.121875 0.48359375
1 0.3234375 0.896875 0.08125 0.14453125