2 0.6015625 0.75 0.146875 0.147265625
3 0.9109375 0.9109375 0.096875 0.171875
0 0.834375 0.878125 0.1859375 0.18671875
2 0.68125 0.196875 0.2359375 0.236328125
2 0.2125 0.75859375 0.30859375 0.3087890625
3 0.20625 0.63046875 0.0984375 0.0984375
0 0.9109375 0.49453125 0.14765625 0.14765625
3 0.1296875 0.20859375 0.24765625 0.2474609375
1 0.02890625 0.61640625 0.0578125 0.0921875
2 0.8859375 0.14140625 0.228125 0.278125
3 0.94375 0.115625 0.1125 0.15
2 0.225 0.4890625 0.2125 0.2123046875
1 0.96640625 0.48828125 0.0671875 0.0859375
0 0.834375 0.35546875 0.09375 0.1669921875
2 0.2890625 0.6140625 0.1875 0.1876953125
3 0.6078125 0.61953125 0.17265625 0.17265625