1 0.96328125 0.49375 0.0734375 0.103125
3 0.7640625 0.20859375 0.17265625 0.1724609375
1 0.7703125 0.49140625 0.09140625 0.0912109375
0 0.29375 0.8859375 0.16875 0.1689453125
2 0.8484375 0.228125 0.11875 0.45
2 0.29375 0.496875 0.175 0.1841796875
3 0.9625 0.0828125 0.075 0.103125
3 0.2078125 0.49453125 0.075 0.1830078125
3 0.05625 0.81328125 0.1125 0.1984375
1 0.678125 0.775 0.1125 0.1126953125
2 0.07421875 0.7609375 0.1484375 0.225
0 0.95546875 0.22421875 0.0890625 0.1171875
1 0.8359375 0.61953125 0.12109375 0.1212890625
0 0.528125 0.3609375 0.1953125 0.1953125
3 0.375 0.76953125 0.15 0.2609375
1 0.13125 0.35 0.134375 0.134375
0 0.5984375 0.503125 0.146875 0.147265625