3 0.703125 0.178125 0.21875 0.35
1 0.7828125 0.0890625 0.096875 0.171875
0 0.2453125 0.33046875 0.128125 0.228125
3 0.2390625 0.203125 0.215625 0.3609375
2 0.6265625 0.24453125 0.234375 0.48359375
3 0.8640625 0.14453125 0.15625 0.28359375
1 0.1609375 0.771875 0.065625 0.11640625
0 0.328125 0.4859375 0.103125 0.18359375
1 0.98671875 0.20546875 0.0265625 0.15546875
3 0.875 0.8609375 0.109375 0.271875
1 0.409375 0.75546875 0.078125 0.1390625
3 0.5640625 0.121875 0.121875 0.2390625
0 0.865625 0.48359375 0.11875 0.2109375