0 0.8828125 0.196875 0.1828125 0.182421875
3 0.9296875 0.2 0.140625 0.394140625
1 0.571875 0.471875 0.1 0.1
1 0.034375 0.503125 0.06875 0.162109375
2 0.88671875 0.84921875 0.2265625 0.2484375
3 0.65625 0.6359375 0.303125 0.3033203125
2 0.9484375 0.21328125 0.103125 0.1328125
3 0.725 0.35546875 0.10234375 0.10234375
2 0.10390625 0.2546875 0.2078125 0.30625
3 0.1796875 0.153125 0.2359375 0.2359375
2 0.4140625 0.76640625 0.22265625 0.22265625
3 0.58125 0.3640625 0.1765625 0.176953125
0 0.03125 0.1046875 0.0625 0.109375
2 0.65625 0.86640625 0.19453125 0.19453125
3 0.415625 0.478125 0.115625 0.1158203125
1 0.8875 0.35 0.0875 0.087109375
2 0.5828125 0.26640625 0.271875 0.528125
1 0.6640625 0.771875 0.06875 0.121875
1 0.5 0.19453125 0.134375 0.134375
1 0.2609375 0.08359375 0.12578125 0.12578125
2 0.13046875 0.33515625 0.2609375 0.2890625
2 0.94296875 0.80234375 0.1140625 0.2046875
3 0.2640625 0.90859375 0.14609375 0.146484375
3 0.109375 0.6359375 0.14375 0.1439453125