0 0.8390625 0.196875 0.13125 0.233984375
3 0.9078125 0.2 0.184375 0.3939453125
1 0.528125 0.471875 0.1 0.1
1 0.0125 0.503125 0.025 0.162109375
2 0.8546875 0.85 0.203125 0.2939453125
3 0.6125 0.6359375 0.303125 0.303515625
2 0.94140625 0.2140625 0.1171875 0.190234375
3 0.68125 0.35546875 0.065625 0.1390625
2 0.0875 0.2546875 0.175 0.284375
3 0.1359375 0.153125 0.2359375 0.2359375
2 0.3703125 0.76640625 0.22265625 0.22265625
3 0.5375 0.3640625 0.1765625 0.176953125
2 0.6125 0.86640625 0.128125 0.2609375
3 0.371875 0.478125 0.0875 0.1439453125
1 0.84375 0.35 0.0875 0.087109375
2 0.5390625 0.26640625 0.4 0.4
1 0.6203125 0.771875 0.06875 0.121875
1 0.45625 0.19453125 0.096875 0.171875
1 0.2171875 0.08359375 0.12578125 0.12578125
2 0.10859375 0.33515625 0.2171875 0.2890625
2 0.9265625 0.80234375 0.146875 0.2265625
3 0.2203125 0.90859375 0.14609375 0.1462890625
3 0.06875 0.63515625 0.1375 0.1453125