3 0.784375 0.503125 0.08125 0.14453125
0 0.8703125 0.503125 0.09375 0.16640625
3 0.7 0.353125 0.196875 0.36640625
2 0.02109375 0.771875 0.0421875 0.24453125
2 0.2328125 0.503125 0.228125 0.23359375
0 0.71875 0.20546875 0.121875 0.21640625
3 0.7796875 0.90546875 0.084375 0.13359375
0 0.6296875 0.7609375 0.1125 0.2
3 0.97734375 0.75 0.0453125 0.271875
2 0.396875 0.34453125 0.153125 0.371875
3 0.4046875 0.478125 0.159375 0.29453125
0 0.0359375 0.2140625 0.071875 0.2609375
2 0.053125 0.14140625 0.10625 0.278125
0 0.6390625 0.89453125 0.115625 0.20546875
3 0.98828125 0.49140625 0.0234375 0.15546875
3 0.084375 0.3390625 0.16875 0.1890625