0 0.221875 0.0859375 0.09375 0.16640625
1 0.6171875 0.20859375 0.075 0.13359375
0 0.54375 0.61640625 0.1 0.178125
3 0.625 0.903125 0.034375 0.1890625
3 0.5328125 0.8859375 0.13125 0.221875
0 0.21875 0.871875 0.140625 0.25
0 0.3109375 0.771875 0.11875 0.2109375
2 0.7796875 0.48359375 0.128125 0.40546875
1 0.771875 0.2109375 0.078125 0.1390625
0 0.7765625 0.61640625 0.140625 0.25
3 0.8578125 0.88046875 0.1375 0.23359375
3 0.07265625 0.19453125 0.1453125 0.25546875
0 0.021875 0.9 0.04375 0.1609375
1 0.615625 0.0890625 0.096875 0.171875