0 0.93203125 0.2078125 0.1359375 0.14375
0 0.3046875 0.621875 0.1828125 0.1826171875
0 0.05078125 0.12734375 0.1015625 0.1515625
3 0.94921875 0.75234375 0.1015625 0.1390625
3 0.965625 0.20234375 0.06875 0.0984375
0 0.296875 0.3609375 0.125 0.12578125
0 0.94921875 0.878125 0.1015625 0.146875
0 0.54375 0.33046875 0.134375 0.2390625
0 0.3828125 0.10859375 0.16484375 0.16484375
2 0.615625 0.3640625 0.240625 0.240625
2 0.1609375 0.62421875 0.321875 0.3546875
0 0.071875 0.21875 0.14375 0.15625
0 0.9375 0.09453125 0.103125 0.1830078125
3 0.221875 0.20546875 0.23828125 0.2384765625
1 0.034375 0.6328125 0.06875 0.1
2 0.684375 0.346875 0.3109375 0.3107421875
1 0.0609375 0.896875 0.08125 0.1439453125
3 0.925 0.34453125 0.08125 0.1951171875