1 0.365625 0.76640625 0.075 0.1330078125
1 0.821875 0.35 0.0828125 0.0826171875
2 0.0265625 0.63359375 0.053125 0.3951171875
2 0.04921875 0.14453125 0.0984375 0.283203125
2 0.3515625 0.3390625 0.309375 0.308984375
0 0.90390625 0.47109375 0.1921875 0.1984375
2 0.903125 0.771875 0.146875 0.3
3 0.98828125 0.7609375 0.0234375 0.1
3 0.03046875 0.76328125 0.0609375 0.1015625
3 0.05546875 0.215625 0.1109375 0.2125
0 0.971875 0.903125 0.05625 0.171875
0 0.515625 0.196875 0.165625 0.165234375
0 0.5234375 0.9 0.1390625 0.1390625
2 0.35625 0.60859375 0.15625 0.1951171875
0 0.9140625 0.61640625 0.1390625 0.1390625
3 0.9171875 0.50234375 0.165625 0.2203125
3 0.584375 0.46953125 0.215625 0.3548828125
0 0.196875 0.871875 0.1953125 0.1953125
3 0.5875 0.153125 0.25625 0.25625
0 0.06796875 0.35234375 0.1359375 0.1671875
0 0.06953125 0.50234375 0.1390625 0.1640625
0 0.75 0.90546875 0.103125 0.1830078125
3 0.3578125 0.0890625 0.075 0.171875
2 0.4421875 0.19453125 0.1 0.3830078125
3 0.8234375 0.1359375 0.2140625 0.2142578125
2 0.271875 0.675 0.40625 0.4064453125
0 0.2125 0.60859375 0.20390625 0.20390625