0 0.8046875 0.20859375 0.103125 0.18359375
0 0.1734375 0.621875 0.13125 0.23359375
2 0.95234375 0.625 0.0953125 0.3
3 0.8703125 0.753125 0.128125 0.21640625
3 0.8734375 0.203125 0.084375 0.1609375
0 0.165625 0.3609375 0.090625 0.1609375
0 0.88125 0.878125 0.134375 0.2390625
0 0.4125 0.33046875 0.134375 0.2390625
0 0.2515625 0.10859375 0.11875 0.2109375
2 0.484375 0.3640625 0.253125 0.228125
1 0.99140625 0.61640625 0.0171875 0.1609375
2 0.06015625 0.625 0.1203125 0.49453125
0 0.80625 0.09453125 0.103125 0.18359375
3 0.090625 0.20546875 0.071875 0.40546875
2 0.553125 0.346875 0.1375 0.48359375
3 0.79375 0.34453125 0.08125 0.19453125
1 0.95 0.075 0.08125 0.14453125