0 0.6984375 0.621875 0.13125 0.23359375
0 0.3765625 0.128125 0.140625 0.25
0 0.690625 0.3609375 0.090625 0.1609375
3 0.2375 0.1109375 0.165625 0.21640625
0 0.93515625 0.33046875 0.1296875 0.2390625
0 0.7765625 0.10859375 0.11875 0.2109375
2 0.94140625 0.3640625 0.1171875 0.228125
1 0.0734375 0.7640625 0.090625 0.1609375
3 0.140625 0.35859375 0.059375 0.10546875
2 0.5390625 0.625 0.2125 0.49453125
0 0.459375 0.21953125 0.1125 0.2
2 0.0609375 0.225 0.121875 0.39453125
3 0.615625 0.20546875 0.071875 0.40546875
3 0.3125 0.09453125 0.084375 0.18359375
1 0.3875 0.63359375 0.090625 0.1609375
1 0.4546875 0.896875 0.08125 0.14453125