3 0.096875 0.75234375 0.19375 0.1984375
2 0.4078125 0.78046875 0.25 0.266796875
3 0.865625 0.75 0.128125 0.128125
1 0.2453125 0.4859375 0.1 0.1
3 0.2546875 0.78046875 0.16015625 0.1603515625
1 0.7984375 0.6140625 0.1171875 0.1171875
1 0.6296875 0.63046875 0.10859375 0.10859375
0 0.9625 0.62109375 0.075 0.1140625
1 0.159375 0.496875 0.1171875 0.1171875
1 0.8640625 0.4890625 0.134375 0.134375
2 0.07734375 0.75 0.1546875 0.203125
2 0.796875 0.103125 0.1640625 0.1640625
3 0.928125 0.3546875 0.14375 0.21875
0 0.640625 0.49140625 0.20390625 0.20390625
1 0.4 0.35546875 0.0625 0.1109375