0 0.0234375 0.190625 0.046875 0.084375
3 0.434375 0.20546875 0.2 0.2
1 0.2 0.075 0.08125 0.1439453125
1 0.5921875 0.503125 0.1265625 0.126171875
0 0.0171875 0.48046875 0.034375 0.228125
2 0.203125 0.625 0.159375 0.187890625
1 0.1234375 0.475 0.0953125 0.0953125
2 0.2953125 0.34140625 0.203125 0.2951171875
2 0.4515625 0.3359375 0.140625 0.4560546875
2 0.5984375 0.25546875 0.159375 0.505078125
3 0.7484375 0.153125 0.2359375 0.2359375
2 0.92890625 0.765625 0.1421875 0.196875
0 0.28125 0.20546875 0.10625 0.1890625
3 0.3609375 0.76640625 0.2125 0.15
0 0.5265625 0.10546875 0.16015625 0.1603515625
3 0.959375 0.47734375 0.08125 0.1015625
1 0.8296875 0.08359375 0.12578125 0.12578125
1 0.5203125 0.33046875 0.09140625 0.0912109375
2 0.6859375 0.3359375 0.2890625 0.2892578125
3 0.8328125 0.90859375 0.14609375 0.1462890625
3 0.678125 0.6359375 0.071875 0.2158203125