2 0.5515625 0.1109375 0.109375 0.21640625
3 0.859375 0.478125 0.1 0.178125
2 0.85625 0.771875 0.103125 0.3390625
3 0.078125 0.75 0.084375 0.171875
2 0.85859375 0.63359375 0.2828125 0.2890625
3 0.7078125 0.346875 0.0875 0.15
1 0.546875 0.496875 0.06875 0.121875
0 0.640625 0.3359375 0.090625 0.1609375
3 0.98984375 0.34140625 0.0203125 0.15
3 0.3875 0.46953125 0.071875 0.18359375
1 0.0265625 0.6140625 0.053125 0.15
0 0.2328125 0.621875 0.109375 0.19453125
1 0.4015625 0.63046875 0.084375 0.15
1 0.309375 0.3609375 0.096875 0.171875
0 0.4671875 0.8890625 0.121875 0.21640625
1 0.3171875 0.19140625 0.075 0.13359375
1 0.0765625 0.4890625 0.096875 0.171875
2 0.03671875 0.103125 0.0734375 0.2
3 0.240625 0.35546875 0.19375 0.36640625
2 0.859375 0.85546875 0.215625 0.28359375