3 0.50625 0.2109375 0.2640625 0.2642578125
2 0.88515625 0.2 0.2296875 0.3
1 0.3625 0.76640625 0.11328125 0.1130859375
3 0.9421875 0.21328125 0.115625 0.1390625
3 0.278125 0.3609375 0.1234375 0.1232421875
2 0.90703125 0.24921875 0.1859375 0.2890625
0 0.5890625 0.196875 0.165625 0.165234375
3 0.1171875 0.2 0.1375 0.1376953125
0 0.96171875 0.6140625 0.0765625 0.209765625
1 0.971875 0.34453125 0.05625 0.1390625
0 0.5953125 0.49453125 0.18203125 0.1822265625
3 0.2734375 0.6140625 0.1859375 0.18515625
0 0.828125 0.9109375 0.134375 0.134375
0 0.815625 0.64140625 0.13046875 0.130078125
3 0.4421875 0.2109375 0.3296875 0.3298828125
1 0.5953125 0.078125 0.1171875 0.1171875
3 0.121875 0.75234375 0.24375 0.2515625