0 0.8921875 0.20859375 0.103125 0.1830078125
0 0.2609375 0.621875 0.1828125 0.1826171875
2 0.959375 0.62421875 0.08125 0.1546875
0 0.0046875 0.128125 0.009375 0.25
3 0.9328125 0.75234375 0.134375 0.1609375
3 0.94921875 0.20234375 0.1015625 0.1203125
0 0.253125 0.3609375 0.125 0.125390625
0 0.95078125 0.878125 0.0984375 0.23828125
0 0.5 0.33046875 0.18671875 0.18671875
0 0.3390625 0.10859375 0.16484375 0.16484375
2 0.571875 0.3640625 0.253125 0.228125
2 0.1390625 0.62421875 0.278125 0.3515625
0 0.05390625 0.21953125 0.1078125 0.1390625
0 0.89375 0.09453125 0.103125 0.183203125
3 0.178125 0.20546875 0.23828125 0.2384765625
2 0.640625 0.346875 0.1375 0.4841796875
1 0.0390625 0.89609375 0.078125 0.1015625
3 0.88125 0.34453125 0.13828125 0.1380859375
1 0.98046875 0.07421875 0.0390625 0.0734375