0 0.3578125 0.196875 0.13125 0.2341796875
3 0.446875 0.2 0.309375 0.3095703125
1 0.0484375 0.471875 0.096875 0.1
2 0.8359375 0.49453125 0.31328125 0.3134765625
0 0.9140625 0.8859375 0.121875 0.1216796875
2 0.8265625 0.778125 0.171875 0.2560546875
3 0.903125 0.77109375 0.19375 0.1984375
2 0.3734375 0.85 0.203125 0.294140625
1 0.9078125 0.0859375 0.1296875 0.130078125
3 0.13125 0.6359375 0.240625 0.3658203125
2 0.521875 0.2140625 0.240625 0.190234375
3 0.2 0.35546875 0.065625 0.1390625
0 0.9625 0.62109375 0.075 0.1359375
0 0.94609375 0.33515625 0.1078125 0.1390625
0 0.603125 0.6390625 0.096875 0.171875
2 0.6703125 0.6359375 0.43125 0.43125
3 0.95234375 0.74609375 0.0953125 0.1234375
3 0.0640625 0.3640625 0.128125 0.209765625
2 0.13125 0.86640625 0.19453125 0.19453125
1 0.3625 0.35 0.0625 0.112109375
2 0.13828125 0.26640625 0.2765625 0.3609375
1 0.1390625 0.771875 0.0953125 0.0953125
1 0.0296875 0.19375 0.059375 0.096875
1 0.83125 0.625 0.096875 0.171875
2 0.8296875 0.7890625 0.196875 0.4158203125
2 0.60625 0.803125 0.30625 0.387890625
0 0.946875 0.21015625 0.10625 0.1359375