0 0.5765625 0.771875 0.165625 0.165234375
1 0.41875 0.34140625 0.08125 0.1451171875
1 0.1125 0.91640625 0.0953125 0.0953125
1 0.8125 0.90546875 0.13046875 0.1302734375
0 0.94609375 0.88515625 0.1078125 0.1296875
0 0.5046875 0.103125 0.15625 0.15625
2 0.8140625 0.48046875 0.34296875 0.343359375
2 0.8109375 0.1125 0.228125 0.225
2 0.7359375 0.61640625 0.171875 0.228125
0 0.0984375 0.09140625 0.1390625 0.1390625
3 0.103125 0.20546875 0.17578125 0.17578125
0 0.81875 0.196875 0.190625 0.1908203125
0 0.03828125 0.20234375 0.0765625 0.1328125
0 0.96484375 0.88828125 0.0703125 0.1171875
2 0.496875 0.71640625 0.43515625 0.43515625
0 0.1875 0.21640625 0.134375 0.134375
0 0.4234375 0.0890625 0.134375 0.134375
2 0.56875 0.2140625 0.24375 0.244140625
1 0.35 0.2 0.1171875 0.1171875
3 0.9078125 0.77421875 0.184375 0.2359375