2 0.09140625 0.3546875 0.1828125 0.19375
2 0.4375 0.478125 0.3265625 0.326953125
2 0.7609375 0.63359375 0.27734375 0.2771484375
2 0.7640625 0.14453125 0.24375 0.283203125
2 0.590625 0.775 0.115625 0.221875
1 0.5140625 0.0890625 0.134375 0.134375
2 0.453125 0.35 0.45625 0.4564453125
3 0.753125 0.7640625 0.146875 0.1466796875
3 0.684375 0.21640625 0.32109375 0.32109375
0 0.5171875 0.75859375 0.20390625 0.20390625
2 0.1234375 0.353125 0.190625 0.191015625
0 0.9359375 0.87109375 0.128125 0.1671875
0 0.825 0.353125 0.1828125 0.1826171875
0 0.840625 0.503125 0.16875 0.1689453125
1 0.0234375 0.0828125 0.046875 0.084375
0 0.0625 0.765625 0.125 0.134375
2 0.9875 0.675 0.025 0.6439453125
0 0.93984375 0.60859375 0.1203125 0.1671875
2 0.2890625 0.475 0.425 0.4248046875