3 0.1671875 0.771875 0.13125 0.221875
3 0.7140625 0.128125 0.05 0.25
0 0.971875 0.6109375 0.05625 0.25546875
0 0.03828125 0.88359375 0.0765625 0.228125
1 0.6390625 0.628125 0.090625 0.1609375
1 0.1734375 0.475 0.09375 0.16640625
0 0.4734375 0.88046875 0.13125 0.23359375
1 0.25 0.4890625 0.078125 0.1390625
0 0.39375 0.78046875 0.11875 0.2109375
0 0.03515625 0.1140625 0.0703125 0.221875
0 0.625 0.13046875 0.14375 0.25546875
3 0.95859375 0.19453125 0.0828125 0.38359375
2 0.478125 0.64140625 0.24375 0.478125
2 0.64375 0.8390625 0.175 0.31640625
0 0.246875 0.6140625 0.128125 0.228125
1 0.634375 0.35859375 0.065625 0.11640625
1 0.4015625 0.08046875 0.0625 0.1109375