0 0.4109375 0.20859375 0.103125 0.18359375
2 0.5640625 0.625 0.10625 0.3
3 0.4765625 0.753125 0.128125 0.21640625
3 0.4796875 0.203125 0.084375 0.1609375
2 0.86875 0.75859375 0.2125 0.40546875
3 0.8625 0.63046875 0.06875 0.128125
0 0.4875 0.878125 0.134375 0.2390625
0 0.04296875 0.33046875 0.0859375 0.2390625
3 0.7859375 0.20859375 0.2 0.29453125
2 0.10859375 0.3640625 0.2171875 0.228125
1 0.634375 0.61640625 0.090625 0.1609375
2 0.88125 0.4890625 0.140625 0.28359375
0 0.4125 0.09453125 0.103125 0.18359375
2 0.9328125 0.6140625 0.134375 0.21640625
2 0.159375 0.346875 0.1375 0.48359375
3 0.4 0.34453125 0.08125 0.19453125
1 0.55625 0.075 0.08125 0.14453125