2 0.953125 0.61328125 0.09375 0.1296875
2 0.7921875 0.496875 0.115625 0.2439453125
1 0.0921875 0.20859375 0.10390625 0.1041015625
0 0.04765625 0.61640625 0.0953125 0.1234375
1 0.6328125 0.46953125 0.09140625 0.0912109375
3 0.1 0.903125 0.1109375 0.11171875
3 0.03671875 0.8859375 0.0734375 0.221875
1 0.709375 0.19140625 0.08125 0.1451171875
2 0.2546875 0.48359375 0.26640625 0.266796875
1 0.63125 0.35546875 0.1171875 0.1171875
1 0.246875 0.2109375 0.109375 0.108984375
1 0.884375 0.3640625 0.078125 0.13984375
0 0.2515625 0.61640625 0.1953125 0.1953125
2 0.959375 0.09921875 0.08125 0.1203125
3 0.3328125 0.88046875 0.18515625 0.1853515625
3 0.97578125 0.2046875 0.0484375 0.084375
0 0.8671875 0.13046875 0.19921875 0.199609375
2 0.7984375 0.34453125 0.13125 0.2390625
1 0.090625 0.0890625 0.134375 0.134375