2 0.2859375 0.19140625 0.24296875 0.243359375
3 0.9953125 0.90546875 0.009375 0.1830078125
0 0.04609375 0.61015625 0.0921875 0.1453125
3 0.834375 0.771875 0.1515625 0.1517578125
2 0.6859375 0.61640625 0.1375 0.2169921875
1 0.4421875 0.628125 0.09375 0.166015625
3 0.06484375 0.7578125 0.1296875 0.1375
0 0.909375 0.49140625 0.140625 0.25
0 0.2859375 0.63046875 0.16015625 0.1603515625
1 0.8390625 0.621875 0.1078125 0.108203125
0 0.2921875 0.09140625 0.1390625 0.1390625
3 0.0765625 0.19375 0.153125 0.23125
1 0.675 0.771875 0.134375 0.134375
3 0.525 0.796875 0.3078125 0.3078125
1 0.0546875 0.33046875 0.09140625 0.0912109375
2 0.8265625 0.1 0.1546875 0.1548828125
2 0.2015625 0.3609375 0.203125 0.203515625
3 0.2 0.88046875 0.121875 0.2330078125
1 0.96328125 0.63828125 0.0734375 0.0953125
1 0.7609375 0.3640625 0.1046875 0.104296875
2 0.89140625 0.296875 0.2171875 0.587890625