0 0.69375 0.34140625 0.09375 0.16640625
0 0.4640625 0.9140625 0.09375 0.16640625
1 0.0734375 0.346875 0.06875 0.121875
3 0.0484375 0.821875 0.096875 0.35
2 0.915625 0.61953125 0.16875 0.271875
2 0.02109375 0.24453125 0.0421875 0.48359375
1 0.4640625 0.35546875 0.0875 0.15546875
3 0.3890625 0.06953125 0.115625 0.0890625
2 0.98203125 0.771875 0.0359375 0.16640625
0 0.3828125 0.60859375 0.125 0.221875
0 0.69375 0.20546875 0.0875 0.15546875
0 0.546875 0.48046875 0.103125 0.18359375
0 0.85 0.3640625 0.13125 0.23359375
2 0.3921875 0.246875 0.13125 0.4890625
3 0.6125 0.625 0.09375 0.178125
1 0.6125 0.34140625 0.08125 0.14453125
3 0.1515625 0.20859375 0.08125 0.06640625