2 0.9234375 0.496875 0.115625 0.24453125
1 0.2234375 0.20859375 0.075 0.13359375
0 0.15 0.61640625 0.1 0.178125
1 0.7640625 0.46953125 0.065625 0.11640625
3 0.23125 0.903125 0.034375 0.1890625
3 0.1390625 0.8859375 0.13125 0.221875
1 0.840625 0.19140625 0.08125 0.14453125
2 0.3859375 0.48359375 0.128125 0.40546875
1 0.7625 0.35546875 0.084375 0.15
1 0.378125 0.2109375 0.078125 0.1390625
1 0.98828125 0.3640625 0.0234375 0.1390625
0 0.3828125 0.61640625 0.140625 0.25
3 0.4640625 0.88046875 0.1375 0.23359375
0 0.96328125 0.13046875 0.0734375 0.25546875
2 0.9296875 0.34453125 0.13125 0.2390625
1 0.221875 0.0890625 0.096875 0.171875