1 0.41875 0.503125 0.134375 0.134375
0 0.1984375 0.7609375 0.13125 0.233984375
1 0.95859375 0.47421875 0.0828125 0.0984375
2 0.3375 0.496875 0.31875 0.98828125
2 0.01796875 0.3640625 0.0359375 0.271875
2 0.34375 0.3609375 0.2515625 0.2513671875
0 0.2640625 0.49140625 0.146875 0.2609375
0 0.99296875 0.771875 0.0140625 0.2439453125
0 0.1078125 0.353125 0.146875 0.147265625
3 0.4328125 0.85 0.20625 0.206640625
2 0.4234375 0.74140625 0.36953125 0.36953125
2 0.05078125 0.1796875 0.1015625 0.1875
2 0.11875 0.63359375 0.1578125 0.1578125
3 0.5734375 0.86640625 0.375 0.2609375