3 0.96640625 0.771875 0.0671875 0.221875
0 0.84375 0.88359375 0.128125 0.228125
1 0.05625 0.75859375 0.08125 0.14453125
3 0.0171875 0.20546875 0.034375 0.121875
1 0.97890625 0.475 0.0421875 0.16640625
3 0.4484375 0.4859375 0.265625 0.18359375
1 0.3671875 0.903125 0.084375 0.15
1 0.2140625 0.478125 0.078125 0.1390625
2 0.45625 0.20859375 0.0875 0.228125
0 0.8390625 0.1140625 0.125 0.221875
3 0.6921875 0.9 0.1 0.028125
1 0.0125 0.89453125 0.025 0.1390625
3 0.0890625 0.63359375 0.178125 0.14453125
3 0.0578125 0.6140625 0.115625 0.171875
3 0.6796875 0.60859375 0.175 0.1109375
1 0.0078125 0.35 0.015625 0.15
3 0.2921875 0.34140625 0.084375 0.1390625