3 0.0953125 0.753125 0.1125 0.28359375
2 0.4078125 0.78046875 0.25 0.26640625
3 0.865625 0.75 0.084375 0.171875
1 0.2453125 0.4859375 0.071875 0.128125
3 0.2546875 0.78046875 0.115625 0.20546875
1 0.7984375 0.6140625 0.084375 0.15
1 0.6296875 0.63046875 0.078125 0.1390625
0 0.9828125 0.621875 0.034375 0.19453125
1 0.159375 0.496875 0.084375 0.15
1 0.8640625 0.4890625 0.096875 0.171875
2 0.053125 0.75 0.10625 0.3
2 0.796875 0.103125 0.128125 0.2
3 0.965625 0.35546875 0.06875 0.36640625
0 0.640625 0.49140625 0.146875 0.2609375
1 0.4 0.35546875 0.0625 0.1109375