1 0.7859375 0.49453125 0.09375 0.1669921875
3 0.5453125 0.20859375 0.128125 0.2169921875
1 0.5515625 0.49140625 0.065625 0.116796875
0 0.075 0.8859375 0.121875 0.2158203125
2 0.6296875 0.228125 0.284375 0.284375
2 0.08125 0.496875 0.1625 0.183984375
3 0.7828125 0.08359375 0.12734375 0.12734375
3 0.0328125 0.49375 0.065625 0.10625
1 0.459375 0.775 0.1125 0.1126953125
3 0.97421875 0.77109375 0.0515625 0.0890625
2 0.909375 0.7546875 0.18125 0.23125
0 0.76875 0.225 0.134375 0.134375
1 0.6171875 0.61953125 0.12109375 0.1212890625
0 0.309375 0.3609375 0.140625 0.25
3 0.15625 0.76953125 0.20546875 0.20546875
2 0.96953125 0.228125 0.0609375 0.45
0 0.3796875 0.503125 0.10625 0.187890625