0 0.98125 0.0859375 0.0375 0.1658203125
1 0.384375 0.35 0.0828125 0.0826171875
0 0.4703125 0.471875 0.14375 0.2560546875
2 0.465625 0.771875 0.146875 0.3
3 0.628125 0.7609375 0.1390625 0.1390625
0 0.96796875 0.871875 0.0640625 0.25
0 0.5546875 0.903125 0.096875 0.171875
0 0.078125 0.196875 0.11875 0.212109375
0 0.0859375 0.9 0.1390625 0.1390625
0 0.4765625 0.61640625 0.1390625 0.1390625
3 0.54375 0.503125 0.184375 0.328125
3 0.146875 0.46953125 0.28515625 0.285546875
3 0.15 0.153125 0.25625 0.25625
0 0.3125 0.90546875 0.14296875 0.143359375
2 0.06796875 0.19375 0.1359375 0.21875
3 0.3859375 0.1359375 0.2140625 0.214453125
3 0.8578125 0.19453125 0.20234375 0.202734375
0 0.7859375 0.9 0.1265625 0.12578125