0 0.7859375 0.621875 0.13125 0.23359375
0 0.4640625 0.128125 0.140625 0.25
0 0.778125 0.3609375 0.090625 0.1609375
3 0.325 0.1109375 0.165625 0.21640625
0 0.97890625 0.33046875 0.0421875 0.2390625
0 0.8640625 0.10859375 0.11875 0.2109375
2 0.98515625 0.3640625 0.0296875 0.228125
1 0.1609375 0.7640625 0.090625 0.1609375
3 0.228125 0.35859375 0.059375 0.10546875
2 0.6265625 0.625 0.2125 0.49453125
0 0.546875 0.21953125 0.1125 0.2
2 0.1046875 0.225 0.209375 0.39453125
3 0.703125 0.20546875 0.071875 0.40546875
3 0.4 0.09453125 0.084375 0.18359375
1 0.475 0.63359375 0.090625 0.1609375
1 0.5421875 0.896875 0.08125 0.14453125