2 0.0640625 0.84140625 0.128125 0.3109375
1 0.3625 0.75859375 0.08125 0.144921875
3 0.2859375 0.20546875 0.109375 0.121875
3 0.2125 0.75859375 0.13125 0.128125
3 0.7546875 0.4859375 0.225 0.2248046875
1 0.6734375 0.903125 0.084375 0.15
1 0.5203125 0.478125 0.078125 0.13828125
2 0.7625 0.20859375 0.1578125 0.1578125
3 0.97421875 0.9 0.03984375 0.03984375
1 0.1359375 0.76953125 0.11328125 0.1130859375
1 0.2921875 0.89453125 0.10859375 0.10859375
3 0.371875 0.63359375 0.18515625 0.1849609375
3 0.278125 0.6140625 0.2875 0.171875
0 0.07734375 0.33828125 0.1546875 0.1859375
3 0.94765625 0.6078125 0.1046875 0.10625
1 0.2796875 0.35 0.1171875 0.1171875
3 0.5984375 0.34140625 0.11171875 0.11171875