0 0.1 0.19140625 0.0875 0.15546875
3 0.565625 0.20546875 0.15 0.25
1 0.33125 0.075 0.08125 0.14453125
1 0.7234375 0.503125 0.090625 0.1609375
0 0.1015625 0.48046875 0.128125 0.228125
2 0.334375 0.625 0.159375 0.1890625
1 0.2546875 0.475 0.06875 0.121875
2 0.0390625 0.275 0.078125 0.54453125
2 0.4265625 0.34140625 0.203125 0.29453125
2 0.5828125 0.3359375 0.140625 0.45546875
1 0.03515625 0.196875 0.0703125 0.16640625
2 0.7296875 0.25546875 0.159375 0.50546875
3 0.8796875 0.153125 0.171875 0.3
0 0.4125 0.20546875 0.10625 0.1890625
3 0.4921875 0.76640625 0.2125 0.15
0 0.6578125 0.10546875 0.115625 0.20546875
2 0.0328125 0.8859375 0.065625 0.15
1 0.9578125 0.08359375 0.084375 0.1609375
1 0.6515625 0.33046875 0.065625 0.11640625
2 0.8171875 0.3359375 0.134375 0.44453125
3 0.94765625 0.90859375 0.1046875 0.15546875
3 0.809375 0.6359375 0.071875 0.21640625