3 0.3140625 0.753125 0.1125 0.283984375
1 0.1609375 0.21640625 0.090625 0.1609375
3 0.1609375 0.746875 0.078125 0.2
2 0.6265625 0.78046875 0.25 0.2669921875
1 0.4640625 0.4859375 0.071875 0.128125
3 0.4734375 0.78046875 0.115625 0.2048828125
1 0.971875 0.6140625 0.05625 0.0875
3 0.08125 0.89453125 0.12109375 0.121484375
1 0.8484375 0.63046875 0.078125 0.1390625
1 0.378125 0.496875 0.1171875 0.1171875
2 0.2296875 0.75 0.190625 0.3
2 0.95625 0.10234375 0.0875 0.1234375
0 0.859375 0.49140625 0.146875 0.2609375
3 0.10546875 0.346875 0.19921875 0.199609375
1 0.02421875 0.61875 0.0484375 0.06875
1 0.61875 0.35546875 0.0625 0.1109375