3 0.915625 0.503125 0.1125 0.1126953125
0 0.0625 0.33359375 0.125 0.25
0 0.97734375 0.503125 0.0453125 0.1658203125
3 0.83125 0.353125 0.28125 0.2814453125
3 0.028125 0.88515625 0.05625 0.1109375
2 0.1296875 0.771875 0.165625 0.1658203125
2 0.0359375 0.47734375 0.071875 0.1328125
2 0.3640625 0.503125 0.228125 0.233984375
2 0.01484375 0.76953125 0.0296875 0.228125
0 0.85 0.20546875 0.121875 0.2169921875
3 0.028125 0.20546875 0.05625 0.271875
3 0.9109375 0.90546875 0.10859375 0.108984375
0 0.7609375 0.7609375 0.15625 0.15625
2 0.528125 0.34453125 0.2625 0.2625
3 0.5359375 0.478125 0.2265625 0.226953125
0 0.1296875 0.2140625 0.203125 0.203515625
2 0.1390625 0.14140625 0.2375 0.2375
0 0.7703125 0.89453125 0.16015625 0.1603515625
3 0.2140625 0.3390625 0.18125 0.180859375