0 0.9875 0.19140625 0.025 0.15546875
3 0.084375 0.503125 0.08125 0.14453125
0 0.1703125 0.503125 0.09375 0.16640625
2 0.6265625 0.2 0.203125 0.33359375
0 0.978125 0.48046875 0.04375 0.228125
3 0.04921875 0.353125 0.0984375 0.36640625
2 0.8625 0.275 0.26875 0.54453125
1 0.9421875 0.196875 0.09375 0.16640625
0 0.546875 0.1109375 0.121875 0.21640625
0 0.03984375 0.20546875 0.0796875 0.21640625
3 0.0796875 0.90546875 0.084375 0.13359375
3 0.31875 0.75 0.128125 0.271875
1 0.5625 0.625 0.059375 0.10546875
3 0.70625 0.9140625 0.134375 0.121875
2 0.86875 0.8859375 0.23125 0.15
0 0.796875 0.778125 0.1 0.178125
2 0.7859375 0.21953125 0.146875 0.2390625
1 0.5625 0.2 0.0625 0.1109375
3 0.3203125 0.49140625 0.0875 0.15546875
1 0.565625 0.903125 0.0875 0.15546875
2 0.46875 0.61640625 0.125 0.15