1 0.0359375 0.621875 0.071875 0.1341796875
1 0.0359375 0.08515625 0.071875 0.0828125
0 0.340625 0.88046875 0.18203125 0.1822265625
3 0.415625 0.49453125 0.1125 0.2048828125
3 0.93671875 0.6328125 0.1265625 0.196875
0 0.1015625 0.196875 0.1515625 0.1517578125
3 0.5703125 0.11953125 0.20234375 0.2025390625
1 0.18125 0.21640625 0.11328125 0.1130859375
3 0.725 0.746875 0.15625 0.15625
3 0.1109375 0.33359375 0.15703125 0.1568359375
3 0.425 0.753125 0.08125 0.137890625
2 0.5046875 0.803125 0.2671875 0.267578125
0 0.1046875 0.625 0.15625 0.15625