1 0.34375 0.2140625 0.109375 0.108984375
1 0.03828125 0.7578125 0.0765625 0.1
2 0.40625 0.70546875 0.44296875 0.4431640625
3 0.4859375 0.221875 0.10625 0.437890625
2 0.5765625 0.60859375 0.3 0.228125
0 0.246875 0.88046875 0.18203125 0.1822265625
1 0.7203125 0.60859375 0.06875 0.121875
3 0.734375 0.21640625 0.140625 0.140625
3 0.4890625 0.48359375 0.1609375 0.1609375
3 0.053125 0.22421875 0.10625 0.1828125
2 0.9453125 0.2140625 0.109375 0.421875
1 0.1859375 0.6359375 0.1 0.1
0 0.1078125 0.46953125 0.1734375 0.1734375
0 0.328125 0.7609375 0.1734375 0.1734375
3 0.253125 0.7609375 0.1765625 0.176953125
0 0.2625 0.48046875 0.14765625 0.14765625
3 0.06171875 0.153125 0.1234375 0.3
1 0.403125 0.05859375 0.08671875 0.08671875