1 0.8 0.225 0.1046875 0.1044921875
2 0.04765625 0.49375 0.0953125 0.18125
3 0.01015625 0.771875 0.0203125 0.244140625
3 0.56875 0.20859375 0.290625 0.221875
2 0.334375 0.84453125 0.121875 0.305078125
0 0.4234375 0.33359375 0.19140625 0.1912109375
1 0.41875 0.91953125 0.12109375 0.1212890625
0 0.1 0.621875 0.146875 0.262109375
0 0.5015625 0.496875 0.2 0.199609375
1 0.409375 0.21953125 0.12578125 0.12578125
0 0.05546875 0.33515625 0.1109375 0.1421875
3 0.053125 0.74609375 0.10625 0.1296875
0 0.3421875 0.4890625 0.121875 0.2158203125
2 0.503125 0.16640625 0.140625 0.328125
0 0.178125 0.90859375 0.134375 0.134375
1 0.575 0.35 0.0953125 0.0953125
1 0.2671875 0.6109375 0.075 0.1341796875
1 0.409375 0.4859375 0.059375 0.1060546875
0 0.053125 0.21015625 0.10625 0.1390625
3 0.1828125 0.1140625 0.090625 0.221875
2 0.659375 0.4859375 0.3546875 0.3546875