2 0.4171875 0.19140625 0.24296875 0.2431640625
0 0.096875 0.6109375 0.14375 0.2560546875
3 0.9421875 0.77109375 0.115625 0.1421875
2 0.8171875 0.61640625 0.17734375 0.1771484375
1 0.5734375 0.628125 0.09375 0.1658203125
3 0.1921875 0.75859375 0.1375 0.1375
0 0.95703125 0.490625 0.0859375 0.140625
0 0.4171875 0.63046875 0.16015625 0.1603515625
1 0.95703125 0.62109375 0.0859375 0.1046875
0 0.4234375 0.09140625 0.1390625 0.1390625
3 0.12578125 0.19375 0.2515625 0.296875
1 0.80625 0.771875 0.096875 0.171875
3 0.65625 0.796875 0.3078125 0.3078125
1 0.1859375 0.33046875 0.09140625 0.091015625
2 0.95 0.1 0.1 0.1939453125
2 0.3328125 0.3609375 0.203125 0.203515625
3 0.33125 0.88046875 0.17734375 0.177734375
1 0.8921875 0.3640625 0.1046875 0.1044921875
2 0.95703125 0.296875 0.0859375 0.587890625