1 0.93125 0.225 0.075 0.1341796875
2 0.0703125 0.49453125 0.140625 0.3548828125
0 0.0828125 0.8859375 0.121875 0.1216796875
2 0.040625 0.778125 0.08125 0.2560546875
3 0.08671875 0.77109375 0.1734375 0.1984375
3 0.7 0.20859375 0.290625 0.221875
1 0.0765625 0.0859375 0.1296875 0.1298828125
2 0.465625 0.84453125 0.21328125 0.2134765625
0 0.5546875 0.33359375 0.1375 0.2451171875
1 0.55 0.91953125 0.0875 0.155078125
0 0.23125 0.621875 0.2046875 0.20390625
0 0.6328125 0.496875 0.2 0.1998046875
1 0.540625 0.21953125 0.12578125 0.12578125
0 0.153125 0.3359375 0.1609375 0.1607421875
3 0.1578125 0.746875 0.1453125 0.1453125
0 0.4734375 0.4890625 0.16875 0.1689453125
2 0.634375 0.16640625 0.140625 0.328125
0 0.309375 0.90859375 0.134375 0.134375
1 0.70625 0.35 0.0953125 0.0953125
1 0.02421875 0.625 0.0484375 0.171875
1 0.3984375 0.6109375 0.075 0.1341796875
1 0.540625 0.4859375 0.0828125 0.0826171875
2 0.08828125 0.78828125 0.1765625 0.2578125
0 0.1515625 0.2109375 0.15625 0.15625
3 0.3140625 0.1140625 0.15625 0.15625
2 0.790625 0.4859375 0.3546875 0.3546875