1 0.2 0.503125 0.096875 0.171875
0 0.91875 0.875 0.1375 0.244140625
0 0.02265625 0.7609375 0.0453125 0.233984375
0 0.9109375 0.08359375 0.090625 0.1609375
1 0.753125 0.475 0.1046875 0.1044921875
2 0.1390625 0.496875 0.278125 0.987890625
2 0.125 0.3609375 0.146875 0.355859375
0 0.96484375 0.353125 0.0703125 0.2
0 0.059375 0.49140625 0.11875 0.2609375
0 0.8359375 0.771875 0.190625 0.1908203125
3 0.2140625 0.85 0.20625 0.206640625
2 0.2046875 0.74140625 0.228125 0.5109375
1 0.9015625 0.61640625 0.09140625 0.0912109375
3 0.35390625 0.853125 0.3171875 0.29375