3 0.3234375 0.346875 0.14375 0.29453125
1 0.634375 0.33359375 0.0625 0.1109375
2 0.0984375 0.3390625 0.128125 0.55
1 0.6421875 0.90546875 0.084375 0.15
1 0.8046875 0.35546875 0.09375 0.16640625
2 0.7953125 0.30546875 0.146875 0.60546875
3 0.10859375 0.46953125 0.2171875 0.421875
1 0.0359375 0.21953125 0.071875 0.15546875
1 0.9953125 0.7640625 0.009375 0.1609375
3 0.0890625 0.6359375 0.146875 0.2
2 0.5578125 0.3390625 0.196875 0.25
1 0.253125 0.4890625 0.0625 0.1109375
0 0.7140625 0.20859375 0.103125 0.18359375
2 0.9203125 0.225 0.159375 0.39453125
0 0.5625 0.2 0.140625 0.25
0 0.0046875 0.34140625 0.009375 0.23359375
1 0.03125 0.771875 0.0625 0.128125