3 0.5171875 0.771875 0.13125 0.221875
0 0.3625 0.88359375 0.178125 0.178125
1 0.95859375 0.62734375 0.0828125 0.1078125
1 0.5234375 0.475 0.1296875 0.1298828125
0 0.8234375 0.88046875 0.18203125 0.1822265625
3 0.06015625 0.48515625 0.1203125 0.1421875
1 0.6 0.4890625 0.109375 0.10859375
2 0.009375 0.20859375 0.01875 0.228125
0 0.74375 0.78046875 0.16484375 0.16484375
0 0.3578125 0.1140625 0.1734375 0.1734375
3 0.2109375 0.9 0.1 0.028125
0 0.9515625 0.13046875 0.096875 0.2548828125
2 0.828125 0.64140625 0.24375 0.478125
2 0.925 0.83828125 0.15 0.2046875
3 0.1984375 0.60859375 0.175 0.1109375
0 0.596875 0.6140625 0.178125 0.178125
1 0.97578125 0.35859375 0.0484375 0.1169921875
1 0.7515625 0.08046875 0.0625 0.1109375