3 0.878125 0.178125 0.21875 0.35
1 0.9546875 0.0890625 0.090625 0.171875
0 0.4203125 0.33046875 0.128125 0.228125
3 0.4140625 0.203125 0.2890625 0.288671875
2 0.8015625 0.24453125 0.35859375 0.3587890625
3 0.95 0.14375 0.1 0.1625
1 0.3359375 0.771875 0.090625 0.091015625
0 0.503125 0.4859375 0.103125 0.183984375
0 0.06484375 0.2078125 0.1296875 0.165625
0 0.021875 0.47109375 0.04375 0.0859375
3 0.9640625 0.86015625 0.071875 0.1390625
1 0.584375 0.75546875 0.078125 0.1390625
3 0.7390625 0.121875 0.1796875 0.180078125
0 0.990625 0.48359375 0.01875 0.2109375