0 0.921875 0.0859375 0.09375 0.166015625
1 0.296875 0.35 0.059375 0.1060546875
0 0.3828125 0.471875 0.14375 0.2560546875
2 0.378125 0.771875 0.2234375 0.2234375
3 0.540625 0.7609375 0.178125 0.1
0 0.91015625 0.87109375 0.1796875 0.1953125
0 0.4671875 0.903125 0.134375 0.134375
0 0.0453125 0.19609375 0.090625 0.1296875
0 0.02421875 0.9 0.0484375 0.178125
0 0.9546875 0.77109375 0.090625 0.1296875
0 0.3890625 0.61640625 0.1390625 0.1390625
3 0.45625 0.503125 0.25625 0.25625
3 0.10703125 0.46875 0.2140625 0.2625
3 0.10078125 0.153125 0.2015625 0.234375
0 0.225 0.90546875 0.103125 0.1830078125
3 0.2984375 0.1359375 0.2140625 0.214453125
3 0.7703125 0.19453125 0.15 0.2548828125
0 0.6984375 0.9 0.090625 0.162109375