3 0.3578125 0.753125 0.1984375 0.1982421875
1 0.2046875 0.21640625 0.12578125 0.12578125
3 0.2046875 0.746875 0.078125 0.2
2 0.6703125 0.78046875 0.25859375 0.258203125
1 0.5078125 0.4859375 0.071875 0.128125
3 0.5171875 0.78046875 0.16015625 0.1603515625
0 0.04375 0.34375 0.0875 0.146875
3 0.125 0.89453125 0.12109375 0.121484375
1 0.8921875 0.63046875 0.10859375 0.10859375
1 0.421875 0.496875 0.1171875 0.1171875
2 0.2734375 0.75 0.190625 0.3
2 0.97265625 0.10234375 0.0546875 0.1015625
0 0.903125 0.49140625 0.146875 0.2609375
3 0.12734375 0.346875 0.2546875 0.187890625
1 0.04140625 0.61875 0.0828125 0.0875
1 0.6625 0.35546875 0.0625 0.1109375