0 0.4921875 0.33359375 0.140625 0.25
0 0.1015625 0.09140625 0.1390625 0.1390625
3 0.34375 0.8859375 0.20625 0.20625
2 0.5671875 0.771875 0.0875 0.2439453125
2 0.3484375 0.478125 0.2 0.255859375
2 0.8015625 0.503125 0.23125 0.2310546875
2 0.4125 0.76953125 0.16875 0.16875
0 0.334375 0.08359375 0.12578125 0.12578125
3 0.0703125 0.3328125 0.140625 0.165625
2 0.2546875 0.33046875 0.11953125 0.11953125
2 0.04921875 0.6359375 0.0984375 0.58984375
3 0.415625 0.20546875 0.2140625 0.2140625
3 0.1859375 0.771875 0.23125 0.2939453125
0 0.1828125 0.103125 0.15625 0.15625
3 0.1046875 0.6359375 0.1640625 0.1640625
2 0.94453125 0.34453125 0.1109375 0.371875
3 0.9234375 0.47734375 0.153125 0.2015625
0 0.5671875 0.2140625 0.146875 0.259765625
2 0.5765625 0.14140625 0.2375 0.2375
3 0.2609375 0.64140625 0.125 0.2451171875
3 0.6515625 0.3390625 0.171875 0.190234375