3 0.346875 0.20546875 0.15 0.25
1 0.1125 0.075 0.1125 0.1126953125
1 0.5046875 0.503125 0.090625 0.162109375
2 0.115625 0.625 0.159375 0.18828125
1 0.0359375 0.475 0.06875 0.121875
2 0.2078125 0.34140625 0.203125 0.2951171875
2 0.3640625 0.3359375 0.2984375 0.2982421875
2 0.5109375 0.25546875 0.33203125 0.332421875
3 0.6609375 0.153125 0.2359375 0.2359375
2 0.89140625 0.765625 0.2171875 0.221875
0 0.19375 0.20546875 0.14765625 0.14765625
3 0.2734375 0.76640625 0.2125 0.15
3 0.9703125 0.36328125 0.059375 0.1109375
0 0.4390625 0.10546875 0.16015625 0.1603515625
3 0.896875 0.478125 0.115625 0.1158203125
2 0.90703125 0.265625 0.1859375 0.3
1 0.953125 0.19375 0.09375 0.11875
1 0.7421875 0.08359375 0.12578125 0.12578125
1 0.4328125 0.33046875 0.09140625 0.0912109375
2 0.5984375 0.3359375 0.2890625 0.2892578125
3 0.7453125 0.90859375 0.14609375 0.1462890625
3 0.590625 0.6359375 0.14375 0.1439453125