1 0.9296875 0.35859375 0.09375 0.16640625
1 0.378125 0.775 0.065625 0.11640625
0 0.02578125 0.503125 0.0515625 0.18359375
3 0.3015625 0.6390625 0.121875 0.21640625
1 0.9796875 0.6109375 0.040625 0.1609375
0 0.54375 0.3640625 0.1 0.178125
2 0.93984375 0.24453125 0.1203125 0.48359375
1 0.7828125 0.90859375 0.0875 0.15546875
3 0.3828125 0.2140625 0.1875 0.35
1 0.384375 0.61953125 0.065625 0.11640625
3 0.0796875 0.19140625 0.140625 0.25546875
1 0.98984375 0.76640625 0.0203125 0.15
2 0.8546875 0.7609375 0.1875 0.471875