3 0.621875 0.36640625 0.31875 0.728125
2 0.2328125 0.225 0.125 0.44453125
2 0.10859375 0.496875 0.2171875 0.328125
2 0.8546875 0.16953125 0.246875 0.33359375
2 0.00234375 0.73359375 0.0046875 0.528125
2 0.475 0.76640625 0.121875 0.3890625
3 0.3859375 0.46953125 0.25 0.33359375
0 0.0796875 0.746875 0.1375 0.24453125
0 0.3046875 0.20546875 0.0875 0.15546875
0 0.3109375 0.3359375 0.13125 0.23359375
0 0.02578125 0.0859375 0.0515625 0.16640625
1 0.5515625 0.21640625 0.08125 0.14453125
3 0.23125 0.61953125 0.140625 0.1
3 0.0765625 0.1359375 0.075 0.26640625
3 0.390625 0.18046875 0.2 0.35546875
3 0.03515625 0.4859375 0.0703125 0.1390625
1 0.628125 0.475 0.06875 0.121875
2 0.7078125 0.2140625 0.14375 0.29453125
3 0.021875 0.6359375 0.04375 0.1609375
0 0.23125 0.0890625 0.096875 0.171875
2 0.3109375 0.8859375 0.125 0.2109375
2 0.99453125 0.34140625 0.0109375 0.478125