0 0.9125 0.34140625 0.09375 0.16640625
1 0.0546875 0.35859375 0.09375 0.16640625
0 0.6828125 0.9140625 0.09375 0.16640625
1 0.2921875 0.346875 0.06875 0.121875
3 0.221875 0.821875 0.1875 0.35
1 0.1296875 0.6109375 0.090625 0.1609375
2 0.1328125 0.24453125 0.25625 0.48359375
1 0.6828125 0.35546875 0.0875 0.15546875
3 0.6078125 0.06953125 0.115625 0.0890625
0 0.6015625 0.60859375 0.125 0.221875
0 0.9125 0.20546875 0.0875 0.15546875
1 0.146875 0.76640625 0.084375 0.15
0 0.765625 0.48046875 0.103125 0.18359375
2 0.03671875 0.7609375 0.0734375 0.471875
2 0.6109375 0.246875 0.13125 0.4890625
3 0.83125 0.625 0.09375 0.178125
1 0.83125 0.34140625 0.08125 0.14453125
3 0.3703125 0.20859375 0.08125 0.06640625