0 0.6984375 0.11640625 0.128125 0.228125
0 0.96953125 0.3640625 0.0609375 0.23359375
2 0.30625 0.471875 0.1125 0.39453125
0 0.153125 0.353125 0.103125 0.18359375
3 0.3125 0.19140625 0.13125 0.10546875
2 0.7703125 0.5 0.09375 0.3109375
1 0.7671875 0.75546875 0.096875 0.171875
3 0.9703125 0.7640625 0.059375 0.2390625
2 0.628125 0.46953125 0.221875 0.5890625
3 0.5328125 0.8890625 0.14375 0.21640625
2 0.92890625 0.49453125 0.1421875 0.3890625
2 0.996875 0.1859375 0.00625 0.36640625
0 0.9296875 0.13046875 0.140625 0.25546875
1 0.3109375 0.8890625 0.09375 0.16640625
2 0.1421875 0.18359375 0.1875 0.3609375
2 0.3125 0.33359375 0.209375 0.3890625