0 0.4796875 0.621875 0.13125 0.2341796875
0 0.1578125 0.128125 0.1953125 0.1953125
0 0.471875 0.3609375 0.090625 0.159765625
3 0.05078125 0.1109375 0.1015625 0.2158203125
0 0.71875 0.33046875 0.18671875 0.18671875
0 0.5578125 0.10859375 0.11875 0.2109375
2 0.790625 0.3640625 0.240625 0.240625
2 0.3203125 0.625 0.353125 0.3533203125
0 0.240625 0.21953125 0.15625 0.15625
3 0.396875 0.20546875 0.071875 0.4048828125
3 0.09375 0.09453125 0.13359375 0.133984375
1 0.16875 0.63359375 0.12578125 0.12578125
2 0.8515625 0.34609375 0.296875 0.3109375
1 0.2359375 0.896875 0.1125 0.112890625