2 0.06796875 0.6140625 0.1359375 0.20546875
1 0.78125 0.2140625 0.078125 0.1390625
1 0.4515625 0.75859375 0.08125 0.14453125
2 0.84375 0.70546875 0.303125 0.58359375
3 0.9234375 0.221875 0.10625 0.4390625
2 0.93203125 0.60859375 0.1359375 0.228125
0 0.684375 0.88046875 0.13125 0.23359375
3 0.2265625 0.18046875 0.19375 0.35546875
3 0.9265625 0.48359375 0.121875 0.2
3 0.3828125 0.225 0.16875 0.3390625
1 0.6234375 0.6359375 0.071875 0.128125
0 0.5453125 0.46953125 0.125 0.221875
1 0.3859375 0.0859375 0.09375 0.16640625
0 0.765625 0.7609375 0.125 0.221875
3 0.690625 0.7609375 0.1875 0.16640625
0 0.3734375 0.3640625 0.10625 0.1890625
2 0.071875 0.1 0.14375 0.19453125
0 0.7 0.48046875 0.10625 0.1890625
3 0.4640625 0.153125 0.19375 0.3
3 0.15 0.20546875 0.24375 0.1609375
1 0.840625 0.05859375 0.0625 0.1109375