2 0.0859375 0.84140625 0.171875 0.3109375
1 0.40625 0.75859375 0.08125 0.14453125
3 0.3296875 0.20546875 0.109375 0.121875
3 0.25625 0.75859375 0.13125 0.128125
3 0.7984375 0.4859375 0.265625 0.18359375
1 0.7171875 0.903125 0.084375 0.15
1 0.5640625 0.478125 0.078125 0.1390625
2 0.80625 0.20859375 0.0875 0.228125
3 0.99609375 0.9 0.0078125 0.028125
1 0.1796875 0.76953125 0.08125 0.14453125
1 0.3359375 0.89453125 0.078125 0.1390625
3 0.415625 0.63359375 0.225 0.14453125
3 0.321875 0.6140625 0.2875 0.171875
0 0.096875 0.3390625 0.140625 0.25
3 0.97109375 0.60859375 0.0578125 0.1109375
1 0.3234375 0.35 0.084375 0.15
3 0.6421875 0.34140625 0.084375 0.1390625