0 0.8359375 0.75546875 0.146875 0.2609375
1 0.68125 0.3390625 0.090625 0.1609375
0 0.996875 0.8859375 0.00625 0.221875
0 0.5953125 0.13046875 0.14375 0.25546875
3 0.6703125 0.2359375 0.246875 0.46640625
1 0.596875 0.76640625 0.0875 0.15546875
2 0.828125 0.46953125 0.1125 0.4
1 0.91875 0.0859375 0.059375 0.10546875
0 0.753125 0.75 0.09375 0.16640625
0 0.8390625 0.203125 0.109375 0.19453125
3 0.4390625 0.4890625 0.109375 0.1890625
2 0.7609375 0.84140625 0.246875 0.3109375
3 0.5921875 0.9 0.090625 0.1609375