3 0.93203125 0.75234375 0.1359375 0.1859375
1 0.8171875 0.21640625 0.12578125 0.12578125
3 0.8171875 0.746875 0.1390625 0.1390625
0 0.35 0.875 0.1375 0.2439453125
0 0.5703125 0.34453125 0.20390625 0.20390625
0 0.3421875 0.08359375 0.12578125 0.12578125
1 0.184375 0.475 0.1046875 0.104296875
0 0.4171875 0.353125 0.15625 0.15625
0 0.2671875 0.771875 0.190625 0.1908203125
3 0.7375 0.89453125 0.12109375 0.1212890625
1 0.99609375 0.496875 0.0078125 0.15
1 0.3328125 0.61640625 0.09140625 0.091015625
2 0.88125 0.74921875 0.2375 0.2453125
3 0.7375 0.346875 0.259375 0.187890625
1 0.653125 0.61953125 0.0625 0.1109375