0 0.4859375 0.76640625 0.12578125 0.12578125
0 0.7140625 0.09140625 0.1390625 0.1390625
3 0.93046875 0.8859375 0.1390625 0.221875
2 0.93046875 0.478125 0.1390625 0.2560546875
3 0.4890625 0.63046875 0.075 0.166796875
2 0.98515625 0.76953125 0.0296875 0.228125
0 0.94140625 0.0828125 0.1171875 0.125
3 0.63125 0.33359375 0.20546875 0.20546875
2 0.8671875 0.33046875 0.078125 0.1609375
3 0.021875 0.215625 0.04375 0.0875
2 0.6453125 0.6359375 0.3609375 0.360546875
3 0.946875 0.20546875 0.10625 0.1609375
3 0.7984375 0.771875 0.2625 0.2626953125
0 0.7953125 0.103125 0.15625 0.15625
3 0.7171875 0.6359375 0.1640625 0.1640625
2 0.171875 0.2140625 0.2796875 0.2796875
3 0.8734375 0.64140625 0.125 0.2451171875