0 0.3140625 0.196875 0.13125 0.23359375
3 0.403125 0.2 0.225 0.39453125
1 0.01953125 0.471875 0.0390625 0.128125
2 0.7921875 0.49453125 0.271875 0.35546875
0 0.8703125 0.8859375 0.0875 0.15546875
2 0.7828125 0.778125 0.171875 0.25546875
3 0.8625 0.771875 0.153125 0.24453125
2 0.3296875 0.85 0.203125 0.29453125
1 0.8640625 0.0859375 0.09375 0.16640625
3 0.10390625 0.6359375 0.2078125 0.36640625
2 0.478125 0.2140625 0.240625 0.1890625
3 0.15625 0.35546875 0.065625 0.1390625
0 0.97265625 0.621875 0.0546875 0.2609375
0 0.940625 0.3359375 0.115625 0.20546875
0 0.559375 0.6390625 0.096875 0.171875
2 0.6265625 0.6359375 0.290625 0.571875
3 0.94453125 0.746875 0.1109375 0.178125
3 0.0421875 0.3640625 0.084375 0.2109375
2 0.0875 0.86640625 0.128125 0.2609375
1 0.31875 0.35 0.0625 0.1109375
2 0.075 0.26640625 0.15 0.528125
1 0.0953125 0.771875 0.06875 0.121875
1 0.7875 0.625 0.096875 0.171875
2 0.7859375 0.7890625 0.196875 0.41640625
2 0.5625 0.803125 0.30625 0.3890625
0 0.9390625 0.2109375 0.1125 0.2