3 0.7078125 0.753125 0.1125 0.28359375
1 0.5546875 0.21640625 0.090625 0.1609375
3 0.5546875 0.746875 0.078125 0.2
2 0.94765625 0.78046875 0.1046875 0.26640625
1 0.8578125 0.4859375 0.071875 0.128125
0 0.0875 0.875 0.1375 0.24453125
3 0.8671875 0.78046875 0.115625 0.20546875
0 0.3078125 0.34453125 0.146875 0.2609375
0 0.0796875 0.08359375 0.090625 0.1609375
0 0.1546875 0.353125 0.1125 0.2
0 0.03671875 0.771875 0.0734375 0.24453125
3 0.475 0.89453125 0.0875 0.15546875
1 0.771875 0.496875 0.084375 0.15
1 0.0703125 0.61640625 0.065625 0.11640625
2 0.6234375 0.75 0.190625 0.3
3 0.475 0.346875 0.259375 0.1890625
1 0.390625 0.61953125 0.0625 0.1109375
1 0.990625 0.35546875 0.01875 0.1109375