0 0.03671875 0.196875 0.0734375 0.23359375
3 0.1046875 0.2 0.209375 0.39453125
2 0.4859375 0.49453125 0.271875 0.35546875
0 0.5640625 0.8859375 0.0875 0.15546875
2 0.4765625 0.778125 0.171875 0.25546875
3 0.55625 0.771875 0.153125 0.24453125
2 0.0625 0.85 0.125 0.29453125
1 0.5578125 0.0859375 0.09375 0.16640625
2 0.94296875 0.84453125 0.1140625 0.30546875
0 0.98359375 0.33359375 0.0328125 0.24453125
1 0.99375 0.91953125 0.0125 0.15546875
2 0.171875 0.2140625 0.240625 0.1890625
0 0.7125 0.621875 0.146875 0.2609375
1 0.98828125 0.21953125 0.0234375 0.1609375
0 0.634375 0.3359375 0.115625 0.20546875
0 0.253125 0.6390625 0.096875 0.171875
2 0.3203125 0.6359375 0.290625 0.571875
3 0.6390625 0.746875 0.1125 0.178125
0 0.946875 0.4890625 0.10625 0.21640625
1 0.021875 0.35 0.04375 0.1109375
0 0.790625 0.90859375 0.096875 0.171875
1 0.48125 0.625 0.096875 0.171875
1 0.8796875 0.6109375 0.075 0.13359375
1 0.99609375 0.4859375 0.0078125 0.10546875
2 0.4796875 0.7890625 0.196875 0.41640625
2 0.25625 0.803125 0.30625 0.3890625
0 0.6328125 0.2109375 0.1125 0.2
3 0.7953125 0.1140625 0.090625 0.221875