1 0.2125 0.2140625 0.109375 0.108984375
2 0.275 0.70546875 0.44296875 0.443359375
3 0.3546875 0.221875 0.10625 0.43828125
2 0.4453125 0.60859375 0.2640625 0.2640625
0 0.115625 0.88046875 0.18203125 0.182421875
1 0.5890625 0.60859375 0.06875 0.121875
3 0.603125 0.21640625 0.109375 0.171875
3 0.3578125 0.48359375 0.1609375 0.1609375
2 0.828125 0.2140625 0.2796875 0.2796875
1 0.0546875 0.6359375 0.071875 0.128125
0 0.01953125 0.46953125 0.0390625 0.221875
0 0.196875 0.7609375 0.1734375 0.1734375
3 0.121875 0.7609375 0.1765625 0.1767578125
0 0.13125 0.48046875 0.14765625 0.14765625
1 0.271875 0.05859375 0.08671875 0.08671875