0 0.7609375 0.20859375 0.103125 0.183203125
0 0.1296875 0.621875 0.13125 0.2341796875
2 0.90625 0.625 0.1875 0.203125
3 0.8265625 0.753125 0.171875 0.1720703125
3 0.8296875 0.203125 0.084375 0.162109375
0 0.121875 0.3609375 0.125 0.125390625
0 0.8375 0.878125 0.1859375 0.186328125
0 0.36875 0.33046875 0.18671875 0.18671875
0 0.2078125 0.10859375 0.16484375 0.16484375
2 0.440625 0.3640625 0.240625 0.240625
1 0.95703125 0.61640625 0.0859375 0.1109375
2 0.08984375 0.62421875 0.1796875 0.2859375
0 0.7625 0.09453125 0.14296875 0.143359375
3 0.046875 0.20546875 0.071875 0.4048828125
2 0.509375 0.346875 0.3109375 0.3107421875
3 0.75 0.34453125 0.08125 0.194921875
1 0.90625 0.075 0.1125 0.1126953125