0 0.5296875 0.75546875 0.20390625 0.20390625
3 0.96796875 0.49921875 0.0640625 0.1234375
1 0.375 0.3390625 0.090625 0.159765625
0 0.75 0.8859375 0.1734375 0.1734375
2 0.8375 0.203125 0.2859375 0.2859375
0 0.2890625 0.13046875 0.19921875 0.199609375
3 0.3640625 0.2359375 0.35625 0.3564453125
3 0.94609375 0.3328125 0.1078125 0.121875
1 0.290625 0.76640625 0.12109375 0.1212890625
2 0.521875 0.46953125 0.25625 0.25625
0 0.834375 0.8890625 0.121875 0.2158203125
1 0.6125 0.0859375 0.0828125 0.082421875
0 0.446875 0.75 0.1296875 0.130078125
2 0.9140625 0.503125 0.146875 0.25
0 0.5328125 0.203125 0.1515625 0.1517578125
3 0.1328125 0.4890625 0.109375 0.190234375
2 0.4546875 0.84140625 0.27890625 0.27890625
3 0.2859375 0.9 0.1265625 0.126171875
1 0.971875 0.915625 0.05625 0.071875