3 0.790625 0.178125 0.21875 0.35
1 0.8703125 0.0890625 0.134375 0.134375
0 0.3328125 0.33046875 0.128125 0.228125
3 0.3265625 0.203125 0.2890625 0.28828125
2 0.7140625 0.24453125 0.35859375 0.358984375
3 0.93671875 0.14453125 0.1265625 0.2830078125
1 0.2484375 0.771875 0.090625 0.0908203125
0 0.415625 0.4859375 0.103125 0.1841796875
0 0.0046875 0.20859375 0.009375 0.233203125
3 0.95390625 0.8609375 0.0921875 0.271875
1 0.496875 0.75546875 0.078125 0.1390625
3 0.6515625 0.121875 0.1796875 0.18046875
0 0.93359375 0.4828125 0.1328125 0.159375