0 0.0203125 0.34140625 0.040625 0.16640625
1 0.865625 0.621875 0.075 0.13359375
1 0.4 0.20859375 0.0625 0.1109375
2 0.228125 0.61953125 0.19375 0.271875
1 0.8625 0.0859375 0.059375 0.10546875
2 0.7015625 0.6140625 0.115625 0.20546875
0 0.9328125 0.196875 0.109375 0.19453125
1 0.9859375 0.21640625 0.028125 0.14453125
2 0.303125 0.771875 0.078125 0.16640625
2 0.540625 0.6140625 0.134375 0.2890625
0 0.01875 0.20546875 0.0375 0.15546875
3 0.94140625 0.33359375 0.1171875 0.19453125
0 0.384375 0.75 0.134375 0.2390625
0 0.15 0.3640625 0.13125 0.23359375
0 0.621875 0.3640625 0.090625 0.1609375
0 0.9359375 0.625 0.1125 0.2
1 0.775 0.8859375 0.078125 0.1390625