0 0.7484375 0.75546875 0.20390625 0.20390625
1 0.59375 0.3390625 0.090625 0.16015625
0 0.953125 0.8859375 0.09375 0.221875
2 0.98515625 0.203125 0.0296875 0.4
0 0.5078125 0.13046875 0.19921875 0.1994140625
3 0.5828125 0.2359375 0.35625 0.356640625
1 0.509375 0.76640625 0.0875 0.1548828125
2 0.740625 0.46953125 0.25625 0.25625
0 0.96953125 0.88828125 0.0609375 0.1109375
1 0.83125 0.0859375 0.0828125 0.0826171875
0 0.665625 0.75 0.1296875 0.1298828125
0 0.7515625 0.203125 0.1515625 0.1517578125
3 0.3515625 0.4890625 0.15 0.149609375
2 0.6734375 0.84140625 0.27890625 0.27890625
3 0.5046875 0.9 0.1265625 0.126171875