0 0.40625 0.19140625 0.0875 0.1548828125
2 0.08515625 0.19921875 0.1703125 0.2234375
3 0.871875 0.20546875 0.2 0.2
1 0.6375 0.075 0.1125 0.112890625
1 0.9734375 0.50234375 0.053125 0.0890625
0 0.4078125 0.48046875 0.178125 0.178125
2 0.640625 0.625 0.1734375 0.173828125
1 0.5609375 0.475 0.06875 0.121875
2 0.25 0.275 0.40625 0.4064453125
2 0.7328125 0.34140625 0.24921875 0.248828125
2 0.8890625 0.3359375 0.140625 0.455859375
1 0.3296875 0.196875 0.09375 0.1658203125
2 0.9203125 0.2546875 0.159375 0.275
0 0.71875 0.20546875 0.14765625 0.14765625
3 0.7984375 0.76640625 0.18125 0.18125
0 0.953125 0.10546875 0.09375 0.205078125
3 0.09375 0.9140625 0.128125 0.128125
2 0.25625 0.8859375 0.190625 0.190625
0 0.184375 0.778125 0.1390625 0.1390625
2 0.1734375 0.21953125 0.19296875 0.19296875
1 0.95546875 0.3296875 0.0890625 0.090625