2 0.2328125 0.78046875 0.25859375 0.2583984375
3 0.690625 0.75 0.128125 0.128125
1 0.0703125 0.4859375 0.1 0.1
3 0.0796875 0.78046875 0.115625 0.205078125
3 0.96328125 0.46875 0.0734375 0.109375
1 0.6234375 0.6140625 0.1171875 0.1171875
1 0.4546875 0.63046875 0.078125 0.1390625
0 0.8453125 0.621875 0.1515625 0.1517578125
1 0.9859375 0.63046875 0.028125 0.15
1 0.921875 0.3609375 0.134375 0.134375
1 0.028125 0.49609375 0.05625 0.0890625
1 0.9296875 0.19140625 0.10390625 0.1041015625
1 0.6890625 0.4890625 0.134375 0.134375
2 0.621875 0.103125 0.128125 0.2
3 0.853125 0.35546875 0.28046875 0.280078125
0 0.465625 0.49140625 0.20390625 0.20390625
1 0.225 0.35546875 0.08671875 0.08671875