3 0.3140625 0.753125 0.1125 0.28359375
1 0.1609375 0.21640625 0.090625 0.1609375
3 0.1609375 0.746875 0.078125 0.2
2 0.6265625 0.78046875 0.25 0.26640625
1 0.4640625 0.4859375 0.071875 0.128125
3 0.4734375 0.78046875 0.115625 0.20546875
1 0.9875 0.6140625 0.025 0.15
3 0.08125 0.89453125 0.0875 0.15546875
1 0.8484375 0.63046875 0.078125 0.1390625
1 0.378125 0.496875 0.084375 0.15
2 0.2296875 0.75 0.190625 0.3
2 0.97578125 0.103125 0.0484375 0.2
0 0.859375 0.49140625 0.146875 0.2609375
3 0.10546875 0.346875 0.2109375 0.1890625
1 0.0140625 0.61953125 0.028125 0.1109375
1 0.61875 0.35546875 0.0625 0.1109375