1 0.23125 0.225 0.1046875 0.104296875
3 0.08203125 0.2078125 0.1640625 0.184375
0 0.5546875 0.353125 0.096875 0.171875
3 0.97109375 0.36015625 0.0578125 0.0890625
0 0.03359375 0.49609375 0.0671875 0.1296875
3 0.8609375 0.2 0.159375 0.1158203125
3 0.63125 0.896875 0.121875 0.121484375
2 0.00234375 0.16640625 0.0046875 0.328125
3 0.97578125 0.6140625 0.0484375 0.23984375
1 0.03046875 0.35 0.0609375 0.08125
2 0.55 0.503125 0.20625 0.205859375
2 0.134375 0.4859375 0.26875 0.353125
3 0.8625 0.753125 0.196875 0.305859375