3 0.053125 0.9109375 0.10625 0.128125
0 0.0390625 0.87734375 0.078125 0.1328125
1 0.9578125 0.33828125 0.084375 0.1078125
0 0.90078125 0.1296875 0.1984375 0.2
0 0.04453125 0.49453125 0.0890625 0.1890625
3 0.88671875 0.23515625 0.2265625 0.3078125
1 0.903125 0.76640625 0.12109375 0.1212890625
2 0.10234375 0.14140625 0.2046875 0.2296875
3 0.1203125 0.11640625 0.1375 0.228125
1 0.115625 0.4890625 0.071875 0.128125
3 0.7453125 0.4890625 0.15 0.149609375
0 0.003125 0.35546875 0.00625 0.166796875
2 0.971875 0.84140625 0.05625 0.3109375
3 0.8984375 0.9 0.090625 0.16171875