3 0.05390625 0.753125 0.1078125 0.283984375
2 0.3640625 0.78046875 0.25859375 0.2583984375
3 0.821875 0.75 0.128125 0.128125
1 0.2015625 0.4859375 0.071875 0.128125
3 0.2109375 0.78046875 0.16015625 0.160546875
1 0.7546875 0.6140625 0.084375 0.15
1 0.5859375 0.63046875 0.078125 0.1390625
0 0.9609375 0.621875 0.078125 0.1939453125
1 0.115625 0.496875 0.084375 0.15
1 0.8203125 0.4890625 0.134375 0.134375
2 0.03125 0.75 0.0625 0.3
2 0.753125 0.103125 0.1640625 0.1640625
3 0.91171875 0.3546875 0.1765625 0.240625
0 0.596875 0.49140625 0.20390625 0.20390625
1 0.35625 0.35546875 0.08671875 0.08671875