1 0.7546875 0.35859375 0.13046875 0.1302734375
1 0.96875 0.34609375 0.0625 0.0828125
3 0.9140625 0.821875 0.171875 0.35
1 0.203125 0.775 0.090625 0.0908203125
3 0.1265625 0.6390625 0.16875 0.1689453125
1 0.8296875 0.6109375 0.125 0.12578125
0 0.36875 0.3640625 0.1 0.178125
2 0.8234375 0.24375 0.353125 0.36875
1 0.6078125 0.90859375 0.12109375 0.1212890625
3 0.2078125 0.2140625 0.26875 0.26875
1 0.209375 0.61953125 0.09140625 0.0912109375
1 0.846875 0.76640625 0.084375 0.15
2 0.6796875 0.7609375 0.1875 0.471875