0 0.3109375 0.75546875 0.20390625 0.20390625
3 0.8625 0.5 0.16875 0.2439453125
0 0.8484375 0.35859375 0.109375 0.1951171875
1 0.15625 0.3390625 0.090625 0.159765625
2 0.94609375 0.79921875 0.1078125 0.2046875
0 0.53125 0.8859375 0.1734375 0.1734375
2 0.98046875 0.6140625 0.0390625 0.278125
2 0.61875 0.203125 0.171875 0.4
0 0.08515625 0.1296875 0.1703125 0.2
3 0.16171875 0.23515625 0.3234375 0.3578125
3 0.7671875 0.33359375 0.15625 0.15
1 0.071875 0.76640625 0.0875 0.1548828125
2 0.303125 0.46953125 0.1125 0.4
0 0.615625 0.8890625 0.16875 0.169140625
1 0.39375 0.0859375 0.0828125 0.0826171875
3 0.915625 0.13828125 0.16875 0.1828125
0 0.228125 0.75 0.1296875 0.1298828125
2 0.6953125 0.503125 0.1984375 0.1984375
0 0.3140625 0.203125 0.109375 0.1939453125
2 0.2359375 0.84140625 0.27890625 0.27890625
3 0.0671875 0.9 0.1265625 0.126171875
1 0.771875 0.91640625 0.059375 0.1048828125