0 0.4796875 0.11640625 0.128125 0.228125
0 0.7859375 0.3640625 0.13125 0.23359375
2 0.0875 0.471875 0.1125 0.39453125
3 0.09375 0.19140625 0.13125 0.10546875
2 0.5515625 0.5 0.09375 0.3109375
1 0.5484375 0.75546875 0.096875 0.171875
3 0.7875 0.7640625 0.13125 0.2390625
2 0.409375 0.46953125 0.221875 0.5890625
3 0.3140625 0.8890625 0.14375 0.21640625
2 0.81953125 0.49453125 0.3609375 0.3890625
2 0.8625 0.1859375 0.175 0.36640625
0 0.7125 0.13046875 0.14375 0.25546875
3 0.86875 0.3609375 0.121875 0.21640625
1 0.0921875 0.8890625 0.09375 0.16640625
2 0.00859375 0.18359375 0.0171875 0.3609375
2 0.09921875 0.33359375 0.1984375 0.3890625