3 0.20625 0.5 0.20625 0.206640625
0 0.1921875 0.35859375 0.15234375 0.151953125
2 0.91171875 0.22421875 0.1765625 0.2640625
2 0.821875 0.496875 0.303125 0.303125
2 0.425 0.8 0.1875 0.394140625
2 0.6671875 0.73359375 0.3453125 0.3453125
2 0.4375 0.6140625 0.271875 0.271875
2 0.02421875 0.203125 0.0484375 0.4
1 0.5015625 0.48046875 0.09375 0.1669921875
0 0.8234375 0.746875 0.1375 0.2439453125
3 0.1109375 0.33359375 0.15625 0.15
3 0.6625 0.4890625 0.078125 0.1658203125
0 0.96640625 0.33515625 0.0671875 0.1234375
0 0.5859375 0.34453125 0.12109375 0.1212890625
0 0.034375 0.88828125 0.06875 0.1171875
3 0.2671875 0.1390625 0.1828125 0.1828125
0 0.6734375 0.621875 0.1265625 0.126171875
2 0.0734375 0.503125 0.146875 0.18125
0 0.7484375 0.0859375 0.09375 0.1658203125
1 0.5921875 0.75 0.0875 0.1560546875
3 0.95234375 0.61953125 0.0953125 0.1
3 0.8203125 0.1359375 0.1703125 0.1705078125
3 0.7375 0.4859375 0.146875 0.146484375
2 0.6671875 0.34453125 0.128125 0.178125
1 0.115625 0.91640625 0.08203125 0.082421875
3 0.7453125 0.6359375 0.084375 0.159765625
0 0.95078125 0.08828125 0.0984375 0.1234375
2 0.9703125 0.88515625 0.059375 0.1078125