1 0.153125 0.33359375 0.0625 0.1109375
0 0.8578125 0.128125 0.1953125 0.1953125
1 0.1609375 0.90546875 0.084375 0.15
3 0.71875 0.1109375 0.165625 0.216015625
1 0.3234375 0.35546875 0.13046875 0.1302734375
2 0.3140625 0.30546875 0.37578125 0.3759765625
1 0.5546875 0.7640625 0.125 0.12578125
3 0.621875 0.35859375 0.059375 0.1048828125
2 0.90546875 0.62421875 0.1890625 0.2890625
2 0.096875 0.3390625 0.19375 0.2125
0 0.93125 0.21875 0.1375 0.15625
0 0.2328125 0.20859375 0.14296875 0.1431640625
2 0.48125 0.225 0.24375 0.3939453125
3 0.79375 0.09453125 0.084375 0.1830078125
0 0.0890625 0.19921875 0.178125 0.1953125
1 0.86875 0.63359375 0.12578125 0.12578125
1 0.9359375 0.896875 0.1125 0.1126953125