0 0.06171875 0.7546875 0.1234375 0.16875
3 0.55625 0.5 0.20625 0.2064453125
0 0.5421875 0.35859375 0.109375 0.1951171875
2 0.775 0.8 0.1875 0.3939453125
2 0.96796875 0.73359375 0.0640625 0.528125
0 0.225 0.8859375 0.1734375 0.1734375
2 0.7875 0.6140625 0.265625 0.278125
2 0.3125 0.203125 0.2859375 0.2859375
1 0.8515625 0.48046875 0.13046875 0.1302734375
3 0.4609375 0.33359375 0.15625 0.15
3 0.98671875 0.4890625 0.0265625 0.1658203125
2 0.06953125 0.46953125 0.1390625 0.2265625
0 0.9359375 0.34453125 0.0875 0.1548828125
0 0.309375 0.8890625 0.121875 0.2158203125
1 0.0875 0.0859375 0.059375 0.105859375
3 0.6171875 0.1390625 0.1828125 0.1828125
0 0.97109375 0.62109375 0.0578125 0.0921875
2 0.3890625 0.503125 0.1984375 0.1984375
1 0.9421875 0.75 0.0875 0.1560546875
0 0.03125 0.203125 0.0625 0.194140625
2 0.05859375 0.840625 0.1171875 0.18125
2 0.96015625 0.34375 0.0796875 0.1125
1 0.465625 0.91640625 0.08203125 0.082421875