0 0.58125 0.19140625 0.0875 0.155078125
2 0.1890625 0.2 0.203125 0.3341796875
3 0.9859375 0.20546875 0.028125 0.25
1 0.8125 0.075 0.08125 0.1439453125
0 0.5828125 0.48046875 0.178125 0.178125
2 0.815625 0.625 0.159375 0.187890625
1 0.7359375 0.475 0.06875 0.121875
2 0.425 0.275 0.26875 0.544140625
2 0.903125 0.34140625 0.19375 0.294921875
2 0.940625 0.33515625 0.11875 0.2296875
1 0.5046875 0.196875 0.09375 0.166015625
0 0.109375 0.1109375 0.121875 0.216015625
0 0.89375 0.20546875 0.14765625 0.14765625
3 0.93125 0.765625 0.1375 0.140625
1 0.125 0.625 0.059375 0.1060546875
3 0.26875 0.9140625 0.134375 0.121875
2 0.43125 0.8859375 0.23125 0.15
0 0.359375 0.778125 0.1390625 0.1390625
2 0.3484375 0.21953125 0.19296875 0.19296875
1 0.125 0.2 0.0625 0.112109375
1 0.128125 0.903125 0.0875 0.1560546875
2 0.05390625 0.615625 0.1078125 0.121875