1 0.15625 0.503125 0.096875 0.171875
0 0.875 0.875 0.1375 0.24453125
0 0.00078125 0.7609375 0.0015625 0.23359375
0 0.8671875 0.08359375 0.090625 0.1609375
1 0.709375 0.475 0.075 0.13359375
2 0.1171875 0.496875 0.234375 0.9890625
2 0.08125 0.3609375 0.146875 0.35546875
0 0.9421875 0.353125 0.1125 0.2
0 0.0375 0.49140625 0.075 0.2609375
0 0.7921875 0.771875 0.1375 0.24453125
3 0.1703125 0.85 0.11875 0.29453125
2 0.1609375 0.74140625 0.228125 0.5109375
1 0.8578125 0.61640625 0.065625 0.11640625
3 0.3109375 0.86640625 0.375 0.2609375