0 0.49375 0.19140625 0.0875 0.1548828125
2 0.11796875 0.19921875 0.2359375 0.2671875
3 0.925 0.20546875 0.15 0.1828125
1 0.725 0.075 0.1125 0.1126953125
0 0.4953125 0.48046875 0.128125 0.228125
2 0.728125 0.625 0.1734375 0.173828125
1 0.6484375 0.475 0.0953125 0.0953125
2 0.3375 0.275 0.40625 0.4064453125
2 0.8203125 0.34140625 0.203125 0.2951171875
2 0.9078125 0.33515625 0.184375 0.2734375
1 0.4171875 0.196875 0.1296875 0.130078125
0 0.0578125 0.11015625 0.115625 0.1484375
0 0.80625 0.20546875 0.14765625 0.14765625
3 0.8859375 0.76640625 0.18125 0.18125
0 0.971875 0.1046875 0.05625 0.10625
1 0.0375 0.625 0.059375 0.1060546875
3 0.18125 0.9140625 0.128125 0.128125
2 0.34375 0.8859375 0.190625 0.190625
0 0.271875 0.778125 0.1390625 0.1390625
2 0.2609375 0.21953125 0.19296875 0.19296875
1 0.0375 0.2 0.0625 0.112109375
1 0.05078125 0.90234375 0.1015625 0.1203125
2 0.003125 0.61640625 0.00625 0.15