0 0.8296875 0.621875 0.1828125 0.1826171875
0 0.5078125 0.128125 0.1953125 0.1953125
0 0.821875 0.3609375 0.090625 0.159765625
3 0.36875 0.1109375 0.190625 0.1908203125
1 0.01015625 0.35546875 0.0203125 0.1669921875
2 0.0890625 0.3046875 0.178125 0.321875
0 0.9078125 0.10859375 0.11875 0.2109375
1 0.2046875 0.7640625 0.125 0.125390625
3 0.271875 0.35859375 0.059375 0.105078125
2 0.6703125 0.625 0.353125 0.3533203125
0 0.590625 0.21953125 0.1125 0.2
2 0.1453125 0.22421875 0.290625 0.3203125
3 0.746875 0.20546875 0.23828125 0.2384765625
3 0.44375 0.09453125 0.13359375 0.1337890625
1 0.51875 0.63359375 0.12578125 0.12578125
1 0.5859375 0.896875 0.1125 0.112890625