0 0.05625 0.19140625 0.0875 0.15546875
3 0.521875 0.20546875 0.15 0.25
1 0.2875 0.075 0.08125 0.14453125
1 0.6796875 0.503125 0.090625 0.1609375
0 0.0609375 0.48046875 0.121875 0.228125
2 0.290625 0.625 0.159375 0.1890625
1 0.2109375 0.475 0.06875 0.121875
2 0.0171875 0.275 0.034375 0.54453125
2 0.3828125 0.34140625 0.203125 0.29453125
2 0.5390625 0.3359375 0.140625 0.45546875
1 0.01328125 0.196875 0.0265625 0.16640625
2 0.6859375 0.25546875 0.159375 0.50546875
3 0.8359375 0.153125 0.171875 0.3
0 0.36875 0.20546875 0.10625 0.1890625
3 0.4484375 0.76640625 0.2125 0.15
0 0.6140625 0.10546875 0.115625 0.20546875
2 0.0109375 0.8859375 0.021875 0.15
1 0.9171875 0.08359375 0.090625 0.1609375
1 0.6078125 0.33046875 0.065625 0.11640625
2 0.7734375 0.3359375 0.134375 0.44453125
3 0.9203125 0.90859375 0.1375 0.15546875
3 0.765625 0.6359375 0.071875 0.21640625