0 0.7921875 0.76640625 0.090625 0.1609375
0 0.98515625 0.09140625 0.0296875 0.178125
2 0.03828125 0.70546875 0.0765625 0.58359375
3 0.02890625 0.221875 0.0578125 0.4390625
2 0.12265625 0.60859375 0.2453125 0.228125
1 0.2390625 0.60859375 0.06875 0.121875
3 0.7953125 0.63046875 0.075 0.16640625
3 0.91875 0.33359375 0.1625 0.2109375
3 0.253125 0.21640625 0.109375 0.171875
2 0.94296875 0.6359375 0.1140625 0.5890625
3 0.99453125 0.771875 0.0109375 0.29453125
3 0.034375 0.48359375 0.06875 0.2
3 0.99765625 0.6359375 0.0046875 0.271875
2 0.478125 0.2140625 0.1375 0.421875