1 0.7421875 0.49453125 0.09375 0.16640625
3 0.5015625 0.20859375 0.128125 0.21640625
1 0.5078125 0.49140625 0.065625 0.11640625
0 0.04609375 0.8859375 0.0921875 0.21640625
2 0.5859375 0.228125 0.11875 0.45
0 0.99921875 0.503125 0.0015625 0.18359375
2 0.059375 0.496875 0.11875 0.18359375
3 0.7390625 0.08359375 0.09375 0.1609375
1 0.415625 0.775 0.08125 0.14453125
3 0.9625 0.771875 0.0375 0.16640625
2 0.890625 0.75546875 0.1 0.3609375
0 0.725 0.225 0.096875 0.171875
1 0.5734375 0.61953125 0.0875 0.15546875
0 0.265625 0.3609375 0.140625 0.25
3 0.1125 0.76953125 0.15 0.2609375
2 0.94765625 0.228125 0.1046875 0.45
0 0.3359375 0.503125 0.10625 0.1890625