3 0.425 0.5 0.20625 0.2064453125
0 0.4109375 0.35859375 0.15234375 0.1521484375
2 0.921875 0.49609375 0.15625 0.2140625
2 0.64375 0.8 0.290625 0.2908203125
2 0.85625 0.73359375 0.2875 0.3453125
0 0.09375 0.8859375 0.125 0.221875
2 0.65625 0.6140625 0.271875 0.271875
2 0.18125 0.203125 0.171875 0.4
1 0.7203125 0.48046875 0.13046875 0.1302734375
0 0.959375 0.74609375 0.08125 0.1359375
3 0.3296875 0.33359375 0.153125 0.153125
3 0.88125 0.4890625 0.078125 0.1658203125
0 0.8046875 0.34453125 0.0875 0.1548828125
0 0.178125 0.8890625 0.121875 0.2158203125
3 0.4859375 0.1390625 0.1828125 0.1828125
0 0.8921875 0.621875 0.1265625 0.126171875
2 0.2578125 0.503125 0.1984375 0.1984375
0 0.94921875 0.08515625 0.1015625 0.1234375
1 0.8109375 0.75 0.0875 0.155859375
3 0.93984375 0.4859375 0.1203125 0.140234375
2 0.8859375 0.34453125 0.153125 0.153125
1 0.334375 0.91640625 0.08203125 0.0822265625
3 0.95078125 0.63515625 0.0984375 0.1203125