3 0.521875 0.503125 0.1125 0.1126953125
0 0.6078125 0.503125 0.1296875 0.1298828125
2 0.94375 0.19921875 0.1125 0.1859375
3 0.4375 0.353125 0.28125 0.2814453125
2 0.0609375 0.50234375 0.121875 0.1578125
0 0.96171875 0.1109375 0.0765625 0.2158203125
0 0.45625 0.20546875 0.16953125 0.1693359375
3 0.5171875 0.90546875 0.084375 0.1330078125
0 0.3671875 0.7609375 0.15625 0.15625
3 0.75625 0.75 0.2 0.2
2 0.134375 0.34453125 0.153125 0.371875
1 0.98515625 0.625 0.0296875 0.1060546875
3 0.1421875 0.478125 0.2265625 0.2267578125
1 0.97421875 0.19921875 0.0515625 0.0703125
0 0.3765625 0.89453125 0.16015625 0.160546875
3 0.7578125 0.49140625 0.12109375 0.1212890625
1 0.9796875 0.903125 0.040625 0.155859375
2 0.90625 0.61640625 0.1375 0.1375