3 0.7078125 0.753125 0.1984375 0.1982421875
1 0.5546875 0.21640625 0.12578125 0.12578125
3 0.5546875 0.746875 0.1390625 0.1390625
2 0.92734375 0.7796875 0.1453125 0.184375
1 0.8578125 0.4859375 0.1 0.1
0 0.09140625 0.87421875 0.1828125 0.1921875
3 0.8671875 0.78046875 0.115625 0.2048828125
0 0.3078125 0.34453125 0.20390625 0.20390625
0 0.0796875 0.08359375 0.12578125 0.12578125
0 0.1546875 0.353125 0.1125 0.2
0 0.03671875 0.771875 0.0734375 0.244140625
3 0.475 0.89453125 0.0875 0.1548828125
1 0.771875 0.496875 0.1171875 0.1171875
1 0.0703125 0.61640625 0.09140625 0.091015625
2 0.6234375 0.75 0.2453125 0.2453125
3 0.475 0.346875 0.2234375 0.22421875
1 0.390625 0.61953125 0.08671875 0.08671875
1 0.97890625 0.3546875 0.0421875 0.065625