0 0.0515625 0.11640625 0.103125 0.1453125
0 0.3046875 0.3640625 0.1828125 0.1826171875
0 0.7875 0.346875 0.1609375 0.1607421875
2 0.0859375 0.49921875 0.171875 0.2015625
0 0.9265625 0.48515625 0.146875 0.1640625
1 0.0671875 0.75546875 0.134375 0.134375
3 0.30625 0.7640625 0.1859375 0.185546875
2 0.08828125 0.46953125 0.1765625 0.3140625
2 0.3796875 0.49453125 0.41640625 0.41640625
2 0.38125 0.1859375 0.2703125 0.2705078125
0 0.23125 0.13046875 0.19921875 0.199609375
3 0.3875 0.3609375 0.16875 0.1689453125