2 0.7671875 0.19140625 0.203125 0.2830078125
3 0.1453125 0.128125 0.05 0.25
0 0.446875 0.6109375 0.2 0.199609375
1 0.0703125 0.628125 0.090625 0.162109375
1 0.9234375 0.628125 0.1296875 0.1298828125
3 0.5421875 0.75859375 0.1375 0.1375
0 0.7671875 0.63046875 0.16015625 0.1603515625
0 0.7734375 0.09140625 0.1 0.178125
0 0.0796875 0.1296875 0.159375 0.190625
3 0.453125 0.19453125 0.29609375 0.2962890625
2 0.015625 0.64140625 0.03125 0.478125
3 0.94921875 0.796875 0.1015625 0.4
2 0.08125 0.8390625 0.1625 0.3158203125
1 0.5359375 0.33046875 0.09140625 0.0912109375
2 0.6828125 0.3609375 0.203125 0.20390625
3 0.68125 0.88046875 0.17734375 0.1775390625
1 0.065625 0.35859375 0.09140625 0.091015625