1 0.58125 0.225 0.075 0.13359375
3 0.35 0.20859375 0.290625 0.221875
0 0.9046875 0.353125 0.096875 0.171875
2 0.115625 0.84453125 0.121875 0.30546875
0 0.2046875 0.33359375 0.1375 0.24453125
1 0.2 0.91953125 0.0875 0.15546875
0 0.2828125 0.496875 0.14375 0.25546875
1 0.190625 0.21953125 0.090625 0.1609375
0 0.1234375 0.4890625 0.121875 0.21640625
3 0.9703125 0.896875 0.059375 0.1609375
2 0.284375 0.16640625 0.140625 0.328125
0 0.00390625 0.90859375 0.0078125 0.171875
1 0.35625 0.35 0.06875 0.121875
1 0.0484375 0.6109375 0.075 0.13359375
1 0.190625 0.4859375 0.059375 0.10546875
3 0.0046875 0.1140625 0.009375 0.221875
2 0.9 0.503125 0.2 0.2109375
2 0.440625 0.4859375 0.1875 0.521875