0 0.7265625 0.871875 0.140625 0.25
2 0.04453125 0.496875 0.0890625 0.378125
2 0.184375 0.2 0.165625 0.2390625
3 0.3390625 0.2140625 0.0875 0.228125
2 0.8890625 0.35546875 0.221875 0.2109375
3 0.578125 0.503125 0.06875 0.321875
2 0.0390625 0.35 0.078125 0.478125
2 0.1875 0.80546875 0.1375 0.38359375
2 0.94296875 0.353125 0.1140625 0.24453125
1 0.7328125 0.3640625 0.071875 0.128125
1 0.7296875 0.225 0.06875 0.121875
3 0.409375 0.0859375 0.103125 0.1609375
0 0.259375 0.35 0.128125 0.228125
1 0.7984375 0.08359375 0.0875 0.15546875
0 0.8890625 0.76640625 0.096875 0.171875
3 0.175 0.48046875 0.159375 0.271875
2 0.00625 0.64140625 0.0125 0.3390625
2 0.99375 0.475 0.0125 0.58359375