0 0.0609375 0.20859375 0.103125 0.18359375
2 0.9078125 0.75 0.128125 0.16640625
2 0.2140625 0.625 0.10625 0.3
3 0.1265625 0.753125 0.128125 0.21640625
3 0.1296875 0.203125 0.084375 0.1609375
2 0.97265625 0.196875 0.0546875 0.3890625
2 0.51875 0.75859375 0.2125 0.40546875
3 0.5125 0.63046875 0.06875 0.128125
0 0.1375 0.878125 0.134375 0.2390625
3 0.4359375 0.20859375 0.2 0.29453125
1 0.284375 0.61640625 0.090625 0.1609375
2 0.53125 0.4890625 0.140625 0.28359375
0 0.0625 0.09453125 0.103125 0.18359375
2 0.5953125 0.6140625 0.159375 0.21640625
3 0.9140625 0.61953125 0.134375 0.2109375
3 0.05 0.34453125 0.08125 0.19453125
1 0.20625 0.075 0.08125 0.14453125