0 0.7515625 0.76953125 0.12578125 0.12578125
1 0.446875 0.0640625 0.090625 0.0908203125
0 0.0546875 0.896875 0.109375 0.2
0 0.8359375 0.203125 0.178125 0.178125
3 0.9484375 0.88515625 0.103125 0.1421875
1 0.3578125 0.896875 0.0953125 0.0953125
0 0.9171875 0.34453125 0.16015625 0.1603515625
1 0.215625 0.771875 0.1 0.1
3 0.5296875 0.496875 0.165625 0.165234375
1 0.9546875 0.62421875 0.090625 0.1140625
2 0.2875 0.775 0.215625 0.321875
3 0.3625 0.6140625 0.165625 0.165625
1 0.215625 0.19453125 0.09375 0.1669921875
0 0.828125 0.4859375 0.096875 0.171875
0 0.9640625 0.34140625 0.071875 0.2330078125