0 0.2015625 0.871875 0.140625 0.25
2 0.3671875 0.35546875 0.228125 0.2109375
2 0.74375 0.478125 0.3265625 0.3267578125
2 0.9453125 0.6328125 0.109375 0.203125
3 0.075 0.50234375 0.15 0.1953125
2 0.97421875 0.14453125 0.0515625 0.2830078125
2 0.896875 0.775 0.115625 0.221875
1 0.8203125 0.0890625 0.096875 0.171875
2 0.759375 0.35 0.45625 0.456640625
3 0.9375 0.21640625 0.125 0.4109375
0 0.8234375 0.75859375 0.20390625 0.20390625
2 0.4296875 0.353125 0.190625 0.1908203125
1 0.2078125 0.3640625 0.1 0.1
1 0.2046875 0.225 0.0953125 0.0953125
1 0.2734375 0.08359375 0.0875 0.155078125
0 0.3640625 0.76640625 0.096875 0.171875
2 0.5953125 0.475 0.265625 0.5841796875