3 0.5359375 0.90546875 0.16171875 0.1619140625
3 0.309375 0.771875 0.1515625 0.1517578125
0 0.92421875 0.76015625 0.1515625 0.1796875
2 0.1609375 0.61640625 0.1375 0.2169921875
2 0.846875 0.49609375 0.30625 0.5328125
2 0.703125 0.3640625 0.153125 0.271875
0 0.9421875 0.490625 0.115625 0.1625
0 0.384375 0.49140625 0.1953125 0.1953125
1 0.3140625 0.621875 0.078125 0.13828125
0 0.8515625 0.353125 0.10625 0.18828125
2 0.628125 0.18046875 0.31171875 0.3119140625
2 0.8625 0.63359375 0.1578125 0.1578125
1 0.15 0.771875 0.096875 0.171875
3 0.05390625 0.796875 0.1078125 0.4
2 0.3015625 0.1 0.115625 0.194140625
1 0.4671875 0.6390625 0.08125 0.144140625
1 0.2359375 0.3640625 0.1046875 0.104296875
2 0.3890625 0.296875 0.425 0.425390625