3 0.98125 0.503125 0.0375 0.1439453125
0 0.1421875 0.33359375 0.1953125 0.1953125
3 0.88671875 0.35234375 0.2265625 0.2734375
3 0.04453125 0.8859375 0.0890625 0.221875
2 0.2171875 0.771875 0.165625 0.1658203125
2 0.04921875 0.478125 0.0984375 0.2560546875
2 0.4515625 0.503125 0.23125 0.230859375
2 0.0625 0.76953125 0.109375 0.228125
0 0.03125 0.08359375 0.0625 0.0953125
0 0.92578125 0.2046875 0.1484375 0.16875
3 0.071875 0.20546875 0.14375 0.271875
3 0.96640625 0.9046875 0.0671875 0.0875
0 0.8484375 0.7609375 0.15625 0.15625
2 0.615625 0.34453125 0.153125 0.371875
3 0.6234375 0.478125 0.2265625 0.2267578125
0 0.2171875 0.2140625 0.146875 0.26015625
2 0.2265625 0.14140625 0.2375 0.2375
0 0.8578125 0.89453125 0.16015625 0.160546875
3 0.3015625 0.3390625 0.171875 0.190234375