2 0.5046875 0.19140625 0.203125 0.283203125
0 0.184375 0.6109375 0.2 0.199609375
3 0.975 0.77109375 0.05 0.0984375
2 0.9046875 0.61640625 0.1375 0.216796875
1 0.6609375 0.628125 0.1296875 0.130078125
3 0.2796875 0.75859375 0.1375 0.1375
0 0.5046875 0.63046875 0.115625 0.205078125
0 0.5109375 0.09140625 0.1390625 0.1390625
3 0.190625 0.19453125 0.29609375 0.2962890625
1 0.89375 0.771875 0.134375 0.134375
3 0.74375 0.796875 0.3078125 0.3078125
1 0.2734375 0.33046875 0.09140625 0.091015625
2 0.97109375 0.09921875 0.0578125 0.1046875
2 0.4203125 0.3609375 0.203125 0.203515625
3 0.41875 0.88046875 0.121875 0.2330078125
1 0.9609375 0.36328125 0.078125 0.0953125