0 0.659375 0.0859375 0.1296875 0.1298828125
1 0.0375 0.34921875 0.075 0.0828125
0 0.9515625 0.61640625 0.096875 0.1234375
0 0.1203125 0.471875 0.2 0.1998046875
2 0.115625 0.771875 0.2234375 0.2234375
3 0.278125 0.7609375 0.1390625 0.1390625
3 0.95234375 0.8859375 0.0953125 0.221875
0 0.65625 0.871875 0.1953125 0.1953125
0 0.2046875 0.903125 0.134375 0.134375
0 0.7484375 0.771875 0.11875 0.212109375
0 0.1265625 0.61640625 0.1390625 0.1390625
3 0.19375 0.503125 0.25625 0.25625
0 0.028125 0.9046875 0.05625 0.1
3 0.05859375 0.1359375 0.1171875 0.2658203125
3 0.5078125 0.19453125 0.20234375 0.202734375
0 0.4359375 0.9 0.090625 0.16171875