0 0.5234375 0.621875 0.13125 0.2341796875
0 0.2015625 0.128125 0.140625 0.25
0 0.515625 0.3609375 0.125 0.125390625
3 0.08125 0.11015625 0.1625 0.1796875
0 0.7625 0.33046875 0.134375 0.2390625
0 0.6015625 0.10859375 0.16484375 0.16484375
2 0.834375 0.3640625 0.240625 0.240625
2 0.3640625 0.625 0.2125 0.4939453125
0 0.284375 0.21953125 0.15625 0.15625
3 0.440625 0.20546875 0.23828125 0.2384765625
3 0.1375 0.09453125 0.084375 0.1830078125
1 0.2125 0.63359375 0.12578125 0.12578125
2 0.8734375 0.34609375 0.253125 0.3109375
1 0.2796875 0.896875 0.1125 0.1126953125