2 0.4671875 0.496875 0.3359375 0.3359375
2 0.709375 0.2 0.2015625 0.201953125
3 0.8640625 0.2140625 0.1578125 0.1578125
2 0.39375 0.88046875 0.10625 0.233203125
2 0.478125 0.35 0.3640625 0.3640625
0 0.02421875 0.8859375 0.0484375 0.171875
2 0.7125 0.80546875 0.1375 0.3830078125
2 0.3984375 0.36953125 0.45390625 0.454296875
3 0.934375 0.0859375 0.13125 0.131640625
0 0.784375 0.35 0.178125 0.178125
0 0.0734375 0.8890625 0.11875 0.21015625
3 0.0828125 0.34453125 0.09921875 0.098828125
3 0.07734375 0.77421875 0.1546875 0.2171875
2 0.24375 0.49140625 0.11875 0.4109375
3 0.7 0.48046875 0.159375 0.271875
2 0.4734375 0.64140625 0.23359375 0.23359375
3 0.39375 0.75546875 0.13125 0.144921875