2 0.1546875 0.19140625 0.24296875 0.2431640625
3 0.92421875 0.9046875 0.1515625 0.1625
3 0.703125 0.771875 0.1515625 0.1517578125
2 0.5546875 0.61640625 0.1375 0.216796875
1 0.3109375 0.628125 0.1296875 0.1298828125
0 0.778125 0.49140625 0.1953125 0.1953125
0 0.1546875 0.63046875 0.16015625 0.1603515625
1 0.7078125 0.621875 0.1078125 0.108203125
0 0.1609375 0.09140625 0.1 0.178125
2 0.91328125 0.1796875 0.1734375 0.234375
1 0.54375 0.771875 0.134375 0.134375
3 0.39375 0.796875 0.215625 0.4
2 0.6953125 0.1 0.1546875 0.1548828125
2 0.0859375 0.36015625 0.171875 0.2046875
3 0.078125 0.8796875 0.15625 0.178125
1 0.8609375 0.6390625 0.1125 0.1126953125
1 0.6296875 0.3640625 0.1046875 0.1044921875
2 0.7828125 0.296875 0.425 0.425390625