2 0.3765625 0.1109375 0.109375 0.21640625
3 0.684375 0.478125 0.1 0.178125
2 0.68125 0.771875 0.103125 0.3390625
2 0.6890625 0.63359375 0.29375 0.2890625
2 0.99375 0.221875 0.0125 0.4390625
3 0.5328125 0.346875 0.0875 0.15
1 0.371875 0.496875 0.06875 0.121875
0 0.465625 0.3359375 0.090625 0.1609375
3 0.8484375 0.34140625 0.0875 0.15
3 0.2125 0.46953125 0.071875 0.18359375
2 0.921875 0.471875 0.15625 0.2890625
0 0.0578125 0.621875 0.109375 0.19453125
1 0.2265625 0.63046875 0.084375 0.15
1 0.134375 0.3609375 0.096875 0.171875
0 0.2921875 0.8890625 0.121875 0.21640625
1 0.1421875 0.19140625 0.075 0.13359375
3 0.965625 0.34453125 0.06875 0.221875
3 0.9203125 0.128125 0.128125 0.25
3 0.08125 0.35546875 0.1625 0.36640625
2 0.684375 0.85546875 0.215625 0.28359375
3 0.9578125 0.15859375 0.084375 0.3109375