0 0.7125 0.19140625 0.0875 0.15546875
2 0.3203125 0.2 0.203125 0.33359375
1 0.94375 0.075 0.08125 0.14453125
0 0.7140625 0.48046875 0.128125 0.228125
2 0.93359375 0.625 0.1328125 0.1890625
1 0.8671875 0.475 0.06875 0.121875
2 0.55625 0.275 0.26875 0.54453125
2 0.96875 0.34140625 0.0625 0.29453125
1 0.6359375 0.196875 0.09375 0.16640625
0 0.240625 0.1109375 0.121875 0.21640625
0 0.9859375 0.20546875 0.028125 0.1890625
3 0.99921875 0.76640625 0.0015625 0.15
3 0.03828125 0.75 0.0765625 0.271875
1 0.25625 0.625 0.059375 0.10546875
3 0.4 0.9140625 0.134375 0.121875
2 0.5625 0.8859375 0.23125 0.15
0 0.490625 0.778125 0.1 0.178125
2 0.4796875 0.21953125 0.146875 0.2390625
1 0.25625 0.2 0.0625 0.1109375
3 0.02890625 0.49140625 0.0578125 0.15546875
1 0.259375 0.903125 0.0875 0.15546875
2 0.1625 0.61640625 0.125 0.15