0 0.221875 0.0859375 0.1296875 0.1298828125
1 0.6171875 0.20859375 0.075 0.1330078125
0 0.54375 0.61640625 0.1390625 0.1390625
3 0.625 0.903125 0.1109375 0.111328125
3 0.5328125 0.8859375 0.1765625 0.1765625
0 0.21875 0.871875 0.1953125 0.1953125
0 0.3109375 0.771875 0.165625 0.165234375
2 0.7796875 0.48359375 0.26640625 0.2666015625
1 0.771875 0.2109375 0.078125 0.140234375
0 0.7765625 0.61640625 0.140625 0.25
3 0.8578125 0.88046875 0.18515625 0.1853515625
3 0.0859375 0.19375 0.171875 0.2
0 0.021875 0.9 0.04375 0.162109375
1 0.615625 0.0890625 0.134375 0.134375