2 0.9546875 0.496875 0.090625 0.24453125
1 0.2671875 0.20859375 0.075 0.13359375
0 0.19375 0.61640625 0.1 0.178125
1 0.8078125 0.46953125 0.065625 0.11640625
3 0.275 0.903125 0.034375 0.1890625
3 0.1828125 0.8859375 0.13125 0.221875
1 0.884375 0.19140625 0.08125 0.14453125
0 0.01015625 0.771875 0.0203125 0.2109375
2 0.4296875 0.48359375 0.128125 0.40546875
1 0.80625 0.35546875 0.084375 0.15
1 0.421875 0.2109375 0.078125 0.1390625
0 0.4265625 0.61640625 0.140625 0.25
3 0.5078125 0.88046875 0.1375 0.23359375
0 0.98515625 0.13046875 0.0296875 0.25546875
2 0.95390625 0.34453125 0.0921875 0.2390625
1 0.265625 0.0890625 0.096875 0.171875