1 0.321875 0.76640625 0.10390625 0.1041015625
1 0.778125 0.35 0.0828125 0.0826171875
2 0.0046875 0.63359375 0.009375 0.3951171875
2 0.05546875 0.14375 0.1109375 0.16875
2 0.3078125 0.3390625 0.309375 0.3091796875
0 0.8640625 0.471875 0.14375 0.2560546875
2 0.859375 0.771875 0.146875 0.3
3 0.96171875 0.76015625 0.0765625 0.0828125
0 0.940625 0.903125 0.11875 0.134375
0 0.471875 0.196875 0.11875 0.21171875
0 0.4796875 0.9 0.1 0.178125
2 0.3125 0.60859375 0.17578125 0.175390625
0 0.8703125 0.61640625 0.1 0.178125
3 0.90078125 0.50234375 0.1984375 0.2421875
3 0.540625 0.46953125 0.215625 0.355078125
0 0.153125 0.871875 0.1953125 0.1953125
3 0.54375 0.153125 0.25625 0.25625
0 0.0515625 0.35234375 0.103125 0.1453125
0 0.053125 0.50234375 0.10625 0.1421875
0 0.70625 0.90546875 0.103125 0.1830078125
3 0.3140625 0.0890625 0.1234375 0.1234375
2 0.3984375 0.19453125 0.24140625 0.2416015625
3 0.7796875 0.1359375 0.1625 0.2658203125
2 0.228125 0.675 0.16875 0.6439453125
0 0.16875 0.60859375 0.20390625 0.20390625