3 0.96796875 0.50234375 0.0640625 0.0921875
0 0.1421875 0.33359375 0.1953125 0.1953125
3 0.91015625 0.353125 0.1796875 0.366015625
3 0.0609375 0.88515625 0.121875 0.1546875
2 0.2171875 0.771875 0.165625 0.166015625
2 0.04921875 0.478125 0.0984375 0.2560546875
2 0.4515625 0.503125 0.228125 0.2341796875
2 0.0734375 0.76875 0.146875 0.16875
0 0.03125 0.08359375 0.0625 0.0953125
0 0.9375 0.20546875 0.121875 0.2169921875
3 0.0875 0.20546875 0.175 0.2078125
3 0.978125 0.90546875 0.04375 0.1330078125
0 0.8484375 0.7609375 0.15625 0.15625
2 0.615625 0.34453125 0.2625 0.2625
3 0.6234375 0.478125 0.159375 0.294140625
0 0.2171875 0.2140625 0.203125 0.203515625
2 0.2265625 0.14140625 0.196875 0.278125
0 0.8578125 0.89453125 0.115625 0.2048828125
3 0.3015625 0.3390625 0.18125 0.180859375