2 0.9765625 0.496875 0.046875 0.24453125
1 0.3109375 0.20859375 0.075 0.13359375
0 0.2375 0.61640625 0.1 0.178125
1 0.8515625 0.46953125 0.065625 0.11640625
3 0.31875 0.903125 0.034375 0.1890625
3 0.2265625 0.8859375 0.13125 0.221875
1 0.928125 0.19140625 0.08125 0.14453125
0 0.03203125 0.771875 0.0640625 0.2109375
2 0.4734375 0.48359375 0.128125 0.40546875
1 0.85 0.35546875 0.084375 0.15
1 0.465625 0.2109375 0.078125 0.1390625
0 0.4703125 0.61640625 0.140625 0.25
3 0.5515625 0.88046875 0.1375 0.23359375
2 0.97578125 0.34453125 0.0484375 0.2390625
1 0.309375 0.0890625 0.096875 0.171875