0 0.9609375 0.340625 0.078125 0.10625
1 0.1421875 0.35859375 0.09375 0.1669921875
0 0.7703125 0.9140625 0.1296875 0.1298828125
1 0.3796875 0.346875 0.0953125 0.0953125
3 0.309375 0.821875 0.26875 0.26875
1 0.2171875 0.6109375 0.090625 0.16015625
2 0.2203125 0.24453125 0.36953125 0.3697265625
1 0.03359375 0.9078125 0.0671875 0.096875
1 0.7703125 0.35546875 0.12109375 0.1212890625
3 0.6953125 0.06953125 0.115625 0.0890625
0 0.6890625 0.60859375 0.125 0.221875
0 0.978125 0.20546875 0.04375 0.155078125
1 0.234375 0.76640625 0.1171875 0.1171875
0 0.853125 0.48046875 0.14296875 0.1431640625
2 0.11875 0.76015625 0.2375 0.3171875
2 0.6984375 0.246875 0.309375 0.309765625
3 0.91875 0.625 0.09375 0.178125
1 0.91875 0.34140625 0.08125 0.1451171875
3 0.4578125 0.20859375 0.07421875 0.0740234375