0 0.6640625 0.771875 0.11875 0.2109375
1 0.50625 0.34140625 0.08125 0.14453125
0 0.01171875 0.75546875 0.0234375 0.20546875
1 0.2 0.91640625 0.06875 0.121875
1 0.9 0.90546875 0.09375 0.16640625
0 0.5921875 0.103125 0.1125 0.2
2 0.9 0.48046875 0.2 0.48359375
2 0.8890625 0.1109375 0.221875 0.21640625
2 0.8234375 0.61640625 0.171875 0.228125
2 0.0109375 0.35 0.021875 0.2390625
0 0.1859375 0.09140625 0.1 0.178125
3 0.190625 0.20546875 0.0625 0.2890625
0 0.90625 0.196875 0.1375 0.24453125
0 0.0546875 0.203125 0.109375 0.24453125
2 0.584375 0.71640625 0.309375 0.5609375
0 0.275 0.21640625 0.096875 0.171875
0 0.5109375 0.0890625 0.096875 0.171875
2 0.65625 0.2140625 0.178125 0.3109375
1 0.4375 0.2 0.084375 0.15
3 0.97734375 0.775 0.0453125 0.3390625