2 0.07578125 0.11015625 0.1515625 0.1640625
3 0.378125 0.478125 0.1 0.178125
2 0.375 0.771875 0.103125 0.337890625
2 0.3828125 0.63359375 0.29140625 0.29140625
0 0.84375 0.103125 0.1125 0.2
2 0.7828125 0.221875 0.3203125 0.32109375
3 0.2265625 0.346875 0.11875 0.11875
1 0.065625 0.496875 0.06875 0.121875
0 0.159375 0.3359375 0.090625 0.16015625
2 0.92578125 0.50234375 0.1484375 0.1890625
3 0.5421875 0.34140625 0.0875 0.15
1 0.93125 0.89140625 0.10390625 0.1041015625
3 0.7703125 0.84140625 0.1375 0.3109375
2 0.69375 0.471875 0.3 0.300390625
3 0.9265625 0.21015625 0.146875 0.1484375
3 0.7734375 0.75546875 0.125 0.2330078125
0 0.04453125 0.88828125 0.0890625 0.1328125
2 0.953125 0.61640625 0.09375 0.3330078125
3 0.690625 0.34453125 0.1765625 0.1765625
3 0.6140625 0.128125 0.128125 0.25
2 0.378125 0.85546875 0.215625 0.2830078125
1 0.85 0.76953125 0.13046875 0.1302734375
2 0.846875 0.8390625 0.128125 0.3158203125
3 0.6921875 0.15859375 0.165625 0.3109375