2 0.2015625 0.1109375 0.109375 0.21640625
3 0.509375 0.478125 0.1 0.178125
2 0.50625 0.771875 0.103125 0.3390625
2 0.5140625 0.63359375 0.29375 0.2890625
0 0.959375 0.103125 0.08125 0.2
2 0.90625 0.221875 0.1875 0.4390625
3 0.3578125 0.346875 0.0875 0.15
1 0.196875 0.496875 0.06875 0.121875
0 0.290625 0.3359375 0.090625 0.1609375
3 0.6734375 0.34140625 0.0875 0.15
3 0.0375 0.46953125 0.071875 0.18359375
3 0.9015625 0.84140625 0.1375 0.3109375
2 0.825 0.471875 0.3125 0.2890625
3 0.99296875 0.2109375 0.0140625 0.15
3 0.9046875 0.75546875 0.125 0.23359375
1 0.0515625 0.63046875 0.084375 0.15
1 0.00390625 0.3609375 0.0078125 0.171875
0 0.1171875 0.8890625 0.121875 0.21640625
1 0.00234375 0.19140625 0.0046875 0.13359375
3 0.821875 0.34453125 0.13125 0.221875
3 0.7453125 0.128125 0.128125 0.25
2 0.509375 0.85546875 0.215625 0.28359375
1 0.9671875 0.76953125 0.065625 0.16640625
2 0.95703125 0.8390625 0.0859375 0.31640625
3 0.8234375 0.15859375 0.165625 0.3109375