1 0.8859375 0.35859375 0.09375 0.166796875
3 0.940625 0.82109375 0.11875 0.1953125
1 0.334375 0.775 0.090625 0.091015625
0 0.02578125 0.50234375 0.0515625 0.0953125
3 0.2578125 0.6390625 0.121875 0.2158203125
1 0.9484375 0.61015625 0.103125 0.1234375
0 0.5 0.3640625 0.1 0.178125
2 0.878125 0.24375 0.24375 0.325
1 0.7390625 0.90859375 0.12109375 0.1212890625
3 0.3390625 0.2140625 0.26875 0.26875
1 0.340625 0.61953125 0.09140625 0.091015625
3 0.07109375 0.190625 0.1421875 0.18125
1 0.95703125 0.765625 0.0859375 0.10625
2 0.8109375 0.7609375 0.3296875 0.3296875