0 0.8296875 0.11640625 0.128125 0.228125
0 0.05703125 0.13046875 0.1140625 0.2548828125
2 0.4375 0.471875 0.253125 0.2533203125
0 0.284375 0.353125 0.14375 0.1435546875
3 0.44375 0.19140625 0.11796875 0.1181640625
2 0.9 0.49921875 0.2 0.2015625
1 0.8984375 0.75546875 0.134375 0.134375
2 0.759375 0.46953125 0.40546875 0.40546875
3 0.6640625 0.8890625 0.14375 0.216015625
2 0.946875 0.49375 0.10625 0.2
0 0.9640625 0.1296875 0.071875 0.13125
1 0.4421875 0.8890625 0.1296875 0.1298828125
2 0.08828125 0.61875 0.1765625 0.246875
2 0.2734375 0.18359375 0.27421875 0.27421875
2 0.44375 0.33359375 0.29921875 0.29921875