0 0.6390625 0.871875 0.1953125 0.1953125
2 0.04765625 0.49609375 0.0953125 0.1890625
2 0.096875 0.2 0.165625 0.237890625
3 0.2515625 0.2140625 0.0875 0.228125
2 0.8046875 0.35546875 0.21953125 0.21953125
3 0.490625 0.503125 0.06875 0.321875
2 0.11484375 0.8046875 0.2296875 0.259375
2 0.8671875 0.353125 0.190625 0.1908203125
1 0.6453125 0.3640625 0.1 0.1
1 0.6421875 0.225 0.0953125 0.0953125
3 0.321875 0.0859375 0.13125 0.131640625
0 0.171875 0.35 0.178125 0.178125
1 0.7109375 0.08359375 0.0875 0.155078125
0 0.8015625 0.76640625 0.096875 0.171875
3 0.09765625 0.4796875 0.1953125 0.215625
2 0.95 0.475 0.1 0.5841796875