0 0.7078125 0.76953125 0.12578125 0.12578125
1 0.403125 0.0640625 0.090625 0.0908203125
0 0.04921875 0.89609375 0.0984375 0.1328125
0 0.7921875 0.203125 0.128125 0.228125
3 0.93203125 0.88515625 0.1359375 0.1640625
1 0.3140625 0.896875 0.06875 0.121875
0 0.8734375 0.34453125 0.115625 0.2048828125
1 0.171875 0.771875 0.1 0.1
3 0.94296875 0.46875 0.1140625 0.215625
1 0.9765625 0.21875 0.046875 0.08125
3 0.4859375 0.496875 0.165625 0.16484375
1 0.9390625 0.625 0.09375 0.1658203125
2 0.24375 0.775 0.26875 0.26875
3 0.31875 0.6140625 0.165625 0.165625
1 0.171875 0.19453125 0.13046875 0.130078125
0 0.784375 0.4859375 0.134375 0.134375
0 0.92734375 0.340625 0.1453125 0.175
1 0.9828125 0.771875 0.034375 0.065625