1 0.9296875 0.35859375 0.13046875 0.1302734375
1 0.378125 0.775 0.090625 0.0908203125
0 0.0421875 0.50234375 0.084375 0.1171875
3 0.3015625 0.6390625 0.16875 0.1689453125
1 0.9796875 0.6109375 0.040625 0.16015625
0 0.54375 0.3640625 0.1390625 0.1390625
2 0.93984375 0.24453125 0.1203125 0.4830078125
1 0.7828125 0.90859375 0.12109375 0.1212890625
3 0.3828125 0.2140625 0.26875 0.26875
1 0.384375 0.61953125 0.065625 0.1169921875
3 0.0890625 0.190625 0.178125 0.196875
1 0.98984375 0.76640625 0.0203125 0.15
2 0.84453125 0.76015625 0.3109375 0.3296875