0 0.31875 0.19140625 0.0875 0.15546875
2 0.0140625 0.2 0.028125 0.33359375
3 0.784375 0.20546875 0.15 0.25
1 0.55 0.075 0.08125 0.14453125
1 0.9421875 0.503125 0.090625 0.1609375
0 0.3203125 0.48046875 0.128125 0.228125
2 0.553125 0.625 0.159375 0.1890625
1 0.4734375 0.475 0.06875 0.121875
2 0.1625 0.275 0.26875 0.54453125
2 0.6453125 0.34140625 0.203125 0.29453125
2 0.8015625 0.3359375 0.140625 0.45546875
1 0.2421875 0.196875 0.09375 0.16640625
2 0.934375 0.25546875 0.13125 0.50546875
0 0.63125 0.20546875 0.10625 0.1890625
3 0.7109375 0.76640625 0.2125 0.15
0 0.8765625 0.10546875 0.115625 0.20546875
3 0.03671875 0.9140625 0.0734375 0.121875
2 0.16875 0.8859375 0.23125 0.15
0 0.096875 0.778125 0.1 0.178125
2 0.0859375 0.21953125 0.146875 0.2390625
1 0.8703125 0.33046875 0.065625 0.11640625
2 0.984375 0.3359375 0.03125 0.44453125
3 0.99609375 0.6359375 0.0078125 0.21640625