1 0.4796875 0.49453125 0.13046875 0.1302734375
3 0.2390625 0.20859375 0.17265625 0.1724609375
1 0.2453125 0.49140625 0.09140625 0.091015625
2 0.3234375 0.228125 0.284375 0.284375
0 0.7875 0.503125 0.103125 0.1841796875
3 0.4765625 0.08359375 0.12734375 0.12734375
1 0.153125 0.775 0.08125 0.144140625
3 0.7 0.771875 0.1015625 0.1017578125
2 0.628125 0.75546875 0.23046875 0.23046875
0 0.4625 0.225 0.134375 0.134375
3 0.8671875 0.19140625 0.19765625 0.1978515625
1 0.3109375 0.61953125 0.0875 0.155078125
0 0.05859375 0.36015625 0.1171875 0.1609375
2 0.703125 0.228125 0.2953125 0.2953125
0 0.0734375 0.503125 0.10625 0.187890625