0 0.1390625 0.771875 0.165625 0.16484375
2 0.89453125 0.49609375 0.2109375 0.2671875
1 0.0109375 0.34140625 0.021875 0.1451171875
2 0.91640625 0.8796875 0.1671875 0.16875
2 0.89453125 0.35 0.2109375 0.3
1 0.375 0.90546875 0.13046875 0.130078125
0 0.525 0.8859375 0.134375 0.134375
0 0.07265625 0.103125 0.1453125 0.15625
2 0.3765625 0.48046875 0.34296875 0.343359375
2 0.3734375 0.1125 0.228125 0.225
2 0.2984375 0.61640625 0.2 0.2
2 0.91796875 0.36953125 0.1640625 0.7330078125
0 0.38125 0.196875 0.190625 0.1908203125
0 0.5984375 0.8890625 0.1640625 0.164453125
3 0.6078125 0.34453125 0.09921875 0.0990234375
2 0.10703125 0.71640625 0.2140625 0.5609375
0 0.034375 0.0890625 0.06875 0.103125
2 0.13125 0.2140625 0.178125 0.309765625
3 0.525 0.775 0.2640625 0.264453125
2 0.76875 0.49140625 0.26484375 0.26484375
2 0.9328125 0.640625 0.134375 0.203125
3 0.91875 0.75546875 0.13828125 0.1380859375