1 0.9515625 0.3578125 0.096875 0.11875
1 0.421875 0.775 0.090625 0.0908203125
0 0.05859375 0.50234375 0.1171875 0.1390625
3 0.3453125 0.6390625 0.16875 0.1689453125
0 0.5875 0.3640625 0.1390625 0.1390625
2 0.96171875 0.24453125 0.0765625 0.4830078125
1 0.8265625 0.90859375 0.12109375 0.1212890625
3 0.4265625 0.2140625 0.1875 0.35
1 0.428125 0.61953125 0.065625 0.116796875
3 0.1234375 0.19140625 0.19765625 0.1978515625
2 0.86640625 0.76015625 0.2671875 0.3296875
2 0.0671875 0.22734375 0.134375 0.2390625