2 0.1109375 0.19140625 0.203125 0.28359375
3 0.8859375 0.90546875 0.140625 0.18359375
3 0.659375 0.771875 0.109375 0.19453125
2 0.5109375 0.61640625 0.1375 0.21640625
1 0.2671875 0.628125 0.09375 0.16640625
2 0.98828125 0.3640625 0.0234375 0.271875
0 0.734375 0.49140625 0.140625 0.25
0 0.1109375 0.63046875 0.115625 0.20546875
1 0.6640625 0.621875 0.078125 0.1390625
0 0.1171875 0.09140625 0.1 0.178125
2 0.921875 0.18046875 0.15625 0.35546875
1 0.5 0.771875 0.096875 0.171875
3 0.35 0.796875 0.215625 0.4
2 0.6515625 0.1 0.115625 0.19453125
2 0.0375 0.3609375 0.075 0.3109375
3 0.04296875 0.88046875 0.0859375 0.23359375
1 0.8171875 0.6390625 0.08125 0.14453125
1 0.5859375 0.3640625 0.075 0.13359375
2 0.7390625 0.296875 0.2625 0.5890625