2 0.4703125 0.75 0.146875 0.1470703125
3 0.7796875 0.9109375 0.096875 0.171875
0 0.703125 0.878125 0.1859375 0.186328125
2 0.55 0.196875 0.084375 0.387890625
2 0.1203125 0.7578125 0.240625 0.296875
3 0.075 0.63046875 0.06875 0.128125
0 0.7796875 0.49453125 0.14765625 0.14765625
3 0.0734375 0.2078125 0.146875 0.196875
2 0.7828125 0.14140625 0.28125 0.28125
3 0.8640625 0.11640625 0.1375 0.228125
2 0.1 0.48828125 0.2 0.2109375
1 0.859375 0.4890625 0.071875 0.128125
0 0.703125 0.35546875 0.09375 0.1669921875
2 0.1578125 0.6140625 0.1875 0.1876953125
3 0.4765625 0.61953125 0.17265625 0.17265625