3 0.3234375 0.346875 0.21875 0.2189453125
1 0.634375 0.33359375 0.08671875 0.08671875
2 0.13359375 0.33828125 0.2671875 0.3390625
1 0.6421875 0.90546875 0.084375 0.15
1 0.8046875 0.35546875 0.09375 0.1669921875
2 0.7953125 0.30546875 0.146875 0.6048828125
3 0.13359375 0.46875 0.2671875 0.31875
1 0.0359375 0.21953125 0.071875 0.1548828125
1 0.9765625 0.76328125 0.046875 0.0859375
3 0.0890625 0.6359375 0.1734375 0.1734375
2 0.5578125 0.3390625 0.196875 0.25
1 0.253125 0.4890625 0.0859375 0.086328125
0 0.7140625 0.20859375 0.14296875 0.1431640625
2 0.9203125 0.225 0.159375 0.3939453125
0 0.5625 0.2 0.1953125 0.1953125
0 0.03203125 0.340625 0.0640625 0.121875
1 0.0390625 0.77109375 0.078125 0.0953125