1 0.60625 0.2140625 0.109375 0.108984375
1 0.2765625 0.75859375 0.08125 0.144921875
2 0.66875 0.70546875 0.44296875 0.4431640625
3 0.7484375 0.221875 0.271875 0.272265625
2 0.8390625 0.60859375 0.2640625 0.2640625
0 0.509375 0.88046875 0.13125 0.2330078125
1 0.96484375 0.6078125 0.0703125 0.0875
3 0.07421875 0.18046875 0.1484375 0.355078125
3 0.97109375 0.21640625 0.0578125 0.171875
3 0.7515625 0.48359375 0.121875 0.2
3 0.2078125 0.225 0.253125 0.253515625
1 0.4484375 0.6359375 0.1 0.1
0 0.3703125 0.46953125 0.1734375 0.1734375
1 0.2109375 0.0859375 0.09375 0.1658203125
0 0.590625 0.7609375 0.1734375 0.1734375
3 0.515625 0.7609375 0.1765625 0.1767578125
0 0.1984375 0.3640625 0.1484375 0.148046875
0 0.525 0.48046875 0.14765625 0.14765625
3 0.2890625 0.153125 0.246875 0.246875
3 0.05625 0.2046875 0.1125 0.128125
1 0.665625 0.05859375 0.0625 0.1109375