0 0.6203125 0.196875 0.1828125 0.1826171875
3 0.709375 0.2 0.309375 0.3095703125
1 0.309375 0.471875 0.1 0.1
2 0.94140625 0.49375 0.1171875 0.196875
2 0.6359375 0.85 0.203125 0.2939453125
3 0.39375 0.6359375 0.240625 0.366015625
2 0.784375 0.2140625 0.215625 0.215234375
3 0.4625 0.35546875 0.065625 0.1390625
0 0.865625 0.6390625 0.096875 0.171875
2 0.8484375 0.63515625 0.303125 0.3921875
3 0.03828125 0.15234375 0.0765625 0.1515625
2 0.1515625 0.76640625 0.134375 0.3109375
3 0.31875 0.3640625 0.1765625 0.17734375
2 0.39375 0.86640625 0.19453125 0.19453125
3 0.153125 0.478125 0.115625 0.1158203125
1 0.625 0.35 0.0875 0.087109375
2 0.3203125 0.26640625 0.4 0.4
1 0.4015625 0.771875 0.0953125 0.0953125
1 0.2375 0.19453125 0.134375 0.134375
1 0.0359375 0.0828125 0.071875 0.103125
2 0.9453125 0.78828125 0.109375 0.2109375
2 0.8578125 0.803125 0.284375 0.38828125
3 0.0453125 0.9078125 0.090625 0.1125