3 0.709375 0.36640625 0.5234375 0.5234375
2 0.3203125 0.225 0.284375 0.2845703125
2 0.165625 0.496875 0.303125 0.303125
2 0.88984375 0.16875 0.2203125 0.25625
2 0.1 0.7328125 0.2 0.309375
2 0.5625 0.76640625 0.121875 0.3890625
3 0.4734375 0.46953125 0.29140625 0.2916015625
0 0.1671875 0.746875 0.1375 0.244140625
0 0.3921875 0.20546875 0.0875 0.155078125
3 0.0375 0.48828125 0.075 0.1046875
0 0.3984375 0.3359375 0.13125 0.2341796875
0 0.03125 0.621875 0.0625 0.16171875
0 0.0921875 0.0859375 0.09375 0.166015625
1 0.6390625 0.21640625 0.11328125 0.112890625
3 0.31875 0.61953125 0.1203125 0.1203125
3 0.1640625 0.1359375 0.1703125 0.170703125
3 0.478125 0.18046875 0.2 0.3548828125
3 0.08125 0.4859375 0.146875 0.146484375
1 0.715625 0.475 0.06875 0.121875
2 0.7953125 0.2140625 0.21875 0.2189453125
2 0.0375 0.34453125 0.075 0.178125
3 0.0890625 0.6359375 0.084375 0.159765625
0 0.31875 0.0890625 0.096875 0.171875
2 0.3984375 0.8859375 0.1671875 0.16796875