2 0.04609375 0.6140625 0.0921875 0.20546875
1 0.7375 0.2140625 0.078125 0.1390625
1 0.4078125 0.75859375 0.08125 0.14453125
2 0.8 0.70546875 0.303125 0.58359375
3 0.8796875 0.221875 0.10625 0.4390625
2 0.91015625 0.60859375 0.1796875 0.228125
0 0.640625 0.88046875 0.13125 0.23359375
3 0.1828125 0.18046875 0.19375 0.35546875
3 0.8828125 0.48359375 0.121875 0.2
3 0.3390625 0.225 0.16875 0.3390625
1 0.5796875 0.6359375 0.071875 0.128125
0 0.5015625 0.46953125 0.125 0.221875
1 0.3421875 0.0859375 0.09375 0.16640625
0 0.721875 0.7609375 0.125 0.221875
3 0.646875 0.7609375 0.1875 0.16640625
0 0.3296875 0.3640625 0.10625 0.1890625
2 0.05 0.1 0.1 0.19453125
0 0.65625 0.48046875 0.10625 0.1890625
3 0.4203125 0.153125 0.19375 0.3
3 0.1140625 0.20546875 0.228125 0.1609375
1 0.796875 0.05859375 0.0625 0.1109375