0 0.4359375 0.621875 0.13125 0.23359375
0 0.1140625 0.128125 0.140625 0.25
0 0.428125 0.3609375 0.090625 0.1609375
3 0.02890625 0.1109375 0.0578125 0.21640625
0 0.675 0.33046875 0.134375 0.2390625
0 0.5140625 0.10859375 0.11875 0.2109375
2 0.746875 0.3640625 0.253125 0.228125
2 0.2765625 0.625 0.2125 0.49453125
0 0.196875 0.21953125 0.1125 0.2
3 0.353125 0.20546875 0.071875 0.40546875
3 0.05 0.09453125 0.084375 0.18359375
1 0.125 0.63359375 0.090625 0.1609375
2 0.815625 0.346875 0.1375 0.48359375
1 0.1921875 0.896875 0.08125 0.14453125