2 0.2421875 0.19140625 0.203125 0.28359375
3 0.9734375 0.90546875 0.053125 0.18359375
3 0.790625 0.771875 0.109375 0.19453125
2 0.6421875 0.61640625 0.1375 0.21640625
1 0.3984375 0.628125 0.09375 0.16640625
3 0.0328125 0.75859375 0.065625 0.178125
0 0.865625 0.49140625 0.140625 0.25
0 0.2421875 0.63046875 0.115625 0.20546875
1 0.7953125 0.621875 0.078125 0.1390625
0 0.2484375 0.09140625 0.1 0.178125
2 0.9875 0.18046875 0.025 0.35546875
3 0.01640625 0.19453125 0.0328125 0.38359375
1 0.63125 0.771875 0.096875 0.171875
3 0.48125 0.796875 0.215625 0.4
1 0.021875 0.33046875 0.04375 0.11640625
2 0.7828125 0.1 0.115625 0.19453125
2 0.1578125 0.3609375 0.096875 0.3109375
3 0.15625 0.88046875 0.121875 0.23359375
1 0.9484375 0.6390625 0.08125 0.14453125
1 0.7171875 0.3640625 0.075 0.13359375
2 0.86953125 0.296875 0.2609375 0.5890625