2 0.6890625 0.75 0.146875 0.1470703125
2 0.02421875 0.625 0.0484375 0.3
3 0.975 0.9109375 0.05 0.171875
0 0.921875 0.878125 0.134375 0.237890625
2 0.76875 0.196875 0.2359375 0.23671875
2 0.3 0.75859375 0.2125 0.4048828125
3 0.29375 0.63046875 0.0984375 0.0984375
0 0.95546875 0.49375 0.0890625 0.121875
3 0.2171875 0.20859375 0.2 0.2951171875
1 0.065625 0.61640625 0.12578125 0.12578125
2 0.9125 0.140625 0.175 0.209375
2 0.3125 0.4890625 0.2125 0.2123046875
0 0.921875 0.35546875 0.13046875 0.1302734375
2 0.3765625 0.6140625 0.1875 0.1876953125
3 0.6953125 0.61953125 0.17265625 0.17265625
1 0.028125 0.07421875 0.05625 0.0859375