0 0.4453125 0.76953125 0.090625 0.1609375
3 0.9609375 0.34609375 0.078125 0.1484375
1 0.140625 0.0640625 0.090625 0.0908203125
2 0.8421875 0.3390625 0.128125 0.55
0 0.5296875 0.203125 0.128125 0.228125
3 0.6859375 0.8859375 0.109375 0.221875
1 0.0515625 0.896875 0.0953125 0.0953125
0 0.6109375 0.34453125 0.16015625 0.1603515625
3 0.83984375 0.46875 0.3203125 0.328125
1 0.771875 0.21953125 0.12109375 0.1212890625
3 0.2234375 0.496875 0.165625 0.165234375
3 0.8328125 0.6359375 0.146875 0.2
1 0.6765625 0.625 0.1296875 0.1298828125
2 0.0734375 0.77421875 0.146875 0.2046875
3 0.06640625 0.6140625 0.1328125 0.178125
1 0.9734375 0.48828125 0.053125 0.0734375
0 0.521875 0.4859375 0.096875 0.171875
0 0.6875 0.34140625 0.18203125 0.1822265625
1 0.7703125 0.771875 0.1 0.1