3 0.1390625 0.753125 0.1984375 0.1982421875
1 0.03125 0.215625 0.0625 0.096875
3 0.034375 0.746875 0.06875 0.1125
2 0.4515625 0.78046875 0.25859375 0.258203125
3 0.909375 0.75 0.128125 0.128125
1 0.2890625 0.4859375 0.1 0.1
3 0.2984375 0.78046875 0.115625 0.2048828125
1 0.8421875 0.6140625 0.1171875 0.1171875
1 0.6734375 0.63046875 0.078125 0.1390625
1 0.203125 0.496875 0.1171875 0.1171875
1 0.9078125 0.4890625 0.096875 0.171875
2 0.075 0.75 0.15 0.3
2 0.840625 0.103125 0.128125 0.2
3 0.9875 0.35546875 0.025 0.366796875
0 0.684375 0.49140625 0.146875 0.2609375
3 0.03671875 0.34609375 0.0734375 0.1109375
1 0.44375 0.35546875 0.08671875 0.08671875