0 0.5625 0.34140625 0.09375 0.166796875
0 0.3328125 0.9140625 0.09375 0.1658203125
1 0.96875 0.20859375 0.0625 0.1109375
2 0.796875 0.61953125 0.19375 0.271875
1 0.3328125 0.35546875 0.12109375 0.1212890625
3 0.2578125 0.06953125 0.115625 0.0890625
2 0.871875 0.771875 0.078125 0.1658203125
0 0.2515625 0.60859375 0.125 0.221875
0 0.5625 0.20546875 0.12109375 0.121484375
0 0.415625 0.48046875 0.103125 0.1830078125
0 0.92734375 0.74921875 0.1453125 0.1765625
0 0.71875 0.3640625 0.13125 0.2341796875
2 0.2609375 0.246875 0.309375 0.309765625
3 0.48125 0.625 0.09375 0.178125
1 0.48125 0.34140625 0.08125 0.1451171875
3 0.03046875 0.20859375 0.0609375 0.0669921875