2 0.678125 0.625 0.115625 0.2060546875
2 0.92421875 0.75234375 0.1515625 0.1859375
0 0.603125 0.60859375 0.14296875 0.1431640625
0 0.0671875 0.49140625 0.090625 0.1609375
0 0.540625 0.6109375 0.128125 0.228125
0 0.69375 0.125 0.190625 0.1908203125
2 0.084375 0.76953125 0.16875 0.455078125
2 0.5234375 0.3640625 0.4828125 0.4828125
2 0.2203125 0.5 0.378125 0.378515625
2 0.53125 0.828125 0.140625 0.337890625
0 0.8390625 0.76640625 0.134375 0.134375
1 0.0046875 0.35 0.009375 0.1158203125
1 0.96328125 0.3578125 0.0734375 0.103125