3 0.346875 0.20546875 0.15 0.25
1 0.1125 0.075 0.08125 0.14453125
1 0.5046875 0.503125 0.090625 0.1609375
2 0.115625 0.625 0.159375 0.1890625
1 0.0359375 0.475 0.06875 0.121875
2 0.2078125 0.34140625 0.203125 0.29453125
2 0.3640625 0.3359375 0.140625 0.45546875
2 0.5109375 0.25546875 0.159375 0.50546875
3 0.6609375 0.153125 0.171875 0.3
2 0.8953125 0.76640625 0.134375 0.3109375
0 0.19375 0.20546875 0.10625 0.1890625
3 0.2734375 0.76640625 0.2125 0.15
3 0.9953125 0.3640625 0.009375 0.2109375
0 0.4390625 0.10546875 0.115625 0.20546875
3 0.896875 0.478125 0.0875 0.14453125
2 0.9640625 0.26640625 0.071875 0.528125
1 0.96640625 0.19453125 0.0671875 0.171875
1 0.7421875 0.08359375 0.090625 0.1609375
1 0.4328125 0.33046875 0.065625 0.11640625
2 0.5984375 0.3359375 0.134375 0.44453125
3 0.7453125 0.90859375 0.1375 0.15546875
3 0.590625 0.6359375 0.071875 0.21640625