0 0.7484375 0.75546875 0.146875 0.2609375
1 0.59375 0.3390625 0.090625 0.159765625
0 0.953125 0.8859375 0.09375 0.221875
2 0.98515625 0.203125 0.0296875 0.4
0 0.5078125 0.13046875 0.14375 0.2548828125
3 0.5828125 0.2359375 0.246875 0.4658203125
1 0.509375 0.76640625 0.12109375 0.1212890625
2 0.740625 0.46953125 0.25625 0.25625
0 0.99609375 0.8890625 0.0078125 0.2158203125
1 0.83125 0.0859375 0.0828125 0.082421875
0 0.665625 0.75 0.1296875 0.1298828125
0 0.7515625 0.203125 0.1515625 0.151953125
3 0.3515625 0.4890625 0.109375 0.190234375
2 0.6734375 0.84140625 0.246875 0.3109375
3 0.5046875 0.9 0.1265625 0.126171875