1 0.75625 0.225 0.1046875 0.1044921875
3 0.525 0.20859375 0.25625 0.25625
2 0.290625 0.84453125 0.21328125 0.213671875
0 0.3796875 0.33359375 0.19140625 0.1912109375
1 0.375 0.91953125 0.0875 0.1548828125
0 0.08125 0.62109375 0.1625 0.1953125
0 0.4578125 0.496875 0.14375 0.2560546875
1 0.365625 0.21953125 0.12578125 0.12578125
0 0.01796875 0.3359375 0.0359375 0.2060546875
3 0.01953125 0.746875 0.0390625 0.178125
0 0.2984375 0.4890625 0.16875 0.1689453125
2 0.459375 0.16640625 0.234375 0.234375
0 0.134375 0.90859375 0.134375 0.134375
1 0.53125 0.35 0.06875 0.121875
1 0.2234375 0.6109375 0.1046875 0.1044921875
1 0.365625 0.4859375 0.0828125 0.0826171875
0 0.01640625 0.2109375 0.0328125 0.2
3 0.1390625 0.1140625 0.15625 0.15625
2 0.9640625 0.50234375 0.071875 0.1171875
2 0.615625 0.4859375 0.1875 0.521875