3 0.703125 0.178125 0.284375 0.284375
1 0.7828125 0.0890625 0.134375 0.134375
0 0.2453125 0.33046875 0.178125 0.178125
3 0.2390625 0.203125 0.215625 0.362109375
2 0.6265625 0.24453125 0.35859375 0.3587890625
3 0.8640625 0.14453125 0.15625 0.2830078125
1 0.1609375 0.771875 0.065625 0.116015625
0 0.328125 0.4859375 0.103125 0.183984375
1 0.9703125 0.2046875 0.059375 0.090625
3 0.875 0.8609375 0.190625 0.190625
1 0.409375 0.75546875 0.10859375 0.10859375
3 0.5640625 0.121875 0.1796875 0.18046875
0 0.865625 0.48359375 0.16484375 0.16484375