0 0.7421875 0.11640625 0.178125 0.178125
0 0.01328125 0.13046875 0.0265625 0.2548828125
0 0.9640625 0.36328125 0.071875 0.1265625
2 0.35 0.471875 0.1125 0.3939453125
0 0.196875 0.353125 0.103125 0.1841796875
3 0.35625 0.19140625 0.11796875 0.118359375
2 0.8140625 0.5 0.203125 0.202734375
1 0.8109375 0.75546875 0.134375 0.134375
3 0.9640625 0.76328125 0.071875 0.1265625
2 0.671875 0.46953125 0.40546875 0.40546875
3 0.5765625 0.8890625 0.1796875 0.1798828125
2 0.95078125 0.49453125 0.0984375 0.3890625
0 0.93125 0.1296875 0.1375 0.175
1 0.3546875 0.8890625 0.09375 0.1658203125
2 0.00625 0.61953125 0.0125 0.4
2 0.1859375 0.18359375 0.27421875 0.27421875
2 0.35625 0.33359375 0.29921875 0.29921875