1 0.3046875 0.49453125 0.13046875 0.1302734375
3 0.075 0.2078125 0.15 0.171875
1 0.0703125 0.49140625 0.09140625 0.0912109375
2 0.1484375 0.228125 0.284375 0.284375
1 0.97890625 0.775 0.0421875 0.1158203125
0 0.6125 0.503125 0.14375 0.1435546875
3 0.9140625 0.6390625 0.121875 0.2158203125
3 0.3015625 0.08359375 0.09375 0.1609375
1 0.025 0.77421875 0.05 0.0828125
3 0.525 0.771875 0.0375 0.1658203125
2 0.453125 0.75546875 0.1 0.3609375
3 0.95078125 0.2140625 0.0984375 0.35
0 0.2875 0.225 0.134375 0.134375
1 0.971875 0.61875 0.05625 0.075
3 0.6921875 0.19140625 0.19765625 0.1978515625
1 0.1359375 0.61953125 0.12109375 0.121484375
2 0.528125 0.228125 0.2953125 0.2953125