0 0.6296875 0.20859375 0.14296875 0.1431640625
0 0.053125 0.62109375 0.10625 0.1484375
2 0.7828125 0.625 0.203125 0.203125
3 0.6953125 0.753125 0.128125 0.216015625
3 0.6984375 0.203125 0.084375 0.162109375
0 0.0328125 0.36015625 0.065625 0.0984375
2 0.9421875 0.7578125 0.115625 0.2125
0 0.70625 0.878125 0.1859375 0.186328125
0 0.2375 0.33046875 0.134375 0.2390625
3 0.92734375 0.2078125 0.1453125 0.19375
0 0.07890625 0.1078125 0.1578125 0.165625
2 0.309375 0.3640625 0.253125 0.228125
1 0.853125 0.61640625 0.090625 0.1609375
0 0.63125 0.09453125 0.14296875 0.1431640625
2 0.378125 0.346875 0.3109375 0.3107421875
3 0.61875 0.34453125 0.13828125 0.1380859375
1 0.775 0.075 0.08125 0.1439453125