1 0.8734375 0.49453125 0.09375 0.16640625
3 0.6328125 0.20859375 0.128125 0.21640625
1 0.6390625 0.49140625 0.065625 0.11640625
0 0.1625 0.8859375 0.121875 0.21640625
2 0.7171875 0.228125 0.11875 0.45
2 0.1625 0.496875 0.175 0.18359375
3 0.8703125 0.08359375 0.09375 0.1609375
3 0.0765625 0.49453125 0.075 0.18359375
1 0.546875 0.775 0.08125 0.14453125
2 0.9859375 0.75546875 0.028125 0.3609375
0 0.85625 0.225 0.096875 0.171875
1 0.7046875 0.61953125 0.0875 0.15546875
0 0.396875 0.3609375 0.140625 0.25
3 0.24375 0.76953125 0.15 0.2609375
1 0.02421875 0.35 0.0484375 0.171875
0 0.4671875 0.503125 0.10625 0.1890625