1 0.01640625 0.2140625 0.0328125 0.140234375
0 0.9234375 0.76640625 0.12578125 0.12578125
2 0.10390625 0.70546875 0.2078125 0.5830078125
3 0.1359375 0.221875 0.271875 0.272265625
2 0.2265625 0.60859375 0.3 0.228125
1 0.3703125 0.60859375 0.06875 0.121875
3 0.9265625 0.63046875 0.12109375 0.1208984375
3 0.984375 0.33359375 0.03125 0.2109375
3 0.384375 0.21640625 0.140625 0.140625
3 0.1390625 0.48359375 0.121875 0.2
2 0.609375 0.2140625 0.1375 0.421875
0 0.04296875 0.7609375 0.0859375 0.13125
1 0.053125 0.05859375 0.08671875 0.08671875