3 0.4984375 0.346875 0.21875 0.219140625
1 0.809375 0.33359375 0.0625 0.1109375
2 0.2734375 0.3390625 0.3390625 0.3390625
0 0.0375 0.20234375 0.075 0.1265625
3 0.1171875 0.8859375 0.165625 0.165625
1 0.8171875 0.90546875 0.084375 0.15
0 0.0625 0.34375 0.125 0.153125
1 0.95390625 0.3546875 0.0921875 0.115625
2 0.88515625 0.3046875 0.2296875 0.353125
3 0.275 0.46953125 0.234375 0.421875
1 0.203125 0.21953125 0.12109375 0.1212890625
3 0.2640625 0.6359375 0.1734375 0.1734375
1 0.1078125 0.625 0.1296875 0.130078125
2 0.7328125 0.3390625 0.2234375 0.2234375
1 0.428125 0.4890625 0.0625 0.109765625
0 0.8890625 0.20859375 0.14296875 0.1431640625
0 0.021875 0.48515625 0.04375 0.0859375
0 0.7375 0.2 0.140625 0.25
0 0.11875 0.34140625 0.18203125 0.182421875
1 0.2015625 0.771875 0.1 0.1