3 0.390625 0.503125 0.1125 0.1126953125
0 0.4765625 0.503125 0.1296875 0.1298828125
2 0.89453125 0.19921875 0.2109375 0.2515625
3 0.30625 0.353125 0.28125 0.2814453125
0 0.853125 0.1109375 0.16875 0.1689453125
0 0.325 0.20546875 0.16953125 0.169140625
3 0.3859375 0.90546875 0.10859375 0.108984375
0 0.2359375 0.7609375 0.1125 0.2
3 0.625 0.75 0.2 0.2
2 0.03984375 0.34453125 0.0796875 0.371875
1 0.86875 0.625 0.059375 0.1060546875
3 0.0453125 0.478125 0.090625 0.2939453125
3 0.9640625 0.91328125 0.071875 0.0890625
1 0.86875 0.2 0.0875 0.087109375
0 0.2453125 0.89453125 0.16015625 0.160546875
3 0.6265625 0.49140625 0.12109375 0.1212890625
1 0.871875 0.903125 0.0875 0.1560546875
2 0.775 0.61640625 0.1375 0.1375