3 0.8671875 0.771875 0.1765625 0.1765625
0 0.7125 0.88359375 0.128125 0.228125
1 0.8734375 0.475 0.09375 0.1658203125
3 0.3171875 0.4859375 0.265625 0.1841796875
1 0.94765625 0.48828125 0.1046875 0.1078125
1 0.2359375 0.903125 0.1171875 0.1171875
1 0.0828125 0.478125 0.078125 0.137890625
2 0.325 0.20859375 0.1578125 0.1578125
0 0.7078125 0.1140625 0.125 0.221875
3 0.5609375 0.9 0.0640625 0.0640625
3 0.03515625 0.6328125 0.0703125 0.096875
3 0.5484375 0.60859375 0.14296875 0.14296875
0 0.94140625 0.6140625 0.1171875 0.228125
3 0.1609375 0.34140625 0.084375 0.1390625