0 0.2125 0.34140625 0.09375 0.16640625
0 0.01484375 0.9140625 0.0296875 0.16640625
1 0.61875 0.20859375 0.0625 0.1109375
2 0.446875 0.61953125 0.19375 0.271875
2 0.9203125 0.6140625 0.115625 0.20546875
1 0.01328125 0.35546875 0.0265625 0.15546875
2 0.521875 0.771875 0.078125 0.16640625
2 0.759375 0.6140625 0.134375 0.2890625
0 0.2125 0.20546875 0.0875 0.15546875
0 0.065625 0.48046875 0.103125 0.18359375
0 0.603125 0.75 0.134375 0.2390625
0 0.36875 0.3640625 0.13125 0.23359375
3 0.13125 0.625 0.09375 0.178125
0 0.840625 0.3640625 0.090625 0.1609375
1 0.13125 0.34140625 0.08125 0.14453125
1 0.97734375 0.8859375 0.0453125 0.1390625