1 0.68125 0.503125 0.134375 0.134375
3 0.06953125 0.9046875 0.1390625 0.153125
0 0.4609375 0.7609375 0.1828125 0.1826171875
2 0.6 0.496875 0.653125 0.653515625
2 0.221875 0.3640625 0.2125 0.2125
2 0.60625 0.3609375 0.2515625 0.2513671875
0 0.5265625 0.49140625 0.20390625 0.20390625
0 0.3703125 0.353125 0.146875 0.147265625
3 0.6953125 0.85 0.11875 0.2939453125
2 0.6859375 0.74140625 0.228125 0.5109375
2 0.15078125 0.1796875 0.3015625 0.3125
2 0.38125 0.63359375 0.115625 0.2
3 0.8234375 0.85625 0.30625 0.2875
1 0.02734375 0.63828125 0.0546875 0.0859375
2 0.0875 0.29609375 0.175 0.3140625