3 0.68125 0.2109375 0.184375 0.34453125
2 0.97265625 0.2 0.0546875 0.3
1 0.5375 0.76640625 0.08125 0.14453125
0 0.0171875 0.353125 0.034375 0.171875
3 0.453125 0.3609375 0.090625 0.15546875
0 0.7640625 0.196875 0.11875 0.2109375
3 0.2921875 0.2 0.159375 0.11640625
3 0.0625 0.896875 0.08125 0.1609375
0 0.7703125 0.49453125 0.13125 0.23359375
3 0.4484375 0.6140625 0.13125 0.2390625
0 0.97734375 0.9109375 0.0453125 0.171875
0 0.971875 0.64140625 0.05625 0.16640625
3 0.6171875 0.2109375 0.24375 0.41640625
2 0.040625 0.503125 0.08125 0.2109375
1 0.7703125 0.078125 0.084375 0.15
3 0.29375 0.753125 0.196875 0.30546875