3 0.9421875 0.2078125 0.115625 0.15
1 0.978125 0.49140625 0.04375 0.116796875
0 0.5125 0.8859375 0.121875 0.2158203125
2 0.5125 0.496875 0.1796875 0.1794921875
3 0.4265625 0.49453125 0.12890625 0.1291015625
3 0.12421875 0.8140625 0.2484375 0.3658203125
1 0.896875 0.775 0.08125 0.1439453125
3 0.03359375 0.890625 0.0671875 0.109375
2 0.20625 0.7609375 0.2734375 0.2734375
0 0.746875 0.3609375 0.1953125 0.1953125
3 0.59375 0.76953125 0.15 0.2609375
1 0.35 0.35 0.096875 0.171875
0 0.8171875 0.503125 0.10625 0.187890625