0 0.6546875 0.11640625 0.178125 0.178125
0 0.94765625 0.3640625 0.1046875 0.2341796875
2 0.2625 0.471875 0.1125 0.394140625
0 0.109375 0.353125 0.14375 0.1435546875
3 0.26875 0.19140625 0.13125 0.105078125
2 0.7265625 0.5 0.203125 0.20234375
1 0.7234375 0.75546875 0.096875 0.171875
3 0.93125 0.76328125 0.1375 0.1703125
2 0.584375 0.46953125 0.40546875 0.40546875
3 0.4890625 0.8890625 0.1796875 0.180078125
2 0.88125 0.49375 0.2375 0.2875
2 0.93515625 0.18515625 0.1296875 0.2078125
0 0.8875 0.13046875 0.14375 0.2548828125
3 0.96640625 0.36015625 0.0671875 0.1171875
1 0.2671875 0.8890625 0.1296875 0.1298828125
2 0.1171875 0.1828125 0.234375 0.275
2 0.26875 0.33359375 0.209375 0.3890625