3 0.203125 0.478125 0.1390625 0.1390625
2 0.2 0.771875 0.103125 0.337890625
2 0.2078125 0.63359375 0.29140625 0.29140625
0 0.95703125 0.090625 0.0859375 0.115625
0 0.66875 0.103125 0.15625 0.15625
2 0.6078125 0.221875 0.3203125 0.320703125
3 0.05546875 0.346875 0.1109375 0.11875
0 0.03046875 0.33515625 0.0609375 0.0953125
2 0.825 0.503125 0.21875 0.2658203125
3 0.3671875 0.34140625 0.0875 0.15
1 0.75625 0.89140625 0.075 0.133203125
3 0.5953125 0.84140625 0.1375 0.3109375
2 0.51875 0.471875 0.3125 0.287890625
3 0.75625 0.2109375 0.1515625 0.1515625
3 0.5984375 0.75546875 0.17890625 0.1791015625
2 0.828125 0.61640625 0.26328125 0.263671875
3 0.515625 0.34453125 0.1765625 0.1765625
3 0.4390625 0.128125 0.1890625 0.1890625
2 0.203125 0.85546875 0.215625 0.2830078125
1 0.675 0.76953125 0.13046875 0.130078125
2 0.671875 0.8390625 0.128125 0.3158203125
3 0.5171875 0.15859375 0.23828125 0.23828125