0 0.5375 0.19140625 0.0875 0.15546875
2 0.1453125 0.2 0.203125 0.33359375
3 0.9640625 0.20546875 0.071875 0.25
1 0.76875 0.075 0.08125 0.14453125
0 0.5390625 0.48046875 0.128125 0.228125
2 0.771875 0.625 0.159375 0.1890625
1 0.6921875 0.475 0.06875 0.121875
2 0.38125 0.275 0.26875 0.54453125
2 0.8640625 0.34140625 0.203125 0.29453125
2 0.975 0.3359375 0.05 0.45546875
1 0.4609375 0.196875 0.09375 0.16640625
0 0.065625 0.1109375 0.121875 0.21640625
0 0.85 0.20546875 0.10625 0.1890625
3 0.91171875 0.76640625 0.1765625 0.15
1 0.08125 0.625 0.059375 0.10546875
3 0.225 0.9140625 0.134375 0.121875
2 0.3875 0.8859375 0.23125 0.15
0 0.315625 0.778125 0.1 0.178125
2 0.3046875 0.21953125 0.146875 0.2390625
1 0.08125 0.2 0.0625 0.1109375
1 0.084375 0.903125 0.0875 0.15546875
2 0.025 0.61640625 0.05 0.15