0 0.878125 0.0859375 0.09375 0.1658203125
1 0.253125 0.35 0.0828125 0.0826171875
0 0.3390625 0.471875 0.14375 0.2560546875
2 0.334375 0.771875 0.2234375 0.2234375
3 0.496875 0.7609375 0.1390625 0.1390625
0 0.875 0.871875 0.1953125 0.1953125
0 0.4234375 0.903125 0.096875 0.171875
0 0.003125 0.196875 0.00625 0.212109375
0 0.00234375 0.9 0.0046875 0.178125
0 0.93828125 0.77109375 0.1234375 0.1515625
0 0.3453125 0.61640625 0.1390625 0.1390625
3 0.4125 0.503125 0.25625 0.25625
3 0.06171875 0.46953125 0.1234375 0.355078125
3 0.084375 0.153125 0.16875 0.2125
0 0.18125 0.90546875 0.14296875 0.143359375
3 0.2546875 0.1359375 0.1625 0.2658203125
3 0.7265625 0.19453125 0.20234375 0.2025390625
0 0.6546875 0.9 0.1265625 0.12578125