0 0.5328125 0.196875 0.1828125 0.182421875
3 0.621875 0.2 0.225 0.3939453125
1 0.221875 0.471875 0.1 0.1
2 0.9375 0.49453125 0.125 0.3548828125
2 0.9578125 0.778125 0.084375 0.255859375
2 0.5484375 0.85 0.2484375 0.248828125
3 0.30625 0.6359375 0.303125 0.3033203125
2 0.696875 0.2140625 0.240625 0.18984375
3 0.375 0.35546875 0.065625 0.1390625
0 0.778125 0.6390625 0.134375 0.134375
2 0.81484375 0.6359375 0.3703125 0.43125
2 0.0875 0.765625 0.175 0.221875
3 0.23125 0.3640625 0.14375 0.209765625
2 0.30625 0.86640625 0.19453125 0.19453125
3 0.065625 0.478125 0.0875 0.1439453125
1 0.5375 0.35 0.0625 0.112109375
2 0.2328125 0.26640625 0.4 0.4
1 0.3140625 0.771875 0.0953125 0.0953125
1 0.15 0.19453125 0.096875 0.171875
1 0.9625 0.62421875 0.075 0.1078125
2 0.953125 0.7890625 0.09375 0.416015625
2 0.78125 0.803125 0.30625 0.387890625