3 0.4734375 0.771875 0.13125 0.221875
3 0.99765625 0.128125 0.0046875 0.25
0 0.31875 0.88359375 0.128125 0.228125
1 0.9453125 0.628125 0.090625 0.1609375
1 0.4796875 0.475 0.09375 0.16640625
0 0.7796875 0.88046875 0.13125 0.23359375
3 0.028125 0.4859375 0.05625 0.18359375
1 0.55625 0.4890625 0.078125 0.1390625
0 0.7 0.78046875 0.11875 0.2109375
0 0.3140625 0.1140625 0.125 0.221875
3 0.1671875 0.9 0.1 0.028125
0 0.9296875 0.13046875 0.140625 0.25546875
2 0.784375 0.64140625 0.24375 0.478125
2 0.93125 0.8390625 0.1375 0.31640625
3 0.1546875 0.60859375 0.175 0.1109375
0 0.553125 0.6140625 0.128125 0.228125
1 0.940625 0.35859375 0.065625 0.11640625
1 0.7078125 0.08046875 0.0625 0.1109375