1 0.803125 0.76640625 0.10390625 0.1041015625
2 0.12734375 0.47734375 0.2546875 0.3171875
2 0.4109375 0.63359375 0.27734375 0.276953125
2 0.4140625 0.14453125 0.24375 0.2830078125
2 0.240625 0.775 0.16875 0.16875
1 0.1640625 0.0890625 0.134375 0.134375
2 0.7890625 0.3390625 0.309375 0.308984375
2 0.16640625 0.34921875 0.3328125 0.4546875
3 0.403125 0.7640625 0.109375 0.183984375
3 0.334375 0.21640625 0.23125 0.4109375
0 0.1671875 0.75859375 0.20390625 0.20390625
0 0.93359375 0.19609375 0.1328125 0.1578125
0 0.94375 0.89921875 0.1125 0.1328125
2 0.79375 0.60859375 0.17578125 0.1755859375
3 0.9234375 0.46875 0.153125 0.221875
0 0.634375 0.871875 0.1953125 0.1953125
3 0.93203125 0.153125 0.1359375 0.190625
0 0.475 0.353125 0.1828125 0.1826171875
0 0.490625 0.503125 0.16875 0.169140625
3 0.7953125 0.0890625 0.1234375 0.1234375
2 0.87890625 0.19375 0.2421875 0.240625
2 0.709375 0.675 0.40625 0.406640625
0 0.65 0.60859375 0.20390625 0.20390625
2 0.1 0.47421875 0.2 0.3265625