0 0.8046875 0.20859375 0.14296875 0.1431640625
0 0.1734375 0.621875 0.1828125 0.1826171875
2 0.95234375 0.625 0.0953125 0.3
3 0.8703125 0.753125 0.128125 0.2158203125
3 0.8734375 0.203125 0.1234375 0.123046875
0 0.165625 0.3609375 0.125 0.12578125
0 0.88125 0.878125 0.134375 0.23828125
0 0.4125 0.33046875 0.18671875 0.18671875
0 0.2515625 0.10859375 0.11875 0.2109375
2 0.484375 0.3640625 0.253125 0.228125
1 0.9734375 0.61640625 0.053125 0.0890625
2 0.10625 0.62421875 0.2125 0.3078125
0 0.80625 0.09453125 0.103125 0.1830078125
3 0.090625 0.20546875 0.071875 0.4048828125
2 0.553125 0.346875 0.3109375 0.310546875
3 0.79375 0.34453125 0.08125 0.1951171875
1 0.95 0.075 0.08125 0.1439453125