2 0.00234375 0.6140625 0.0046875 0.20546875
1 0.65 0.2140625 0.078125 0.1390625
1 0.3203125 0.75859375 0.08125 0.14453125
2 0.7125 0.70546875 0.303125 0.58359375
3 0.7921875 0.221875 0.10625 0.4390625
2 0.86640625 0.60859375 0.2671875 0.228125
0 0.553125 0.88046875 0.13125 0.23359375
1 0.99609375 0.60859375 0.0078125 0.121875
3 0.09609375 0.18046875 0.1921875 0.35546875
3 0.99296875 0.21640625 0.0140625 0.171875
3 0.7953125 0.48359375 0.121875 0.2
3 0.2515625 0.225 0.16875 0.3390625
1 0.4921875 0.6359375 0.071875 0.128125
0 0.4140625 0.46953125 0.125 0.221875
1 0.2546875 0.0859375 0.09375 0.16640625
0 0.634375 0.7609375 0.125 0.221875
3 0.559375 0.7609375 0.1875 0.16640625
0 0.2421875 0.3640625 0.10625 0.1890625
2 0.00625 0.1 0.0125 0.19453125
0 0.56875 0.48046875 0.10625 0.1890625
3 0.3328125 0.153125 0.19375 0.3
3 0.0703125 0.20546875 0.140625 0.1609375
1 0.709375 0.05859375 0.0625 0.1109375