3 0.3671875 0.346875 0.21875 0.2189453125
1 0.678125 0.33359375 0.08671875 0.08671875
2 0.15546875 0.33828125 0.3109375 0.3390625
3 0.04296875 0.8859375 0.0859375 0.13125
1 0.6859375 0.90546875 0.084375 0.15
1 0.8484375 0.35546875 0.09375 0.1669921875
2 0.825 0.3046875 0.35 0.375
3 0.15390625 0.46875 0.3078125 0.328125
1 0.071875 0.21953125 0.12109375 0.1212890625
3 0.1328125 0.6359375 0.1734375 0.1734375
1 0.01171875 0.625 0.0234375 0.1658203125
2 0.6015625 0.3390625 0.2234375 0.2234375
1 0.296875 0.4890625 0.0625 0.109765625
0 0.7578125 0.20859375 0.14296875 0.143359375
2 0.9421875 0.225 0.115625 0.3939453125
0 0.60625 0.2 0.140625 0.25
0 0.0484375 0.340625 0.096875 0.14375
1 0.0703125 0.771875 0.1 0.1