3 0.434375 0.503125 0.08125 0.14453125
0 0.5203125 0.503125 0.09375 0.16640625
2 0.9375 0.2 0.125 0.33359375
3 0.35 0.353125 0.196875 0.36640625
0 0.896875 0.1109375 0.121875 0.21640625
0 0.36875 0.20546875 0.121875 0.21640625
3 0.4296875 0.90546875 0.084375 0.13359375
0 0.2796875 0.7609375 0.1125 0.2
3 0.66875 0.75 0.128125 0.271875
2 0.06171875 0.34453125 0.1234375 0.371875
1 0.9125 0.625 0.059375 0.10546875
3 0.0671875 0.478125 0.134375 0.29453125
3 0.99453125 0.9140625 0.0109375 0.121875
1 0.9125 0.2 0.0625 0.1109375
0 0.2890625 0.89453125 0.115625 0.20546875
3 0.6703125 0.49140625 0.0875 0.15546875
1 0.915625 0.903125 0.0875 0.15546875
2 0.81875 0.61640625 0.125 0.15