3 0.8234375 0.771875 0.13125 0.221875
0 0.66875 0.88359375 0.128125 0.228125
1 0.8296875 0.475 0.09375 0.16640625
3 0.2734375 0.4859375 0.265625 0.18359375
1 0.90625 0.4890625 0.078125 0.1390625
1 0.1921875 0.903125 0.084375 0.15
1 0.0390625 0.478125 0.078125 0.1390625
2 0.28125 0.20859375 0.0875 0.228125
0 0.9953125 0.78046875 0.009375 0.2109375
0 0.6640625 0.1140625 0.125 0.221875
3 0.5171875 0.9 0.1 0.028125
3 0.0015625 0.63359375 0.003125 0.14453125
3 0.5046875 0.60859375 0.175 0.1109375
0 0.903125 0.6140625 0.128125 0.228125
3 0.1171875 0.34140625 0.084375 0.1390625