3 0.20625 0.5 0.16875 0.24453125
0 0.1921875 0.35859375 0.109375 0.19453125
2 0.95703125 0.225 0.0859375 0.44453125
2 0.821875 0.496875 0.278125 0.328125
2 0.425 0.8 0.1875 0.39453125
2 0.6671875 0.73359375 0.1625 0.528125
2 0.4375 0.6140625 0.265625 0.278125
2 0.02421875 0.203125 0.0484375 0.4
1 0.5015625 0.48046875 0.09375 0.16640625
0 0.8234375 0.746875 0.1375 0.24453125
3 0.1109375 0.33359375 0.15625 0.15
3 0.6625 0.4890625 0.078125 0.16640625
0 0.99453125 0.3359375 0.0109375 0.23359375
0 0.5859375 0.34453125 0.0875 0.15546875
0 0.01015625 0.8890625 0.0203125 0.21640625
3 0.2671875 0.1390625 0.09375 0.271875
0 0.6734375 0.621875 0.090625 0.1609375
2 0.05625 0.503125 0.1125 0.25
0 0.7484375 0.0859375 0.09375 0.16640625
1 0.5921875 0.75 0.0875 0.15546875
3 0.95234375 0.61953125 0.0953125 0.1
3 0.8203125 0.1359375 0.075 0.26640625
3 0.7375 0.4859375 0.153125 0.1390625
2 0.6671875 0.34453125 0.128125 0.178125
1 0.115625 0.91640625 0.059375 0.10546875
3 0.7453125 0.6359375 0.084375 0.1609375
0 0.96328125 0.0890625 0.0734375 0.171875
2 0.99609375 0.8859375 0.0078125 0.2109375