0 0.6984375 0.11640625 0.128125 0.228125
0 0.94765625 0.36328125 0.1046875 0.1484375
2 0.30625 0.471875 0.253125 0.253515625
0 0.153125 0.353125 0.14375 0.1435546875
3 0.3125 0.19140625 0.13125 0.105078125
2 0.7703125 0.5 0.09375 0.312109375
1 0.7671875 0.75546875 0.134375 0.134375
3 0.94765625 0.76328125 0.1046875 0.1484375
2 0.628125 0.46953125 0.221875 0.5890625
3 0.5328125 0.8890625 0.14375 0.2158203125
2 0.89765625 0.49375 0.2046875 0.265625
2 0.9515625 0.18515625 0.096875 0.1859375
0 0.91484375 0.1296875 0.1703125 0.196875
1 0.3109375 0.8890625 0.09375 0.166015625
2 0.1421875 0.18359375 0.1875 0.3609375
2 0.3125 0.33359375 0.209375 0.3890625