1 0.803125 0.76640625 0.075 0.13359375
2 0.09609375 0.478125 0.1921875 0.44453125
2 0.4109375 0.63359375 0.159375 0.39453125
2 0.4140625 0.14453125 0.24375 0.28359375
2 0.240625 0.775 0.115625 0.221875
1 0.1640625 0.0890625 0.096875 0.171875
2 0.7890625 0.3390625 0.134375 0.48359375
2 0.10625 0.35 0.2125 0.69453125
3 0.403125 0.7640625 0.109375 0.18359375
3 0.334375 0.21640625 0.23125 0.4109375
0 0.1671875 0.75859375 0.146875 0.2609375
0 0.946875 0.196875 0.10625 0.2109375
0 0.95546875 0.9 0.0890625 0.178125
2 0.79375 0.60859375 0.15625 0.19453125
3 0.95703125 0.46953125 0.0859375 0.35546875
0 0.634375 0.871875 0.140625 0.25
3 0.959375 0.153125 0.08125 0.3
0 0.475 0.353125 0.13125 0.23359375
0 0.490625 0.503125 0.121875 0.21640625
3 0.7953125 0.0890625 0.075 0.171875
2 0.8796875 0.19453125 0.1 0.38359375
2 0.709375 0.675 0.16875 0.64453125
0 0.65 0.60859375 0.146875 0.2609375
2 0.0359375 0.475 0.071875 0.58359375