3 0.6484375 0.771875 0.1765625 0.1765625
0 0.49375 0.88359375 0.128125 0.228125
1 0.6546875 0.475 0.1296875 0.1298828125
0 0.94453125 0.88046875 0.1109375 0.233203125
3 0.115625 0.4859375 0.23125 0.1841796875
1 0.73125 0.4890625 0.078125 0.13984375
1 0.040625 0.90234375 0.08125 0.1046875
2 0.10625 0.20859375 0.0875 0.228125
0 0.875 0.78046875 0.16484375 0.16484375
0 0.4890625 0.1140625 0.1734375 0.1734375
3 0.3421875 0.9 0.1 0.028125
2 0.87890625 0.64140625 0.2421875 0.3203125
3 0.3296875 0.60859375 0.14296875 0.14296875
0 0.728125 0.6140625 0.178125 0.178125
1 0.8828125 0.08046875 0.08671875 0.08671875