0 0.8828125 0.76953125 0.090625 0.1609375
1 0.578125 0.0640625 0.090625 0.0908203125
0 0.184375 0.896875 0.1125 0.2
0 0.053125 0.090625 0.10625 0.13125
0 0.93515625 0.203125 0.1296875 0.1625
1 0.4890625 0.896875 0.0953125 0.0953125
0 0.9703125 0.34375 0.059375 0.10625
1 0.346875 0.771875 0.071875 0.128125
3 0.6609375 0.496875 0.11875 0.212109375
2 0.41875 0.775 0.26875 0.26875
3 0.49375 0.6140625 0.165625 0.165625
1 0.346875 0.19453125 0.13046875 0.130078125
0 0.94453125 0.48515625 0.1109375 0.1296875