1 0.9421875 0.215625 0.115625 0.125
3 0.9390625 0.74609375 0.121875 0.1390625
0 0.48125 0.875 0.190625 0.191015625
0 0.7015625 0.34453125 0.20390625 0.20390625
0 0.4734375 0.08359375 0.12578125 0.12578125
1 0.315625 0.475 0.1046875 0.1044921875
0 0.5484375 0.353125 0.15625 0.15625
0 0.3984375 0.771875 0.190625 0.1908203125
3 0.86875 0.89453125 0.12109375 0.1212890625
1 0.4640625 0.61640625 0.09140625 0.091015625
2 0.9328125 0.74921875 0.134375 0.1890625
3 0.86875 0.346875 0.259375 0.187890625
3 0.071875 0.86640625 0.14375 0.1828125
1 0.784375 0.61953125 0.08671875 0.08671875