2 0.0109375 0.503125 0.021875 0.271875
0 0.99921875 0.771875 0.0015625 0.2109375
3 0.35625 0.09140625 0.06875 0.178125
1 0.9 0.34140625 0.08125 0.14453125
0 0.359375 0.75546875 0.115625 0.20546875
1 0.59375 0.91640625 0.06875 0.121875
1 0.00234375 0.078125 0.0046875 0.15
3 0.05546875 0.34453125 0.1109375 0.221875
1 0.2796875 0.35546875 0.065625 0.11640625
0 0.96484375 0.103125 0.0703125 0.2
3 0.1921875 0.64140625 0.071875 0.13359375
2 0.3546875 0.35 0.121875 0.2390625
2 0.1984375 0.153125 0.090625 0.3
0 0.5796875 0.09140625 0.1 0.178125
3 0.584375 0.20546875 0.0625 0.2890625
2 0.0625 0.75859375 0.125 0.34453125
1 0.1109375 0.903125 0.084375 0.15
0 0.434375 0.203125 0.1375 0.24453125
2 0.91171875 0.71640625 0.1765625 0.5609375
0 0.66875 0.21640625 0.096875 0.171875
0 0.9046875 0.0890625 0.096875 0.171875
2 0.98046875 0.2140625 0.0390625 0.3109375
1 0.2046875 0.2109375 0.084375 0.15
1 0.83125 0.2 0.084375 0.15