0 0.6171875 0.75546875 0.146875 0.2609375
1 0.4625 0.3390625 0.090625 0.1609375
0 0.8375 0.8859375 0.125 0.221875
2 0.91953125 0.203125 0.1609375 0.4
0 0.3765625 0.13046875 0.14375 0.25546875
3 0.4515625 0.2359375 0.246875 0.46640625
3 0.99765625 0.33359375 0.0046875 0.15
1 0.378125 0.76640625 0.0875 0.15546875
2 0.609375 0.46953125 0.1125 0.4
0 0.921875 0.8890625 0.121875 0.21640625
1 0.7 0.0859375 0.059375 0.10546875
0 0.534375 0.75 0.09375 0.16640625
2 0.9640625 0.503125 0.071875 0.25
0 0.6203125 0.203125 0.109375 0.19453125
3 0.2203125 0.4890625 0.109375 0.1890625
2 0.5421875 0.84140625 0.246875 0.3109375
3 0.3734375 0.9 0.090625 0.1609375