1 0.4921875 0.35859375 0.13046875 0.1302734375
1 0.7296875 0.346875 0.0953125 0.0953125
3 0.659375 0.821875 0.26875 0.26875
1 0.5671875 0.6109375 0.090625 0.159765625
0 0.10625 0.3640625 0.1390625 0.1390625
2 0.5703125 0.24453125 0.36953125 0.3697265625
1 0.3453125 0.90859375 0.12109375 0.1212890625
3 0.98359375 0.06875 0.0328125 0.05
3 0.01953125 0.2140625 0.0390625 0.35
0 0.96328125 0.6078125 0.0734375 0.121875
1 0.584375 0.76640625 0.084375 0.15
2 0.4171875 0.7609375 0.3296875 0.3296875
2 0.93203125 0.24609375 0.1359375 0.2515625
3 0.8078125 0.20859375 0.08125 0.0669921875