1 0.49375 0.225 0.1046875 0.1044921875
3 0.2625 0.20859375 0.290625 0.221875
0 0.8171875 0.353125 0.096875 0.171875
2 0.07109375 0.84375 0.1421875 0.196875
0 0.1171875 0.33359375 0.19140625 0.1912109375
1 0.1125 0.91953125 0.12109375 0.1212890625
0 0.1953125 0.496875 0.2 0.1998046875
1 0.103125 0.21953125 0.12578125 0.12578125
0 0.06328125 0.48828125 0.1265625 0.1578125
3 0.89375 0.896875 0.121875 0.121484375
2 0.196875 0.16640625 0.234375 0.234375
1 0.26875 0.35 0.0953125 0.0953125
1 0.103125 0.4859375 0.0828125 0.082421875
2 0.8125 0.503125 0.2 0.21171875
2 0.353125 0.4859375 0.3546875 0.3546875