1 0.7421875 0.49453125 0.13046875 0.1302734375
3 0.5015625 0.20859375 0.17265625 0.1724609375
1 0.5078125 0.49140625 0.065625 0.1169921875
0 0.04609375 0.8859375 0.0921875 0.2158203125
2 0.5859375 0.228125 0.284375 0.284375
0 0.99921875 0.503125 0.0015625 0.1841796875
2 0.059375 0.496875 0.11875 0.1841796875
3 0.7390625 0.08359375 0.12734375 0.12734375
1 0.415625 0.775 0.1125 0.1126953125
3 0.95546875 0.77109375 0.0890625 0.1015625
2 0.8875 0.7546875 0.225 0.23125
0 0.725 0.225 0.134375 0.134375
1 0.5734375 0.61953125 0.12109375 0.1212890625
0 0.265625 0.3609375 0.140625 0.25
3 0.1125 0.76953125 0.20546875 0.20546875
2 0.94765625 0.228125 0.1046875 0.45
0 0.3359375 0.503125 0.146875 0.14765625