3 0.128125 0.503125 0.1125 0.1126953125
0 0.2140625 0.503125 0.1296875 0.1298828125
2 0.6703125 0.2 0.203125 0.333984375
3 0.07109375 0.353125 0.1421875 0.3658203125
2 0.8859375 0.275 0.228125 0.5439453125
1 0.96953125 0.196875 0.0609375 0.1658203125
0 0.590625 0.1109375 0.16875 0.1689453125
0 0.0734375 0.2046875 0.146875 0.16875
3 0.1234375 0.90546875 0.10859375 0.1087890625
0 0.0359375 0.76015625 0.071875 0.1140625
3 0.3625 0.75 0.128125 0.271875
1 0.60625 0.625 0.0828125 0.0826171875
3 0.75 0.9140625 0.128125 0.128125
2 0.8984375 0.8859375 0.203125 0.15
0 0.840625 0.778125 0.1390625 0.1390625
2 0.8296875 0.21953125 0.146875 0.2390625
1 0.60625 0.2 0.0625 0.112109375
0 0.040625 0.89375 0.08125 0.121875
3 0.3640625 0.49140625 0.0875 0.1548828125
1 0.609375 0.903125 0.121875 0.1216796875
2 0.5125 0.61640625 0.125 0.15