3 0.6046875 0.771875 0.1765625 0.1765625
0 0.45 0.88359375 0.178125 0.178125
1 0.6109375 0.475 0.1296875 0.1298828125
0 0.9109375 0.88046875 0.13125 0.233203125
3 0.09375 0.4859375 0.1875 0.1841796875
1 0.6875 0.4890625 0.109375 0.108984375
1 0.02421875 0.90234375 0.0484375 0.0828125
2 0.0625 0.20859375 0.0875 0.228125
0 0.83125 0.78046875 0.11875 0.2109375
0 0.4453125 0.1140625 0.1734375 0.1734375
3 0.2984375 0.9 0.1 0.028125
0 0.9953125 0.13046875 0.009375 0.2548828125
2 0.8625 0.64140625 0.275 0.3421875
2 0.9578125 0.83828125 0.084375 0.1609375
3 0.2859375 0.60859375 0.14296875 0.14296875
0 0.684375 0.6140625 0.128125 0.228125
1 0.8390625 0.08046875 0.08671875 0.08671875