2 0.2890625 0.1109375 0.109375 0.21640625
3 0.596875 0.478125 0.1 0.178125
2 0.59375 0.771875 0.103125 0.3390625
2 0.6015625 0.63359375 0.29375 0.2890625
2 0.95 0.221875 0.1 0.4390625
3 0.4453125 0.346875 0.0875 0.15
1 0.284375 0.496875 0.06875 0.121875
0 0.378125 0.3359375 0.090625 0.1609375
3 0.7609375 0.34140625 0.0875 0.15
3 0.125 0.46953125 0.071875 0.18359375
3 0.96015625 0.84140625 0.0796875 0.3109375
2 0.878125 0.471875 0.24375 0.2890625
3 0.96484375 0.75546875 0.0703125 0.23359375
0 0.0125 0.621875 0.025 0.19453125
1 0.1390625 0.63046875 0.084375 0.15
1 0.04765625 0.3609375 0.0953125 0.171875
0 0.2046875 0.8890625 0.121875 0.21640625
1 0.0546875 0.19140625 0.075 0.13359375
3 0.909375 0.34453125 0.13125 0.221875
3 0.8328125 0.128125 0.128125 0.25
3 0.0375 0.35546875 0.075 0.36640625
2 0.596875 0.85546875 0.215625 0.28359375
3 0.9109375 0.15859375 0.165625 0.3109375