2 0.9203125 0.19140625 0.159375 0.2830078125
3 0.3203125 0.128125 0.15 0.15
0 0.621875 0.6109375 0.2 0.199609375
1 0.2453125 0.628125 0.1265625 0.12578125
3 0.7171875 0.75859375 0.1375 0.1375
0 0.08515625 0.8796875 0.1703125 0.18125
0 0.93046875 0.6296875 0.1390625 0.159375
0 0.0296875 0.78046875 0.059375 0.2109375
0 0.9390625 0.09140625 0.121875 0.1390625
0 0.23125 0.13046875 0.14375 0.2548828125
3 0.628125 0.19453125 0.29609375 0.2962890625
2 0.103125 0.64140625 0.20625 0.478125
2 0.25 0.8390625 0.2453125 0.2455078125
1 0.7109375 0.33046875 0.09140625 0.0912109375
2 0.8578125 0.3609375 0.096875 0.309765625
3 0.85625 0.88046875 0.17734375 0.1775390625
1 0.240625 0.35859375 0.09140625 0.0912109375
1 0.028125 0.0796875 0.05625 0.075