3 0.38125 0.5 0.20625 0.2064453125
0 0.3671875 0.35859375 0.15234375 0.1521484375
2 0.92890625 0.496875 0.1421875 0.328125
2 0.6 0.8 0.290625 0.2908203125
2 0.834375 0.73359375 0.33125 0.3453125
0 0.06953125 0.88515625 0.1390625 0.1671875
2 0.6125 0.6140625 0.271875 0.271875
2 0.13984375 0.20234375 0.2796875 0.2859375
1 0.6765625 0.48046875 0.13046875 0.1302734375
0 0.96484375 0.746875 0.0703125 0.2439453125
3 0.2859375 0.33359375 0.153125 0.153125
3 0.8375 0.4890625 0.121875 0.1220703125
0 0.7609375 0.34453125 0.12109375 0.121484375
0 0.134375 0.8890625 0.121875 0.216015625
3 0.4421875 0.1390625 0.1828125 0.1828125
0 0.8484375 0.621875 0.1265625 0.126171875
2 0.2140625 0.503125 0.1984375 0.1984375
0 0.9234375 0.0859375 0.09375 0.166015625
1 0.7671875 0.75 0.121875 0.1216796875
3 0.95078125 0.13515625 0.0984375 0.1546875
3 0.9125 0.4859375 0.153125 0.140234375
2 0.8421875 0.34453125 0.153125 0.153125
1 0.290625 0.91640625 0.08203125 0.082421875
3 0.9203125 0.6359375 0.121875 0.122265625