1 0.03828125 0.2140625 0.0765625 0.13984375
0 0.95 0.765625 0.1 0.11875
2 0.1671875 0.7046875 0.334375 0.41875
3 0.1796875 0.221875 0.271875 0.272265625
2 0.2703125 0.60859375 0.2640625 0.2640625
0 0.03125 0.8796875 0.0625 0.11875
1 0.4140625 0.60859375 0.0953125 0.0953125
3 0.95390625 0.6296875 0.0921875 0.115625
3 0.428125 0.21640625 0.140625 0.140625
3 0.1828125 0.48359375 0.1609375 0.1609375
2 0.653125 0.2140625 0.1375 0.421875
0 0.059375 0.7609375 0.11875 0.153125
3 0.0359375 0.76015625 0.071875 0.1046875
0 0.0265625 0.4796875 0.053125 0.1
1 0.096875 0.05859375 0.08671875 0.08671875