0 0.8390625 0.196875 0.1828125 0.1826171875
3 0.9078125 0.2 0.184375 0.394140625
1 0.528125 0.471875 0.071875 0.128125
1 0.0125 0.503125 0.025 0.162109375
2 0.8546875 0.85 0.203125 0.2939453125
3 0.6125 0.6359375 0.303125 0.3033203125
2 0.93203125 0.21328125 0.1359375 0.1546875
3 0.68125 0.35546875 0.10234375 0.10234375
2 0.0328125 0.25546875 0.065625 0.5048828125
3 0.1359375 0.153125 0.171875 0.3
2 0.3703125 0.76640625 0.134375 0.3109375
3 0.5375 0.3640625 0.14375 0.21015625
2 0.6125 0.86640625 0.19453125 0.19453125
3 0.371875 0.478125 0.115625 0.1158203125
1 0.84375 0.35 0.0625 0.11171875
2 0.5390625 0.26640625 0.4 0.4
1 0.6203125 0.771875 0.06875 0.121875
1 0.45625 0.19453125 0.096875 0.171875
1 0.2171875 0.08359375 0.090625 0.1609375
2 0.10859375 0.33515625 0.2171875 0.2890625
2 0.9265625 0.80234375 0.146875 0.2265625
3 0.2203125 0.90859375 0.14609375 0.1462890625
3 0.065625 0.6359375 0.071875 0.2158203125