2 0.0640625 0.84140625 0.128125 0.3109375
1 0.3625 0.75859375 0.08125 0.14453125
3 0.2859375 0.20546875 0.109375 0.121875
3 0.2125 0.75859375 0.13125 0.128125
3 0.7546875 0.4859375 0.265625 0.18359375
1 0.6734375 0.903125 0.084375 0.15
1 0.5203125 0.478125 0.078125 0.1390625
2 0.7625 0.20859375 0.0875 0.228125
3 0.97421875 0.9 0.0515625 0.028125
1 0.1359375 0.76953125 0.08125 0.14453125
1 0.2921875 0.89453125 0.078125 0.1390625
3 0.371875 0.63359375 0.225 0.14453125
3 0.278125 0.6140625 0.2875 0.171875
0 0.06171875 0.3390625 0.1234375 0.25
3 0.94921875 0.60859375 0.1015625 0.1109375
1 0.2796875 0.35 0.084375 0.15
3 0.5984375 0.34140625 0.084375 0.1390625