0 0.2359375 0.20859375 0.14296875 0.1431640625
2 0.3890625 0.625 0.10625 0.3
3 0.3015625 0.753125 0.171875 0.172265625
3 0.3046875 0.203125 0.084375 0.162109375
2 0.69375 0.75859375 0.2125 0.4048828125
3 0.6875 0.63046875 0.06875 0.128125
0 0.3125 0.878125 0.1859375 0.186328125
3 0.6109375 0.20859375 0.2 0.294921875
2 0.04375 0.36328125 0.0875 0.1359375
1 0.459375 0.61640625 0.12578125 0.12578125
2 0.70625 0.4890625 0.2125 0.2123046875
0 0.2375 0.09453125 0.14296875 0.1431640625
2 0.7703125 0.6140625 0.1875 0.1876953125
2 0.0265625 0.346875 0.053125 0.4841796875
3 0.225 0.34453125 0.13828125 0.137890625
1 0.38125 0.075 0.1125 0.112890625