0 0.1828125 0.771875 0.165625 0.165234375
2 0.9109375 0.49609375 0.178125 0.2453125
1 0.0421875 0.340625 0.084375 0.10625
2 0.93671875 0.8796875 0.1265625 0.1625
2 0.9109375 0.35 0.178125 0.278125
1 0.41875 0.90546875 0.13046875 0.1302734375
0 0.56875 0.8859375 0.134375 0.134375
0 0.1109375 0.103125 0.1125 0.2
2 0.4203125 0.48046875 0.34296875 0.3431640625
2 0.4171875 0.1125 0.228125 0.225
2 0.3421875 0.61640625 0.171875 0.228125
2 0.86328125 0.36875 0.2734375 0.428125
0 0.425 0.196875 0.190625 0.1908203125
0 0.6421875 0.8890625 0.11875 0.21015625
3 0.6515625 0.34453125 0.053125 0.1451171875
2 0.16640625 0.715625 0.3328125 0.409375
0 0.05078125 0.0890625 0.1015625 0.125
2 0.175 0.2140625 0.24375 0.244140625
3 0.56875 0.775 0.190625 0.337890625
2 0.8125 0.49140625 0.26484375 0.26484375
2 0.9890625 0.64140625 0.021875 0.3390625
3 0.94296875 0.7546875 0.1140625 0.125