1 0.8734375 0.49453125 0.13046875 0.1302734375
3 0.6328125 0.20859375 0.128125 0.216796875
1 0.6390625 0.49140625 0.09140625 0.0912109375
0 0.1625 0.8859375 0.16875 0.1689453125
2 0.7171875 0.228125 0.284375 0.284375
2 0.1625 0.496875 0.1796875 0.1794921875
3 0.8703125 0.08359375 0.09375 0.1609375
3 0.0765625 0.49453125 0.075 0.1830078125
1 0.546875 0.775 0.08125 0.1439453125
2 0.94375 0.7546875 0.1125 0.19375
0 0.85625 0.225 0.134375 0.134375
1 0.7046875 0.61953125 0.0875 0.1548828125
0 0.396875 0.3609375 0.1953125 0.1953125
3 0.24375 0.76953125 0.15 0.2609375
1 0.02421875 0.35 0.0484375 0.171875
0 0.4671875 0.503125 0.146875 0.147265625