0 0.1828125 0.771875 0.165625 0.165234375
2 0.9109375 0.49609375 0.178125 0.2453125
1 0.0328125 0.34140625 0.065625 0.144921875
2 0.9546875 0.88046875 0.090625 0.2330078125
2 0.9609375 0.35 0.078125 0.478125
1 0.41875 0.90546875 0.09375 0.166796875
0 0.56875 0.8859375 0.134375 0.134375
0 0.1109375 0.103125 0.15625 0.15625
2 0.4203125 0.48046875 0.34296875 0.3431640625
2 0.4171875 0.1125 0.228125 0.225
2 0.3421875 0.61640625 0.171875 0.228125
2 0.86328125 0.36875 0.2734375 0.428125
0 0.425 0.196875 0.190625 0.1908203125
0 0.6421875 0.8890625 0.1640625 0.164453125
3 0.6515625 0.34453125 0.053125 0.144921875
2 0.16640625 0.715625 0.3328125 0.409375
0 0.0390625 0.0890625 0.078125 0.171875
2 0.175 0.2140625 0.178125 0.309765625
3 0.56875 0.775 0.2640625 0.264453125
2 0.8125 0.49140625 0.26484375 0.26484375
2 0.94921875 0.640625 0.1015625 0.18125
3 0.9484375 0.75546875 0.103125 0.144921875