1 0.7125 0.225 0.075 0.13359375
3 0.48125 0.20859375 0.290625 0.221875
0 0.99375 0.353125 0.0125 0.171875
2 0.246875 0.84453125 0.121875 0.30546875
0 0.3359375 0.33359375 0.1375 0.24453125
1 0.33125 0.91953125 0.0875 0.15546875
0 0.04296875 0.621875 0.0859375 0.2609375
0 0.4140625 0.496875 0.14375 0.25546875
1 0.321875 0.21953125 0.090625 0.1609375
0 0.2546875 0.4890625 0.121875 0.21640625
2 0.415625 0.16640625 0.140625 0.328125
0 0.090625 0.90859375 0.096875 0.171875
1 0.4875 0.35 0.06875 0.121875
1 0.1796875 0.6109375 0.075 0.13359375
1 0.321875 0.4859375 0.059375 0.10546875
3 0.0953125 0.1140625 0.090625 0.221875
2 0.965625 0.503125 0.06875 0.2109375
2 0.571875 0.4859375 0.1875 0.521875