3 0.878125 0.178125 0.21875 0.35
1 0.9546875 0.0890625 0.090625 0.171875
0 0.4203125 0.33046875 0.128125 0.228125
3 0.4140625 0.203125 0.215625 0.3609375
2 0.8015625 0.24453125 0.234375 0.48359375
3 0.98046875 0.14453125 0.0390625 0.28359375
1 0.3359375 0.771875 0.065625 0.11640625
0 0.503125 0.4859375 0.103125 0.18359375
0 0.0484375 0.20859375 0.096875 0.23359375
0 0.0015625 0.471875 0.003125 0.16640625
3 0.99765625 0.8609375 0.0046875 0.271875
1 0.584375 0.75546875 0.078125 0.1390625
3 0.7390625 0.121875 0.121875 0.2390625
0 0.990625 0.48359375 0.01875 0.2109375