2 0.846875 0.6140625 0.1796875 0.179296875
2 0.6171875 0.496875 0.1796875 0.1798828125
1 0.4578125 0.46953125 0.065625 0.116796875
3 0.92421875 0.1796875 0.1515625 0.21875
1 0.534375 0.19140625 0.11328125 0.112890625
2 0.10625 0.4828125 0.2125 0.265625
1 0.45625 0.35546875 0.084375 0.15
1 0.071875 0.2109375 0.109375 0.10859375
1 0.709375 0.3640625 0.078125 0.140234375
0 0.08671875 0.61640625 0.1734375 0.1953125
2 0.85625 0.1 0.171875 0.1720703125
3 0.1578125 0.88046875 0.18515625 0.1853515625
3 0.9078125 0.20546875 0.17265625 0.17265625
0 0.6921875 0.13046875 0.14375 0.2548828125
2 0.6234375 0.34453125 0.13125 0.2390625