2 0.1546875 0.19140625 0.203125 0.283203125
3 0.92421875 0.9046875 0.1515625 0.1625
3 0.703125 0.771875 0.1515625 0.151953125
2 0.5546875 0.61640625 0.17734375 0.176953125
1 0.3109375 0.628125 0.09375 0.1658203125
0 0.778125 0.49140625 0.140625 0.25
0 0.1546875 0.63046875 0.115625 0.2048828125
1 0.7078125 0.621875 0.078125 0.13828125
0 0.1609375 0.09140625 0.1390625 0.1390625
2 0.94375 0.18046875 0.1125 0.3548828125
1 0.54375 0.771875 0.134375 0.134375
3 0.39375 0.796875 0.3078125 0.3078125
2 0.6953125 0.1 0.1546875 0.1548828125
2 0.0859375 0.36015625 0.171875 0.2046875
3 0.06875 0.88046875 0.121875 0.233203125
1 0.8609375 0.6390625 0.1125 0.112890625
1 0.6296875 0.3640625 0.1046875 0.1044921875
2 0.7828125 0.296875 0.2625 0.587890625