1 0.840625 0.0640625 0.065625 0.11640625
0 0.446875 0.896875 0.1125 0.2
0 0.2953125 0.09140625 0.1 0.178125
0 0.0125 0.103125 0.025 0.2
1 0.7515625 0.896875 0.06875 0.121875
2 0.0046875 0.221875 0.009375 0.4390625
1 0.609375 0.771875 0.071875 0.128125
3 0.9234375 0.496875 0.11875 0.2109375
2 0.125 0.503125 0.21875 0.26640625
1 0.05625 0.89140625 0.075 0.13359375
3 0.06640625 0.2109375 0.1328125 0.15
2 0.68125 0.775 0.215625 0.321875
3 0.75625 0.6140625 0.153125 0.178125
2 0.128125 0.61640625 0.19375 0.33359375
1 0.609375 0.19453125 0.09375 0.16640625
1 0.0109375 0.76953125 0.021875 0.16640625
2 0.01796875 0.8390625 0.0359375 0.31640625