1 0.97734375 0.765625 0.0453125 0.075
2 0.021875 0.35546875 0.04375 0.2109375
2 0.30625 0.478125 0.3265625 0.3267578125
2 0.6296875 0.63359375 0.27734375 0.2771484375
2 0.6328125 0.14453125 0.26328125 0.263671875
2 0.459375 0.775 0.16875 0.16875
1 0.3828125 0.0890625 0.134375 0.134375
2 0.9703125 0.3390625 0.059375 0.483984375
2 0.321875 0.35 0.21875 0.6939453125
3 0.621875 0.7640625 0.109375 0.183984375
3 0.553125 0.21640625 0.32109375 0.32109375
0 0.3859375 0.75859375 0.20390625 0.20390625
2 0.053125 0.35234375 0.10625 0.1515625
2 0.9671875 0.60859375 0.065625 0.1951171875
0 0.853125 0.871875 0.1953125 0.1953125
0 0.69375 0.353125 0.1828125 0.1826171875
0 0.709375 0.503125 0.121875 0.2158203125
3 0.98828125 0.0890625 0.0234375 0.171875
2 0.8609375 0.67421875 0.278125 0.4015625
0 0.86875 0.60859375 0.20390625 0.20390625
2 0.18515625 0.47421875 0.3703125 0.4234375