1 0.165625 0.621875 0.1046875 0.1044921875
1 0.1625 0.0859375 0.0828125 0.0826171875
0 0.471875 0.88046875 0.13125 0.2330078125
3 0.546875 0.49453125 0.1125 0.2048828125
2 0.04765625 0.61328125 0.0953125 0.1328125
0 0.2328125 0.196875 0.1515625 0.1517578125
3 0.7015625 0.11953125 0.20234375 0.2025390625
1 0.3125 0.21640625 0.11328125 0.1130859375
3 0.85625 0.746875 0.15625 0.15625
3 0.2421875 0.33359375 0.15703125 0.156640625
3 0.55625 0.753125 0.08125 0.13828125
2 0.6359375 0.803125 0.146875 0.387890625
0 0.2359375 0.625 0.15625 0.15625
1 0.075 0.8859375 0.109375 0.108984375