0 0.6734375 0.20859375 0.14296875 0.1431640625
0 0.05390625 0.621875 0.1078125 0.2341796875
2 0.8265625 0.625 0.203125 0.203125
3 0.7390625 0.753125 0.171875 0.1720703125
3 0.7421875 0.203125 0.1234375 0.123046875
0 0.04921875 0.36015625 0.0984375 0.1203125
0 0.75 0.878125 0.134375 0.237890625
0 0.28125 0.33046875 0.18671875 0.18671875
3 0.94375 0.2078125 0.1125 0.171875
0 0.1203125 0.10859375 0.11875 0.2109375
2 0.353125 0.3640625 0.240625 0.240625
1 0.896875 0.61640625 0.12578125 0.12578125
0 0.675 0.09453125 0.103125 0.1830078125
2 0.421875 0.346875 0.1375 0.4841796875
3 0.6625 0.34453125 0.13828125 0.137890625
1 0.81875 0.075 0.08125 0.144140625