2 0.3734375 0.19140625 0.24296875 0.243359375
0 0.0625 0.6109375 0.125 0.255859375
3 0.921875 0.771875 0.1515625 0.1517578125
2 0.7734375 0.61640625 0.17734375 0.1771484375
1 0.5296875 0.628125 0.1296875 0.1298828125
3 0.1484375 0.75859375 0.1375 0.1375
0 0.96328125 0.49140625 0.0734375 0.25
0 0.3734375 0.63046875 0.16015625 0.160546875
1 0.9265625 0.621875 0.1078125 0.108203125
0 0.3796875 0.09140625 0.1390625 0.1390625
3 0.08203125 0.19453125 0.1640625 0.383203125
1 0.7625 0.771875 0.096875 0.171875
3 0.6125 0.796875 0.3078125 0.3078125
1 0.1421875 0.33046875 0.09140625 0.0912109375
2 0.9140625 0.1 0.1546875 0.155078125
2 0.2890625 0.3609375 0.203125 0.203515625
3 0.2875 0.88046875 0.121875 0.2330078125
1 0.8484375 0.3640625 0.1046875 0.1044921875
2 0.93515625 0.296875 0.1296875 0.58828125