1 0.9734375 0.47109375 0.053125 0.0765625
3 0.303125 0.20546875 0.2 0.2
1 0.06875 0.075 0.1125 0.1126953125
1 0.4609375 0.503125 0.090625 0.162109375
2 0.07578125 0.625 0.1515625 0.187890625
1 0.01328125 0.475 0.0265625 0.121875
2 0.1640625 0.34140625 0.24921875 0.2490234375
3 0.94375 0.63515625 0.1125 0.1953125
2 0.3203125 0.3359375 0.2984375 0.2982421875
2 0.4671875 0.25546875 0.159375 0.5048828125
3 0.6171875 0.153125 0.171875 0.3
2 0.8515625 0.76640625 0.22265625 0.22265625
0 0.15 0.20546875 0.10625 0.1890625
3 0.2296875 0.76640625 0.2125 0.15
3 0.95390625 0.36328125 0.0921875 0.1328125
0 0.3953125 0.10546875 0.115625 0.205078125
3 0.853125 0.478125 0.115625 0.1158203125
2 0.890625 0.265625 0.21875 0.321875
1 0.9375 0.19453125 0.096875 0.171875
1 0.6984375 0.08359375 0.12578125 0.12578125
1 0.3890625 0.33046875 0.065625 0.1169921875
2 0.5546875 0.3359375 0.2890625 0.2892578125
3 0.7015625 0.90859375 0.14609375 0.1462890625
3 0.546875 0.6359375 0.071875 0.2158203125