2 0.05390625 0.840625 0.1078125 0.175
0 0.9703125 0.8828125 0.059375 0.115625
1 0.275 0.75859375 0.11328125 0.1130859375
3 0.1984375 0.20546875 0.109375 0.121875
3 0.125 0.75859375 0.13125 0.128125
3 0.6671875 0.4859375 0.225 0.2248046875
1 0.5859375 0.903125 0.1171875 0.1171875
1 0.4328125 0.478125 0.1078125 0.10859375
2 0.675 0.20859375 0.1578125 0.1578125
0 0.9703125 0.11328125 0.059375 0.1140625
3 0.9109375 0.9 0.1 0.028125
1 0.05234375 0.76875 0.1046875 0.1125
1 0.2046875 0.89453125 0.078125 0.1390625
3 0.284375 0.63359375 0.18515625 0.1849609375
3 0.190625 0.6140625 0.2875 0.171875
0 0.01796875 0.3390625 0.0359375 0.25
3 0.8984375 0.60859375 0.175 0.1109375
1 0.1921875 0.35 0.084375 0.15
3 0.5109375 0.34140625 0.084375 0.1390625