3 0.6484375 0.771875 0.13125 0.221875
0 0.49375 0.88359375 0.128125 0.228125
1 0.6546875 0.475 0.09375 0.16640625
0 0.94453125 0.88046875 0.1109375 0.23359375
3 0.115625 0.4859375 0.23125 0.18359375
1 0.73125 0.4890625 0.078125 0.1390625
1 0.0296875 0.903125 0.059375 0.15
2 0.10625 0.20859375 0.0875 0.228125
0 0.875 0.78046875 0.11875 0.2109375
0 0.4890625 0.1140625 0.125 0.221875
3 0.3421875 0.9 0.1 0.028125
2 0.91875 0.64140625 0.1625 0.478125
3 0.3296875 0.60859375 0.175 0.1109375
0 0.728125 0.6140625 0.128125 0.228125
1 0.8828125 0.08046875 0.0625 0.1109375