0 0.6546875 0.621875 0.13125 0.23359375
0 0.3328125 0.128125 0.140625 0.25
0 0.646875 0.3609375 0.090625 0.1609375
3 0.19375 0.1109375 0.165625 0.21640625
0 0.89375 0.33046875 0.134375 0.2390625
0 0.7328125 0.10859375 0.11875 0.2109375
2 0.91953125 0.3640625 0.1609375 0.228125
1 0.0375 0.7640625 0.075 0.1609375
3 0.096875 0.35859375 0.059375 0.10546875
2 0.4953125 0.625 0.2125 0.49453125
0 0.415625 0.21953125 0.1125 0.2
2 0.0390625 0.225 0.078125 0.39453125
3 0.571875 0.20546875 0.071875 0.40546875
3 0.26875 0.09453125 0.084375 0.18359375
1 0.34375 0.63359375 0.090625 0.1609375
2 0.9828125 0.346875 0.034375 0.48359375
1 0.4109375 0.896875 0.08125 0.14453125