0 0.7703125 0.871875 0.1953125 0.1953125
2 0.096875 0.49609375 0.19375 0.2546875
2 0.228125 0.2 0.165625 0.237890625
3 0.3828125 0.2140625 0.1578125 0.1578125
2 0.90625 0.3546875 0.1875 0.19375
3 0.621875 0.503125 0.1953125 0.1953125
2 0.10546875 0.35 0.2109375 0.3
2 0.23125 0.80546875 0.1375 0.3830078125
2 0.94296875 0.35234375 0.1140625 0.1578125
2 0.09296875 0.36875 0.1859375 0.36875
1 0.7765625 0.3640625 0.071875 0.128125
1 0.7734375 0.225 0.0953125 0.0953125
3 0.453125 0.0859375 0.13125 0.131640625
0 0.303125 0.35 0.128125 0.228125
1 0.8421875 0.08359375 0.0875 0.1548828125
0 0.9328125 0.76640625 0.134375 0.134375
3 0.21875 0.48046875 0.215625 0.215625
2 0.06328125 0.640625 0.1265625 0.196875