0 0.00625 0.19140625 0.0125 0.15546875
3 0.434375 0.20546875 0.15 0.25
1 0.2 0.075 0.08125 0.14453125
1 0.5921875 0.503125 0.090625 0.1609375
0 0.0171875 0.48046875 0.034375 0.228125
2 0.203125 0.625 0.159375 0.1890625
1 0.1234375 0.475 0.06875 0.121875
2 0.2953125 0.34140625 0.203125 0.29453125
2 0.4515625 0.3359375 0.140625 0.45546875
2 0.5984375 0.25546875 0.159375 0.50546875
3 0.7484375 0.153125 0.171875 0.3
2 0.9578125 0.76640625 0.084375 0.3109375
0 0.28125 0.20546875 0.10625 0.1890625
3 0.3609375 0.76640625 0.2125 0.15
0 0.5265625 0.10546875 0.115625 0.20546875
3 0.9703125 0.478125 0.059375 0.14453125
1 0.8296875 0.08359375 0.090625 0.1609375
1 0.5203125 0.33046875 0.065625 0.11640625
2 0.6859375 0.3359375 0.134375 0.44453125
3 0.8328125 0.90859375 0.1375 0.15546875
3 0.678125 0.6359375 0.071875 0.21640625