3 0.6234375 0.90546875 0.16171875 0.162109375
3 0.396875 0.771875 0.1515625 0.1517578125
0 0.95703125 0.76015625 0.0859375 0.1359375
2 0.2484375 0.61640625 0.1375 0.2169921875
1 0.03984375 0.62734375 0.0796875 0.1078125
2 0.790625 0.3640625 0.2125 0.2125
0 0.471875 0.49140625 0.1953125 0.1953125
1 0.4015625 0.621875 0.1078125 0.108203125
0 0.9390625 0.353125 0.10625 0.187890625
2 0.715625 0.18046875 0.26875 0.355078125
2 0.934375 0.6328125 0.13125 0.153125
1 0.2375 0.771875 0.096875 0.171875
3 0.09765625 0.796875 0.1953125 0.4
2 0.3890625 0.1 0.1546875 0.1548828125
1 0.5546875 0.6390625 0.1125 0.1126953125
1 0.3234375 0.3640625 0.1046875 0.1044921875
2 0.4765625 0.296875 0.2625 0.587890625