2 0.6828125 0.1109375 0.1625 0.1626953125
3 0.95546875 0.478125 0.0890625 0.11875
2 0.93359375 0.77109375 0.1328125 0.2015625
3 0.209375 0.75 0.128125 0.128125
2 0.92421875 0.63359375 0.1515625 0.2890625
3 0.8390625 0.346875 0.11875 0.11875
1 0.678125 0.496875 0.06875 0.121875
0 0.771875 0.3359375 0.125 0.12578125
3 0.51875 0.46953125 0.071875 0.183203125
1 0.1421875 0.6140625 0.084375 0.15
1 0.021875 0.6296875 0.04375 0.075
0 0.3640625 0.621875 0.1515625 0.1517578125
1 0.5328125 0.63046875 0.1171875 0.1171875
1 0.440625 0.3609375 0.134375 0.134375
0 0.5984375 0.8890625 0.16875 0.169140625
1 0.4484375 0.19140625 0.10390625 0.104296875
1 0.2078125 0.4890625 0.134375 0.134375
2 0.140625 0.103125 0.1640625 0.1640625
3 0.371875 0.35546875 0.28046875 0.2802734375
0 0.02890625 0.49140625 0.0578125 0.2609375
2 0.94140625 0.85546875 0.1171875 0.283203125