1 0.75625 0.225 0.075 0.13359375
3 0.525 0.20859375 0.290625 0.221875
2 0.290625 0.84453125 0.121875 0.30546875
0 0.3796875 0.33359375 0.1375 0.24453125
1 0.375 0.91953125 0.0875 0.15546875
0 0.06484375 0.621875 0.1296875 0.2609375
0 0.4578125 0.496875 0.14375 0.25546875
1 0.365625 0.21953125 0.090625 0.1609375
0 0.01796875 0.3359375 0.0359375 0.20546875
3 0.01953125 0.746875 0.0390625 0.178125
0 0.2984375 0.4890625 0.121875 0.21640625
2 0.459375 0.16640625 0.140625 0.328125
0 0.134375 0.90859375 0.096875 0.171875
1 0.53125 0.35 0.06875 0.121875
1 0.2234375 0.6109375 0.075 0.13359375
1 0.365625 0.4859375 0.059375 0.10546875
0 0.01640625 0.2109375 0.0328125 0.2
3 0.1390625 0.1140625 0.090625 0.221875
2 0.9875 0.503125 0.025 0.2109375
2 0.615625 0.4859375 0.1875 0.521875