2 0.321875 0.6140625 0.1796875 0.1794921875
2 0.0921875 0.496875 0.1796875 0.1798828125
1 0.7140625 0.75859375 0.11328125 0.112890625
2 0.91015625 0.7046875 0.1796875 0.315625
0 0.92578125 0.8796875 0.1484375 0.175
3 0.4890625 0.18046875 0.19375 0.3548828125
1 0.03671875 0.190625 0.0734375 0.096875
3 0.6453125 0.225 0.253125 0.253515625
1 0.8859375 0.6359375 0.1 0.1
0 0.8078125 0.46953125 0.1734375 0.1734375
1 0.6484375 0.0859375 0.1296875 0.130078125
1 0.184375 0.3640625 0.109375 0.10859375
0 0.959375 0.7609375 0.08125 0.128125
3 0.9265625 0.76015625 0.146875 0.1546875
0 0.6359375 0.3640625 0.10625 0.190234375
2 0.33125 0.1 0.15 0.1939453125
0 0.9421875 0.4796875 0.115625 0.140625
3 0.7265625 0.153125 0.246875 0.246875
3 0.4125 0.20546875 0.20234375 0.20234375
0 0.1671875 0.13046875 0.19921875 0.1994140625
2 0.0984375 0.34453125 0.18515625 0.18515625