1 0.778125 0.621875 0.1046875 0.1044921875
1 0.3125 0.20859375 0.0625 0.1109375
2 0.140625 0.61953125 0.19375 0.271875
1 0.775 0.0859375 0.0828125 0.082421875
2 0.6140625 0.6140625 0.1609375 0.1607421875
0 0.8453125 0.196875 0.1515625 0.151953125
1 0.925 0.21640625 0.08125 0.144921875
2 0.215625 0.771875 0.121875 0.1220703125
2 0.453125 0.6140625 0.2125 0.212109375
3 0.8546875 0.33359375 0.15703125 0.156640625
0 0.296875 0.75 0.1859375 0.18671875
0 0.07734375 0.36328125 0.1546875 0.1796875
0 0.534375 0.3640625 0.090625 0.159765625
0 0.8484375 0.625 0.15625 0.15625
1 0.6875 0.8859375 0.078125 0.140234375