1 0.078125 0.621875 0.075 0.13359375
1 0.075 0.0859375 0.059375 0.10546875
0 0.384375 0.88046875 0.13125 0.23359375
3 0.459375 0.49453125 0.1125 0.20546875
3 0.99296875 0.63359375 0.0140625 0.33359375
0 0.1453125 0.196875 0.109375 0.19453125
3 0.6140625 0.11953125 0.171875 0.23359375
1 0.225 0.21640625 0.08125 0.14453125
3 0.76875 0.746875 0.1125 0.2
3 0.1546875 0.33359375 0.11875 0.19453125
3 0.46875 0.753125 0.08125 0.1390625
2 0.5484375 0.803125 0.146875 0.3890625
0 0.1484375 0.625 0.1125 0.2
1 0.01328125 0.8859375 0.0265625 0.1390625