1 0.7859375 0.49453125 0.09375 0.16640625
3 0.5453125 0.20859375 0.128125 0.21640625
1 0.5515625 0.49140625 0.065625 0.11640625
0 0.075 0.8859375 0.121875 0.21640625
2 0.6296875 0.228125 0.11875 0.45
2 0.08125 0.496875 0.1625 0.18359375
3 0.7828125 0.08359375 0.09375 0.1609375
3 0.01328125 0.49453125 0.0265625 0.18359375
1 0.459375 0.775 0.08125 0.14453125
3 0.99375 0.771875 0.0125 0.16640625
2 0.934375 0.75546875 0.1 0.3609375
0 0.76875 0.225 0.096875 0.171875
1 0.6171875 0.61953125 0.0875 0.15546875
0 0.309375 0.3609375 0.140625 0.25
3 0.15625 0.76953125 0.15 0.2609375
2 0.96953125 0.228125 0.0609375 0.45
0 0.3796875 0.503125 0.10625 0.1890625