3 0.2265625 0.753125 0.1125 0.28359375
1 0.0734375 0.21640625 0.090625 0.1609375
3 0.0734375 0.746875 0.078125 0.2
2 0.5390625 0.78046875 0.25 0.26640625
3 0.97734375 0.75 0.0453125 0.171875
1 0.3765625 0.4859375 0.071875 0.128125
3 0.3859375 0.78046875 0.115625 0.20546875
1 0.9296875 0.6140625 0.084375 0.15
3 0.01875 0.89453125 0.0375 0.15546875
1 0.7609375 0.63046875 0.078125 0.1390625
1 0.290625 0.496875 0.084375 0.15
1 0.9734375 0.4890625 0.053125 0.171875
2 0.1421875 0.75 0.190625 0.3
2 0.928125 0.103125 0.128125 0.2
0 0.771875 0.49140625 0.146875 0.2609375
3 0.06171875 0.346875 0.1234375 0.1890625
1 0.53125 0.35546875 0.0625 0.1109375