2 0.0765625 0.61328125 0.153125 0.1703125
1 0.78125 0.2140625 0.109375 0.108984375
1 0.4515625 0.75859375 0.11328125 0.1130859375
2 0.8109375 0.7046875 0.378125 0.44375
3 0.9234375 0.221875 0.10625 0.437890625
2 0.9203125 0.6078125 0.159375 0.18125
0 0.684375 0.88046875 0.13125 0.233203125
3 0.2265625 0.18046875 0.27421875 0.2744140625
3 0.92265625 0.48359375 0.1546875 0.1609375
3 0.3828125 0.225 0.253125 0.253515625
1 0.6234375 0.6359375 0.071875 0.128125
0 0.5453125 0.46953125 0.1734375 0.1734375
1 0.3859375 0.0859375 0.1296875 0.1298828125
0 0.765625 0.7609375 0.1734375 0.1734375
3 0.690625 0.7609375 0.1765625 0.1767578125
0 0.3734375 0.3640625 0.1484375 0.148046875
2 0.071875 0.1 0.14375 0.1939453125
0 0.7 0.48046875 0.10625 0.1890625
3 0.4640625 0.153125 0.19375 0.3
3 0.15 0.20546875 0.24375 0.1609375
1 0.840625 0.05859375 0.08671875 0.08671875