0 0.65 0.34140625 0.09375 0.16640625
0 0.4203125 0.9140625 0.09375 0.16640625
1 0.03203125 0.346875 0.0640625 0.121875
3 0.0265625 0.821875 0.053125 0.35
2 0.884375 0.61953125 0.19375 0.271875
1 0.4203125 0.35546875 0.0875 0.15546875
3 0.3453125 0.06953125 0.115625 0.0890625
2 0.959375 0.771875 0.078125 0.16640625
0 0.3390625 0.60859375 0.125 0.221875
0 0.65 0.20546875 0.0875 0.15546875
0 0.503125 0.48046875 0.103125 0.18359375
0 0.98671875 0.75 0.0265625 0.2390625
0 0.80625 0.3640625 0.13125 0.23359375
2 0.3484375 0.246875 0.13125 0.4890625
3 0.56875 0.625 0.09375 0.178125
1 0.56875 0.34140625 0.08125 0.14453125
3 0.1078125 0.20859375 0.08125 0.06640625