1 0.2 0.503125 0.096875 0.171875
0 0.91171875 0.87421875 0.1765625 0.1921875
0 0.04609375 0.76015625 0.0921875 0.1390625
0 0.9109375 0.08359375 0.12578125 0.12578125
1 0.753125 0.475 0.1046875 0.104296875
2 0.1390625 0.496875 0.278125 0.98828125
2 0.125 0.3609375 0.146875 0.3560546875
0 0.9484375 0.35234375 0.103125 0.1359375
0 0.0765625 0.490625 0.153125 0.190625
0 0.8359375 0.771875 0.1375 0.2439453125
3 0.2140625 0.85 0.11875 0.2939453125
2 0.2046875 0.74140625 0.228125 0.5109375
1 0.9015625 0.61640625 0.09140625 0.091015625
3 0.3546875 0.86640625 0.375 0.2609375