2 0.590625 0.625 0.1609375 0.1607421875
2 0.89140625 0.75234375 0.2171875 0.2296875
0 0.515625 0.60859375 0.14296875 0.1431640625
0 0.02890625 0.490625 0.0578125 0.09375
1 0.9734375 0.0890625 0.053125 0.171875
0 0.453125 0.6109375 0.178125 0.178125
0 0.60625 0.125 0.190625 0.1908203125
2 0.040625 0.76953125 0.08125 0.455078125
2 0.4359375 0.3640625 0.4828125 0.4828125
2 0.1625 0.49921875 0.325 0.3734375
2 0.44375 0.828125 0.140625 0.337890625
0 0.7515625 0.76640625 0.134375 0.134375
1 0.9171875 0.35859375 0.09375 0.1669921875