3 0.02265625 0.346875 0.0453125 0.2939453125
1 0.284375 0.33359375 0.08671875 0.08671875
0 0.959375 0.128125 0.08125 0.25
1 0.2921875 0.90546875 0.1171875 0.1171875
3 0.85 0.1109375 0.190625 0.1908203125
1 0.4546875 0.35546875 0.09375 0.1669921875
2 0.4453125 0.30546875 0.146875 0.6048828125
1 0.6859375 0.7640625 0.125 0.125390625
3 0.753125 0.35859375 0.08203125 0.082421875
2 0.2078125 0.3390625 0.2234375 0.2234375
0 0.3640625 0.20859375 0.14296875 0.1431640625
2 0.6125 0.225 0.31875 0.3189453125
3 0.925 0.09453125 0.13359375 0.133984375
0 0.2125 0.2 0.1953125 0.1953125
1 0.97734375 0.63359375 0.0453125 0.1609375