1 0.921875 0.471875 0.1 0.1
3 0.215625 0.20546875 0.2 0.2
1 0.02578125 0.07421875 0.0515625 0.0828125
1 0.3734375 0.503125 0.090625 0.162109375
2 0.046875 0.62421875 0.09375 0.1265625
2 0.0890625 0.34140625 0.178125 0.2951171875
3 0.9109375 0.63515625 0.178125 0.2390625
2 0.2328125 0.3359375 0.2984375 0.298046875
2 0.3796875 0.25546875 0.33203125 0.3322265625
3 0.5296875 0.153125 0.2359375 0.2359375
2 0.7640625 0.76640625 0.134375 0.3109375
0 0.06796875 0.2046875 0.1359375 0.146875
3 0.1421875 0.76640625 0.18125 0.18125
3 0.92109375 0.36328125 0.1578125 0.1765625
0 0.3078125 0.10546875 0.16015625 0.1603515625
2 0.97109375 0.86640625 0.0578125 0.2609375
3 0.765625 0.478125 0.115625 0.1158203125
2 0.8984375 0.26640625 0.203125 0.528125
1 0.9765625 0.77109375 0.046875 0.0703125
1 0.85 0.19453125 0.134375 0.134375
1 0.6109375 0.08359375 0.12578125 0.12578125
1 0.3015625 0.33046875 0.09140625 0.0912109375
2 0.4671875 0.3359375 0.134375 0.4439453125
3 0.6140625 0.90859375 0.1375 0.1548828125
3 0.459375 0.6359375 0.14375 0.144140625