1 0.515625 0.621875 0.1046875 0.104296875
1 0.05 0.20859375 0.08671875 0.08671875
1 0.5125 0.0859375 0.0828125 0.082421875
0 0.821875 0.88046875 0.18203125 0.1822265625
3 0.896875 0.49453125 0.1125 0.205078125
2 0.3515625 0.6140625 0.1609375 0.160546875
0 0.5828125 0.196875 0.109375 0.1939453125
3 0.9578125 0.11875 0.084375 0.134375
1 0.6625 0.21640625 0.11328125 0.1130859375
2 0.190625 0.6140625 0.134375 0.290234375
3 0.5921875 0.33359375 0.15703125 0.1568359375
0 0.0671875 0.74921875 0.134375 0.1703125
3 0.90625 0.753125 0.109375 0.109765625
0 0.271875 0.3640625 0.125 0.12578125
2 0.91875 0.80234375 0.1625 0.2390625
0 0.5859375 0.625 0.1125 0.2
1 0.425 0.8859375 0.109375 0.10859375