3 0.5421875 0.346875 0.14375 0.29453125
1 0.853125 0.33359375 0.0625 0.1109375
2 0.3171875 0.3390625 0.128125 0.55
0 0.034375 0.203125 0.06875 0.228125
3 0.1609375 0.8859375 0.109375 0.221875
1 0.8609375 0.90546875 0.084375 0.15
0 0.0859375 0.34453125 0.115625 0.20546875
1 0.98828125 0.35546875 0.0234375 0.16640625
2 0.9703125 0.30546875 0.059375 0.60546875
3 0.31875 0.46953125 0.234375 0.421875
1 0.246875 0.21953125 0.0875 0.15546875
3 0.3078125 0.6359375 0.146875 0.2
1 0.1515625 0.625 0.09375 0.16640625
2 0.7765625 0.3390625 0.196875 0.25
1 0.471875 0.4890625 0.0625 0.1109375
0 0.9328125 0.20859375 0.103125 0.18359375
0 0.02265625 0.4859375 0.0453125 0.171875
0 0.78125 0.2 0.140625 0.25
0 0.1625 0.34140625 0.13125 0.23359375
1 0.2453125 0.771875 0.071875 0.128125