2 0.02734375 0.61328125 0.0546875 0.1046875
1 0.65 0.2140625 0.109375 0.108984375
1 0.3203125 0.75859375 0.11328125 0.1130859375
2 0.7125 0.70546875 0.44296875 0.4431640625
3 0.7921875 0.221875 0.10625 0.437890625
2 0.86640625 0.60859375 0.24765625 0.24765625
0 0.553125 0.88046875 0.18203125 0.182421875
1 0.98125 0.6078125 0.0375 0.065625
3 0.11640625 0.1796875 0.2328125 0.275
3 0.97265625 0.215625 0.0546875 0.09375
3 0.7953125 0.48359375 0.1609375 0.1609375
3 0.2515625 0.225 0.253125 0.25390625
1 0.4921875 0.6359375 0.1 0.1
0 0.4140625 0.46953125 0.1734375 0.1734375
1 0.2546875 0.0859375 0.1296875 0.1298828125
0 0.634375 0.7609375 0.1734375 0.1734375
3 0.559375 0.7609375 0.1765625 0.1767578125
0 0.2421875 0.3640625 0.10625 0.190234375
2 0.02890625 0.09921875 0.0578125 0.1046875
0 0.56875 0.48046875 0.10625 0.1890625
3 0.3328125 0.153125 0.246875 0.246875
3 0.0703125 0.20546875 0.140625 0.1609375
1 0.709375 0.05859375 0.0625 0.1109375