0 0.7078125 0.196875 0.13125 0.23359375
3 0.796875 0.2 0.225 0.39453125
1 0.396875 0.471875 0.071875 0.128125
2 0.7234375 0.85 0.203125 0.29453125
3 0.48125 0.6359375 0.240625 0.36640625
2 0.871875 0.2140625 0.240625 0.1890625
3 0.55 0.35546875 0.065625 0.1390625
0 0.95234375 0.6390625 0.0953125 0.171875
2 0.9375 0.6359375 0.125 0.571875
3 0.0453125 0.153125 0.090625 0.3
2 0.2390625 0.76640625 0.134375 0.3109375
3 0.40625 0.3640625 0.14375 0.2109375
2 0.48125 0.86640625 0.128125 0.2609375
3 0.240625 0.478125 0.0875 0.14453125
1 0.7125 0.35 0.0625 0.1109375
2 0.4078125 0.26640625 0.271875 0.528125
1 0.4890625 0.771875 0.06875 0.121875
1 0.325 0.19453125 0.096875 0.171875
1 0.0859375 0.08359375 0.090625 0.1609375
2 0.0046875 0.3359375 0.009375 0.44453125
2 0.9015625 0.803125 0.196875 0.3890625
3 0.0890625 0.90859375 0.1375 0.15546875