0 0.93125 0.62109375 0.1375 0.1703125
0 0.6390625 0.128125 0.140625 0.25
0 0.9453125 0.36015625 0.109375 0.1265625
3 0.5 0.1109375 0.165625 0.2158203125
1 0.1046875 0.35546875 0.13046875 0.1302734375
2 0.0953125 0.30546875 0.146875 0.6048828125
0 0.965625 0.1078125 0.06875 0.115625
1 0.3359375 0.7640625 0.125 0.125390625
3 0.403125 0.35859375 0.059375 0.1048828125
2 0.8015625 0.625 0.353125 0.3533203125
0 0.721875 0.21953125 0.15625 0.15625
0 0.046875 0.2078125 0.09375 0.125
2 0.2625 0.225 0.31875 0.3189453125
3 0.878125 0.20546875 0.071875 0.4048828125
3 0.575 0.09453125 0.084375 0.1830078125
1 0.65 0.63359375 0.090625 0.1609375
1 0.7171875 0.896875 0.1125 0.1126953125