0 0.1578125 0.871875 0.1953125 0.1953125
2 0.3234375 0.35546875 0.21953125 0.21953125
2 0.7 0.478125 0.209375 0.4439453125
2 0.92890625 0.6328125 0.1421875 0.225
3 0.05625 0.50234375 0.1125 0.1828125
2 0.95234375 0.14453125 0.0953125 0.2830078125
2 0.853125 0.775 0.16875 0.16875
1 0.7765625 0.0890625 0.134375 0.134375
2 0.715625 0.35 0.45625 0.4564453125
3 0.96171875 0.76328125 0.0765625 0.1109375
3 0.88515625 0.215625 0.2296875 0.290625
0 0.7796875 0.75859375 0.20390625 0.20390625
2 0.3859375 0.353125 0.190625 0.1908203125
1 0.1640625 0.3640625 0.1 0.1
1 0.1609375 0.225 0.06875 0.121875
1 0.2296875 0.08359375 0.0875 0.1548828125
0 0.3203125 0.76640625 0.134375 0.134375
2 0.5515625 0.475 0.425 0.4248046875