2 0.0703125 0.1109375 0.109375 0.21640625
3 0.378125 0.478125 0.1 0.178125
2 0.375 0.771875 0.103125 0.3390625
2 0.3828125 0.63359375 0.29375 0.2890625
0 0.84375 0.103125 0.1125 0.2
2 0.7828125 0.221875 0.203125 0.4390625
3 0.2265625 0.346875 0.0875 0.15
1 0.065625 0.496875 0.06875 0.121875
0 0.159375 0.3359375 0.090625 0.1609375
2 0.9453125 0.503125 0.109375 0.26640625
3 0.5421875 0.34140625 0.0875 0.15
1 0.93125 0.89140625 0.075 0.13359375
3 0.7703125 0.84140625 0.1375 0.3109375
2 0.69375 0.471875 0.3125 0.2890625
3 0.92734375 0.2109375 0.1453125 0.15
3 0.7734375 0.75546875 0.125 0.23359375
0 0.0234375 0.8890625 0.046875 0.21640625
2 0.953125 0.61640625 0.09375 0.33359375
3 0.690625 0.34453125 0.13125 0.221875
3 0.6140625 0.128125 0.128125 0.25
2 0.378125 0.85546875 0.215625 0.28359375
1 0.85 0.76953125 0.09375 0.16640625
2 0.846875 0.8390625 0.128125 0.31640625
3 0.6921875 0.15859375 0.165625 0.3109375