3 0.8953125 0.20859375 0.128125 0.216796875
1 0.9015625 0.49140625 0.09140625 0.0912109375
0 0.425 0.8859375 0.121875 0.216015625
2 0.91328125 0.22734375 0.1734375 0.2640625
2 0.425 0.496875 0.175 0.1841796875
3 0.3390625 0.49453125 0.075 0.183203125
3 0.08046875 0.8140625 0.1609375 0.366015625
1 0.809375 0.775 0.1125 0.112890625
2 0.12734375 0.76015625 0.2546875 0.2734375
1 0.9515625 0.61875 0.096875 0.115625
0 0.659375 0.3609375 0.1953125 0.1953125
3 0.50625 0.76953125 0.20546875 0.20546875
1 0.2625 0.35 0.096875 0.171875
0 0.7296875 0.503125 0.10625 0.187890625