0 0.5375 0.19140625 0.12109375 0.1212890625
2 0.1453125 0.2 0.26875 0.268359375
3 0.94140625 0.20546875 0.1171875 0.1609375
1 0.76875 0.075 0.08125 0.1439453125
0 0.5390625 0.48046875 0.128125 0.228125
2 0.771875 0.625 0.1734375 0.173828125
1 0.6921875 0.475 0.06875 0.121875
2 0.38125 0.275 0.40625 0.4064453125
2 0.8640625 0.34140625 0.24921875 0.2490234375
2 0.92421875 0.33515625 0.1515625 0.2515625
1 0.4609375 0.196875 0.1296875 0.1298828125
0 0.065625 0.1109375 0.121875 0.2158203125
0 0.85 0.20546875 0.14765625 0.14765625
3 0.91171875 0.76640625 0.16328125 0.16328125
1 0.08125 0.625 0.059375 0.105859375
3 0.225 0.9140625 0.128125 0.128125
2 0.3875 0.8859375 0.190625 0.190625
0 0.315625 0.778125 0.1390625 0.1390625
2 0.3046875 0.21953125 0.19296875 0.19296875
1 0.08125 0.2 0.0875 0.087109375
1 0.084375 0.903125 0.0875 0.1560546875
2 0.0375 0.615625 0.075 0.1