3 0.46875 0.5 0.20625 0.2064453125
0 0.4546875 0.35859375 0.15234375 0.1521484375
2 0.93828125 0.49609375 0.1234375 0.1921875
2 0.6875 0.8 0.290625 0.2908203125
2 0.8765625 0.7328125 0.246875 0.340625
0 0.1375 0.8859375 0.125 0.221875
2 0.7 0.6140625 0.271875 0.271875
2 0.225 0.203125 0.2859375 0.2859375
1 0.7640625 0.48046875 0.13046875 0.1302734375
3 0.3734375 0.33359375 0.15625 0.15
3 0.925 0.4890625 0.121875 0.1220703125
0 0.8484375 0.34453125 0.12109375 0.1212890625
0 0.221875 0.8890625 0.16875 0.1689453125
1 0.02421875 0.08515625 0.0484375 0.0671875
3 0.5296875 0.1390625 0.1828125 0.1828125
0 0.9359375 0.621875 0.1265625 0.126171875
2 0.3015625 0.503125 0.146875 0.25
0 0.965625 0.08515625 0.06875 0.1015625
1 0.8546875 0.75 0.121875 0.121484375
3 0.953125 0.48515625 0.09375 0.1078125
2 0.9265625 0.34375 0.146875 0.153125
1 0.378125 0.91640625 0.08203125 0.0822265625
3 0.9671875 0.63515625 0.065625 0.0984375