2 0.95078125 0.6140625 0.0984375 0.20546875
2 0.7484375 0.496875 0.115625 0.24453125
1 0.0484375 0.20859375 0.075 0.13359375
0 0.0125 0.61640625 0.025 0.178125
1 0.5890625 0.46953125 0.065625 0.11640625
3 0.05625 0.903125 0.034375 0.1890625
3 0.01484375 0.8859375 0.0296875 0.221875
1 0.665625 0.19140625 0.08125 0.14453125
2 0.2109375 0.48359375 0.128125 0.40546875
1 0.5875 0.35546875 0.084375 0.15
1 0.203125 0.2109375 0.078125 0.1390625
1 0.840625 0.3640625 0.078125 0.1390625
0 0.2078125 0.61640625 0.140625 0.25
2 0.95625 0.1 0.0875 0.19453125
3 0.2890625 0.88046875 0.1375 0.23359375
3 0.9734375 0.20546875 0.053125 0.1609375
0 0.8234375 0.13046875 0.14375 0.25546875
2 0.7546875 0.34453125 0.13125 0.2390625
1 0.04765625 0.0890625 0.0953125 0.171875