1 0.3 0.2140625 0.078125 0.1390625
1 0.00546875 0.75859375 0.0109375 0.14453125
2 0.3625 0.70546875 0.303125 0.58359375
3 0.4421875 0.221875 0.10625 0.4390625
2 0.5328125 0.60859375 0.3 0.228125
0 0.203125 0.88046875 0.13125 0.23359375
1 0.6765625 0.60859375 0.06875 0.121875
3 0.690625 0.21640625 0.109375 0.171875
3 0.4453125 0.48359375 0.121875 0.2
2 0.915625 0.2140625 0.1375 0.421875
1 0.1421875 0.6359375 0.071875 0.128125
0 0.0640625 0.46953125 0.125 0.221875
0 0.284375 0.7609375 0.125 0.221875
3 0.209375 0.7609375 0.1875 0.16640625
0 0.21875 0.48046875 0.10625 0.1890625
3 0.03984375 0.153125 0.0796875 0.3
1 0.359375 0.05859375 0.0625 0.1109375