1 0.103125 0.76640625 0.075 0.13359375
1 0.559375 0.35 0.059375 0.10546875
2 0.0890625 0.3390625 0.134375 0.48359375
0 0.6453125 0.471875 0.14375 0.25546875
2 0.640625 0.771875 0.146875 0.3
3 0.803125 0.7609375 0.178125 0.1
0 0.7296875 0.903125 0.096875 0.171875
0 0.253125 0.196875 0.11875 0.2109375
0 0.2609375 0.9 0.1 0.178125
2 0.09375 0.60859375 0.15625 0.19453125
0 0.6515625 0.61640625 0.1 0.178125
3 0.71875 0.503125 0.184375 0.328125
3 0.321875 0.46953125 0.215625 0.35546875
0 0.00234375 0.871875 0.0046875 0.25
3 0.325 0.153125 0.2125 0.3
0 0.4875 0.90546875 0.103125 0.18359375
3 0.0953125 0.0890625 0.075 0.171875
2 0.1796875 0.19453125 0.1 0.38359375
3 0.5609375 0.1359375 0.1625 0.26640625
3 0.97890625 0.19453125 0.0421875 0.25546875
0 0.9578125 0.9 0.084375 0.1609375
2 0.046875 0.675 0.09375 0.64453125
0 0.01171875 0.60859375 0.0234375 0.2609375