3 0.0796875 0.771875 0.13125 0.221875
3 0.6265625 0.128125 0.05 0.25
0 0.9140625 0.61015625 0.171875 0.1984375
1 0.5515625 0.628125 0.090625 0.162109375
3 0.96796875 0.75859375 0.0640625 0.1015625
1 0.0859375 0.475 0.1296875 0.1298828125
0 0.3859375 0.88046875 0.13125 0.2330078125
1 0.1625 0.4890625 0.109375 0.108984375
0 0.30625 0.78046875 0.11875 0.2109375
0 0.5375 0.13046875 0.14375 0.2548828125
3 0.91484375 0.19453125 0.1703125 0.3830078125
2 0.390625 0.64140625 0.24375 0.478125
2 0.55625 0.8390625 0.175 0.316015625
1 0.9921875 0.33046875 0.015625 0.1169921875
0 0.159375 0.6140625 0.178125 0.178125
1 0.546875 0.35859375 0.09140625 0.0912109375
1 0.3140625 0.08046875 0.08671875 0.08671875