3 0.578125 0.36640625 0.31875 0.728125
2 0.1890625 0.225 0.125 0.44453125
2 0.08671875 0.496875 0.1734375 0.328125
2 0.8109375 0.16953125 0.246875 0.33359375
2 0.43125 0.76640625 0.121875 0.3890625
3 0.3421875 0.46953125 0.25 0.33359375
0 0.05234375 0.746875 0.1046875 0.24453125
0 0.2609375 0.20546875 0.0875 0.15546875
0 0.2671875 0.3359375 0.13125 0.23359375
0 0.00390625 0.0859375 0.0078125 0.16640625
1 0.5078125 0.21640625 0.08125 0.14453125
3 0.1875 0.61953125 0.140625 0.1
3 0.03515625 0.1359375 0.0703125 0.26640625
3 0.346875 0.18046875 0.2 0.35546875
3 0.01328125 0.4859375 0.0265625 0.1390625
1 0.584375 0.475 0.06875 0.121875
2 0.6640625 0.2140625 0.14375 0.29453125
0 0.1875 0.0890625 0.096875 0.171875
2 0.2671875 0.8859375 0.125 0.2109375
2 0.97265625 0.34140625 0.0546875 0.478125