3 0.528125 0.178125 0.284375 0.284375
1 0.6078125 0.0890625 0.134375 0.134375
0 0.0796875 0.3296875 0.159375 0.178125
3 0.0859375 0.203125 0.171875 0.362109375
2 0.4515625 0.24453125 0.234375 0.4830078125
3 0.6890625 0.14453125 0.21953125 0.2197265625
1 0.02109375 0.77109375 0.0421875 0.0671875
0 0.153125 0.4859375 0.14375 0.1435546875
1 0.8421875 0.20546875 0.12109375 0.121484375
3 0.7 0.8609375 0.190625 0.190625
1 0.234375 0.75546875 0.078125 0.1390625
3 0.3890625 0.121875 0.1796875 0.180078125
0 0.690625 0.48359375 0.11875 0.2109375