1 0.1734375 0.49453125 0.09375 0.16640625
2 0.03828125 0.228125 0.0765625 0.45
1 0.859375 0.775 0.065625 0.11640625
0 0.48125 0.503125 0.103125 0.18359375
3 0.7828125 0.6390625 0.121875 0.21640625
3 0.1703125 0.08359375 0.09375 0.1609375
0 0.9875 0.3640625 0.025 0.178125
3 0.39375 0.771875 0.0375 0.16640625
2 0.321875 0.75546875 0.1 0.3609375
3 0.8640625 0.2140625 0.1875 0.35
0 0.15625 0.225 0.096875 0.171875
1 0.865625 0.61953125 0.065625 0.11640625
3 0.5609375 0.19140625 0.140625 0.25546875
1 0.02421875 0.61953125 0.0484375 0.15546875
2 0.396875 0.228125 0.140625 0.45