1 0.0046875 0.76640625 0.009375 0.1330078125
1 0.428125 0.35 0.0828125 0.0826171875
2 0.06953125 0.33828125 0.1390625 0.2546875
0 0.5140625 0.471875 0.2 0.1998046875
2 0.509375 0.771875 0.146875 0.3
3 0.671875 0.7609375 0.1390625 0.1390625
0 0.9609375 0.87109375 0.078125 0.1359375
0 0.5984375 0.903125 0.096875 0.171875
0 0.121875 0.196875 0.165625 0.165234375
0 0.1296875 0.9 0.1 0.178125
2 0.0390625 0.6078125 0.078125 0.11875
0 0.5203125 0.61640625 0.1 0.178125
3 0.5875 0.503125 0.184375 0.328125
3 0.190625 0.46953125 0.28515625 0.2853515625
3 0.19375 0.153125 0.25625 0.25625
0 0.35625 0.90546875 0.14296875 0.143359375
3 0.021875 0.08828125 0.04375 0.0859375
2 0.084375 0.19375 0.16875 0.240625
3 0.4296875 0.1359375 0.2140625 0.214453125
3 0.9015625 0.19453125 0.15 0.255078125
0 0.8296875 0.9 0.1265625 0.126171875