0 0.1046875 0.20859375 0.14296875 0.1431640625
2 0.94375 0.75 0.1125 0.1658203125
2 0.2578125 0.625 0.203125 0.203125
3 0.1703125 0.753125 0.171875 0.1720703125
3 0.1734375 0.203125 0.1234375 0.12265625
2 0.99453125 0.196875 0.0109375 0.387890625
2 0.5625 0.75859375 0.2125 0.405078125
3 0.55625 0.63046875 0.06875 0.128125
0 0.18125 0.878125 0.1859375 0.186328125
3 0.4796875 0.20859375 0.24765625 0.2474609375
1 0.328125 0.61640625 0.12578125 0.12578125
2 0.575 0.4890625 0.140625 0.2841796875
0 0.10625 0.09453125 0.14296875 0.1431640625
2 0.6390625 0.6140625 0.1875 0.1876953125
3 0.9453125 0.61953125 0.109375 0.2109375
3 0.09375 0.34453125 0.13828125 0.1380859375
1 0.25 0.075 0.1125 0.1126953125